<?xml version="1.0"?>
<opencv_storage>
<keyPoints>
  3.8357452392578125e+002 3.0111198425292969e+001
  1.1760000228881836e+001 1.9232272338867187e+002
  3.1039993286132813e+001 0 -1 4.4049865722656250e+002
  5.2523983001708984e+001 16. 2.8107025146484375e+002
  5.2333335876464844e+001 0 -1 2.7955560302734375e+002
  5.5707187652587891e+001 1.3487310409545898e+001
  7.7505905151367188e+001 4.6839553833007813e+001 0 -1
  4.3776815795898437e+002 6.8316757202148437e+001
  1.4709460258483887e+001 2.9913397216796875e+002
  5.3637977600097656e+001 0 -1 4.4165203857421875e+002
  6.8579780578613281e+001 1.2840000152587891e+001
  3.3590786743164062e+002 3.1244995117187500e+001 0 -1
  3.8415225219726562e+002 7.0595359802246094e+001
  1.2054545402526855e+001 2.0070783996582031e+002
  3.9002273559570313e+001 0 -1 2.0098399353027344e+002
  7.3472274780273438e+001 1.3699497222900391e+001
  7.3169178962707520e+000 1.2448501586914063e+002 0 -1
  3.8691043090820312e+002 7.2799293518066406e+001
  1.2794116973876953e+001 2.4003652954101562e+002
  6.8595581054687500e+001 0 -1 4.3225000000000000e+002
  7.2250000000000000e+001 18. 2.3715707397460937e+002
  4.0444335937500000e+001 0 -1 2.6421017456054687e+002
  7.5260704040527344e+001 15. 2.9372714233398438e+002
  1.4125000000000000e+002 0 -1 4.3470227050781250e+002
  7.6397041320800781e+001 1.4074401855468750e+001
  2.6714071655273437e+002 4.1809738159179688e+001 0 -1
  1.8048532104492187e+002 7.9141609191894531e+001
  1.1181818008422852e+001 3.4363598632812500e+002
  3.8306816101074219e+001 0 -1 2.0077322387695312e+002
  7.8664184570312500e+001 1.3145080566406250e+001
  1.0044374084472656e+002 1.2245254516601562e+002 0 -1
  2.3003979492187500e+002 7.9680984497070313e+001
  1.2069641113281250e+001 2.8436315917968750e+002
  4.0041961669921875e+001 0 -1 2.6395996093750000e+002
  7.9995986938476563e+001 1.3783721923828125e+001
  3.0608703613281250e+002 1.2308508300781250e+002 0 -1
  1.7419294738769531e+002 8.0859817504882813e+001
  1.2642857551574707e+001 1.8192063903808594e+002
  6.4321426391601562e+001 0 -1 2.2824169921875000e+002
  8.0474128723144531e+001 1.3588235855102539e+001
  2.4706849670410156e+002 4.0191177368164062e+001 0 -1
  1.7789923095703125e+002 8.1937980651855469e+001
  1.3022063255310059e+001 3.3960003662109375e+002
  7.9168731689453125e+001 0 -1 2.1987522888183594e+002
  8.2050422668457031e+001 1.2444222450256348e+001
  1.8188232421875000e+002 5.8133682250976563e+001 0 -1
  4.2861422729492187e+002 8.1855133056640625e+001
  1.3536584854125977e+001 1.6499986267089844e+002
  5.3344512939453125e+001 0 -1 2.3966123962402344e+002
  8.2682075500488281e+001 1.1549999237060547e+001
  1.8107309341430664e+000 3.9112495422363281e+001 0 -1
  4.3375573730468750e+002 8.3312309265136719e+001
  1.2692307472229004e+001 1.5288720703125000e+002
  3.8259613037109375e+001 0 -1 1.8634524536132812e+002
  8.4350486755371094e+001 13. 9.3463373184204102e+000
  5.2625015258789063e+001 0 -1 4.3669180297851562e+002
  8.5250328063964844e+001 1.1461538314819336e+001
  3.8402133941650391e+001 3.7157051086425781e+001 0 -1
  1.7401524353027344e+002 8.7101547241210938e+001
  1.2365853309631348e+001 1.5583729553222656e+002
  3.5076217651367188e+001 0 -1 3.8634045410156250e+002
  9.4556526184082031e+001 1.3408876419067383e+001
  3.0800076293945312e+002 3.5103965759277344e+001 0 -1
  3.8258865356445312e+002 9.8231437683105469e+001
  1.3063760757446289e+001 2.4347801208496094e+002
  4.7316223144531250e+001 0 -1 3.7500888061523437e+002
  1.0107392883300781e+002 1.3588235855102539e+001
  1.9392645263671875e+002 4.9786758422851563e+001 0 -1
  3.7786975097656250e+002 1.0091893005371094e+002
  1.1399999618530273e+001 2.0431869506835937e+002
  5.0349990844726563e+001 0 -1 3.8641427612304687e+002
  1.0146573638916016e+002 1.2218042373657227e+001
  3.4161294555664062e+002 3.0776962280273438e+001 0 -1
  3.7454455566406250e+002 1.0242655944824219e+002
  1.2346153259277344e+001 1.8602029418945312e+002
  4.1086532592773437e+001 0 -1 3.7767013549804687e+002
  1.0448302459716797e+002 1.4910839080810547e+001
  1.7483323669433594e+002 8.3689514160156250e+001 0 -1
  2.3765861511230469e+002 1.6860493469238281e+002
  1.4175783157348633e+001 2.2809999084472656e+002
  4.3286636352539063e+001 0 -1 2.3259436035156250e+002
  1.6945867919921875e+002 1.4093191146850586e+001
  2.3819335937500000e+002 4.1899459838867188e+001 0 -1
  3.8100289916992187e+002 2.8680819702148437e+002
  1.4178691864013672e+001 1.0531974792480469e+002
  4.9291458129882813e+001 0 -1 2.2765112304687500e+002
  2.9818719482421875e+002 1.2836065292358398e+001
  2.3805139160156250e+002 6.2592208862304688e+001 0 -1
  2.2952223205566406e+002 2.9769607543945313e+002
  1.2957447052001953e+001 2.8515866088867187e+002
  5.3598403930664063e+001 0 -1 4.2751959228515625e+002
  2.9868560791015625e+002 1.4561855316162109e+001
  1.0630688476562500e+002 3.9421905517578125e+001 0 -1
  3.7568435668945312e+002 2.9934967041015625e+002
  1.4700000762939453e+001 2.1960203552246094e+002
  3.5025001525878906e+001 0 -1 2.3275000000000000e+002
  3.0175000000000000e+002 18. 3.1498243331909180e+001
  9.6888671875000000e+001 0 -1 3.8035363769531250e+002
  3.1054763793945312e+002 1.4090908050537109e+001
  1.3680343627929687e+002 5.0003784179687500e+001 0 -1
  3.8197235107421875e+002 3.1063522338867187e+002
  1.3397535324096680e+001 6.3034048080444336e+000
  4.9530807495117188e+001 0 -1 3.8138723754882812e+002
  3.2153500366210937e+002 1.5442039489746094e+001
  8.7297561645507813e+001 4.7210830688476563e+001 0 -1
  2.2814624023437500e+002 7.6386688232421875e+001
  2.3399999618530273e+001 3.2561196899414063e+002
  4.9099990844726563e+001 1 -1 2.2976666259765625e+002
  7.6500000000000000e+001 24. 3.3448950195312500e+002
  5.9334960937500000e+001 1 -1 2.6421014404296875e+002
  7.5260696411132813e+001 15. 2.9372680664062500e+002
  1.3225000000000000e+002 1 -1 4.3850000000000000e+002
  7.6500000000000000e+001 24. 3.1715014648437500e+002
  5.9666667938232422e+001 1 -1 4.3568218994140625e+002
  7.7293075561523438e+001 1.7845121383666992e+001
  2.8475781250000000e+002 6.5383026123046875e+001 1 -1 174. 81. 12.
  1.8143244934082031e+002 6.5444335937500000e+001 1 -1
  2.2818771362304687e+002 8.0319038391113281e+001 15.
  2.5448277282714844e+002 3.9625000000000000e+001 1 -1
  4.2665292358398437e+002 8.0689498901367188e+001
  2.2768508911132813e+001 1.8100805664062500e+002
  7.7973831176757813e+001 1 -1 1.8807759094238281e+002
  8.4332855224609375e+001 20. 1.1964819908142090e+001
  5.3666671752929688e+001 1 -1 4.3806112670898437e+002
  8.8413322448730469e+001 2.3399999618530273e+001
  1.7275037765502930e+001 5.4049995422363281e+001 1 -1
  1.7335252380371094e+002 8.8383819580078125e+001
  1.8076923370361328e+001 1.1379468536376953e+002
  4.5003204345703125e+001 1 -1 2.2780178833007812e+002
  8.8032943725585937e+001 2.0307693481445313e+001
  7.9264144897460938e+001 4.9923080444335938e+001 1 -1
  3.8650152587890625e+002 9.3021514892578125e+001 21.
  3.0695352172851562e+002 3.2750003814697266e+001 1 -1
  3.7302429199218750e+002 9.9151412963867188e+001
  2.3896551132202148e+001 1.6466123962402344e+002
  9.6004302978515625e+001 1 -1 3.7790722656250000e+002
  1.0497806549072266e+002 1.8543640136718750e+001
  1.7532560729980469e+002 8.6409164428710938e+001 1 -1
  2.3066424560546875e+002 1.6566717529296875e+002
  2.0039028167724609e+001 3.1602301025390625e+002
  3.8206039428710938e+001 1 -1 2.3219479370117187e+002
  1.6695820617675781e+002 24. 3.3719042968750000e+002
  4.5300781250000000e+001 1 -1 3.8071945190429687e+002
  2.8157482910156250e+002 21. 1.7749725341796875e+002
  3.4875000000000000e+001 1 -1 4.2650000000000000e+002
  2.9425000000000000e+002 24. 1.1852995300292969e+002 34. 1 -1
  3.7611029052734375e+002 2.9810897827148437e+002 24.
  1.8696342468261719e+002 4.4823242187500000e+001 1 -1
  3.8454266357421875e+002 3.0360290527343750e+002
  1.7200000762939453e+001 3.3303527832031250e+002
  5.0266677856445313e+001 1 -1 3.8162579345703125e+002
