%YAML:1.0
---
recording:
   type: VideoRecording
   recordId: Action_20171124T114856
   channelId: main
   timeStamp: "131559977365050000"
   sessionTimestamp: "0"
   width: -1
   height: -1
   frameCount: 142
   fps: 2.9969999999999999e+001
   recordingType: 2000
   frameTransformRect: [ [ -1, -1 ], [ -1, -1 ], [ -1, -1 ], [ -1, -1 ] ]
   trackingMode: 1
   segments:
      - { startFrame:0, stopFrame:135, segmentType:1000, focusFrame:-1,
          focusPoint:{ values:[ -1., -1. ], type:Vector2 }, isFragment:0 }
   framesRelTs: [ "0", "210000", "540000", "1020000", "1330000",
       "1660000", "1970000", "2290000", "2610000", "2940000", "3260000",
       "3570000", "3900000", "4220000", "4530000", "5010000", "5330000",
       "5650000", "5980000", "6290000", "6610000", "6930000", "7250000",
       "7570000", "7930000", "8260000", "8540000", "8850000", "9330000",
       "9650000", "9970000", "10290000", "10610000", "10930000",
       "11260000", "11570000", "11890000", "12210000", "12530000",
       "12850000", "13330000", "13660000", "13970000", "14290000",
       "14620000", "14930000", "15250000", "15570000", "15890000",
       "16210000", "16540000", "16850000", "17200000", "17660000",
       "17970000", "18290000", "18610000", "18950000", "19250000",
       "19580000", "19890000", "20210000", "20550000", "20850000",
       "21170000", "21650000", "21990000", "22350000", "22620000",
       "22930000", "23250000", "23570000", "23890000", "24220000",
       "24530000", "24850000", "25170000", "25650000", "25970000",
       "26300000", "26620000", "26930000", "27250000", "27570000",
       "27890000", "28210000", "28530000", "28860000", "29170000",
       "29540000", "30010000", "30390000", "30610000", "30930000",
       "31270000", "31590000", "31950000", "32220000", "32540000",
       "32860000", "33170000", "33500000", "33970000", "34290000",
       "34620000", "34940000", "35250000", "35580000", "35890000",
       "36210000", "36670000", "36850000", "37180000", "37490000",
       "37810000", "38290000", "38610000", "38930000", "39250000",
       "39570000", "39900000", "40220000", "40530000", "40850000",
       "41170000", "41490000", "41830000", "42290000", "42610000",
       "42930000", "43250000", "43650000", "43890000", "44210000",
       "44540000", "44850000", "45170000", "45490000", "45810000",
       "46140000", "46620000", "46970000" ]
   chunks:
      - { path:"Recordings/Action_20171124T114856/recording.avi",
          startFrameIdx:0 }
