%YAML:1.0
---
recording:
   type: VideoRecording
   recordId: Action_20180109T155113
   channelId: main
   timeStamp: "131599866732140000"
   sessionTimestamp: "0"
   width: 0
   height: 0
   frameCount: 177
   fps: 2.9969999999999999e+001
   recordingType: 2000
   frameTransformRect: [ [ -1, -1 ], [ -1, -1 ], [ -1, -1 ], [ -1, -1 ] ]
   trackingMode: 0
   segments:
      - { startFrame:0, stopFrame:170, segmentType:1000, focusFrame:-1,
          focusPoint:{ values:[ -1., -1. ], type:Vector2 }, isFragment:0 }
   framesRelTs: [ "0", "240000", "430000", "620000", "820000", "2300000",
       "2490000", "2660000", "2850000", "3020000", "3190000", "4070000",
       "4250000", "4440000", "4620000", "4800000", "4970000", "5880000",
       "6050000", "6220000", "6400000", "6580000", "6740000", "7680000",
       "7870000", "8060000", "8240000", "8410000", "8590000", "9520000",
       "9710000", "9880000", "10070000", "10230000", "10420000",
       "11290000", "11460000", "11670000", "11850000", "12040000",
       "12200000", "13140000", "13310000", "13530000", "13710000",
       "13880000", "14040000", "14940000", "15100000", "15290000",
       "15450000", "15660000", "16010000", "16780000", "16970000",
       "17130000", "17320000", "17650000", "17970000", "18610000",
       "18760000", "18980000", "19300000", "19630000", "20380000",
       "20550000", "20700000", "20930000", "21260000", "21590000",
       "22210000", "22360000", "22580000", "22900000", "23220000",
       "24020000", "24200000", "24360000", "24550000", "24880000",
       "25210000", "25870000", "26020000", "26200000", "26530000",
       "26870000", "27670000", "27850000", "28000000", "28200000",
       "28540000", "28860000", "29500000", "29670000", "29820000",
       "30030000", "30370000", "30700000", "31300000", "31450000",
       "31680000", "32010000", "32350000", "33150000", "33330000",
       "33480000", "33670000", "33990000", "34320000", "34960000",
       "35130000", "35310000", "35630000", "35970000", "36740000",
       "36910000", "37060000", "37280000", "37620000", "37930000",
       "38580000", "38760000", "38960000", "39260000", "39590000",
       "40390000", "40560000", "40720000", "40920000", "41240000",
       "41560000", "42200000", "42360000", "42580000", "42900000",
       "43230000", "44020000", "44200000", "44350000", "44550000",
       "44890000", "45210000", "45820000", "45980000", "46190000",
       "46520000", "46840000", "47630000", "47800000", "47960000",
       "48150000", "48490000", "48810000", "49440000", "49600000",
       "49810000", "50150000", "50480000", "51230000", "51400000",
       "51560000", "51790000", "52120000", "52450000", "53080000",
       "53230000", "53420000", "53760000", "54080000", "54910000",
       "55090000", "55240000", "55420000", "55730000", "56040000",
       "56790000", "58320000" ]
   chunks:
      - { path:"Recordings/Action_20180109T155113/recording.avi",
          startFrameIdx:0 }
