<?xml version="1.0"?>
<opencv_storage>
<keyPoints>
  3.7489715576171875e+002 3.7103275299072266e+001
  1.2073170661926270e+001 2.0501591491699219e+002
  3.1003051757812500e+001 0 -1 3.7867681884765625e+002
  3.7024154663085938e+001 1.2791956901550293e+001
  2.0543533325195312e+002 5.0978576660156250e+001 0 -1
  2.9698910522460937e+002 4.0677436828613281e+001
  1.4400000572204590e+001 3.3096710205078125e+002
  5.0199996948242187e+001 0 -1 3.0025000000000000e+002
  4.3750000000000000e+001 18. 3.4751367187500000e+002
  7.4666992187500000e+001 0 -1 3.7480105590820312e+002
  4.3602210998535156e+001 1.4250000000000000e+001
  1.6245074462890625e+002 1.1618750000000000e+002 0 -1
  3.7256668090820312e+002 4.6433334350585938e+001
  1.3699999809265137e+001 1.5033885192871094e+002
  7.3408325195312500e+001 0 -1 3.3812771606445312e+002
  5.3154949188232422e+001 1.3571428298950195e+001
  9.9852790832519531e+001 5.9440475463867188e+001 0 -1
  3.6672518920898437e+002 5.9941398620605469e+001
  1.3273690223693848e+001 1.5229649353027344e+002
  4.9153518676757813e+001 0 -1 1.8746449279785156e+002
  6.2881130218505859e+001 1.4753423690795898e+001
  3.6045104980468750e+001 9.0686614990234375e+001 0 -1
  4.0647967529296875e+002 6.4790145874023438e+001
  1.3682926177978516e+001 1.0652035522460937e+002
  5.4612808227539063e+001 0 -1 4.0853485107421875e+002
  6.7117874145507813e+001 1.4076922416687012e+001
  1.0577524566650391e+002 3.6336547851562500e+001 0 -1
  2.4664587402343750e+002 7.3224418640136719e+001
  1.5075147628784180e+001 8.2875434875488281e+001
  3.5334892272949219e+001 0 -1 3.2221759033203125e+002
  8.3063850402832031e+001 1.2818181991577148e+001
  2.2112547302246094e+002 8.7511352539062500e+001 0 -1
  4.8247332763671875e+002 1.0254760742187500e+002
  1.2494802474975586e+001 2.4352304077148437e+002
  9.1281890869140625e+001 0 -1 2.8520346069335938e+002
  1.0640284729003906e+002 1.3826086044311523e+001
  2.4904379272460938e+002 7.0130432128906250e+001 0 -1
  1.8759977722167969e+002 1.0869828796386719e+002
  1.4212969779968262e+001 3.4863796997070312e+002
  1.8439965820312500e+002 0 -1 3.8026513671875000e+002
  1.1673442840576172e+002 1.5293802261352539e+001
  2.5850051879882813e+002 1.4837597656250000e+002 0 -1
  2.8457757568359375e+002 1.1865777587890625e+002
  1.4906101226806641e+001 2.2411167907714844e+002
  1.8142987060546875e+002 0 -1 3.7944479370117187e+002 123.
  1.4162790298461914e+001 2.2122496032714844e+002
  5.1793594360351562e+001 0 -1 3.8189514160156250e+002
  1.2263468933105469e+002 1.3349999427795410e+001
  2.3215924072265625e+002 8.9024993896484375e+001 0 -1
  2.8356808471679687e+002 1.2574974060058594e+002
  1.4339942932128906e+001 1.5415882873535156e+002
  9.1550872802734375e+001 0 -1 2.8855209350585937e+002
  1.2456032562255859e+002 1.4596153259277344e+001
  9.5969337463378906e+001 1.5773556518554687e+002 0 -1
  3.8056512451171875e+002 1.2663844299316406e+002
  1.2988599777221680e+001 1.8530639648437500e+002
  7.5228317260742187e+001 0 -1 4.9069024658203125e+002
  1.3919476318359375e+002 1.4600000381469727e+001
  1.8702420043945312e+002 1.0604165649414062e+002 0 -1
  3.8116345214843750e+002 141. 1.5923077583312988e+001
  2.1102149963378906e+002 4.4557693481445313e+001 0 -1
  4.8592599487304687e+002 1.3970036315917969e+002
  1.1511627197265625e+001 1.8259957885742187e+002
  3.2142440795898438e+001 0 -1 3.8341281127929687e+002
  1.4235783386230469e+002 1.4142857551574707e+001
  2.2224078369140625e+002 4.7678573608398437e+001 0 -1
  4.9156628417968750e+002 1.4171293640136719e+002
  1.2837310791015625e+001 1.8427897644042969e+002
  5.9874084472656250e+001 0 -1 2.8407760620117187e+002
  1.4429443359375000e+002 1.3888889312744141e+001
  1.5883758544921875e+002 3.7337959289550781e+001 0 -1
  4.9474652099609375e+002 1.4414859008789063e+002
  1.2509433746337891e+001 1.8041290283203125e+002
  5.4191024780273437e+001 0 -1 1.8455867004394531e+002
  1.4545530700683594e+002 1.3002071380615234e+001
  5.2311654090881348e+000 1.4031411743164062e+002 0 -1
  4.9580969238281250e+002 1.4772463989257812e+002
  1.3335781097412109e+001 1.7378184509277344e+002
  4.0754470825195312e+001 0 -1 4.9556912231445312e+002
  1.5169859313964844e+002 1.2476560592651367e+001
  1.6632540893554687e+002 5.9341461181640625e+001 0 -1
  4.9678564453125000e+002 1.5561068725585937e+002
  1.3434782981872559e+001 1.5894070434570312e+002
  1.0163046264648437e+002 0 -1 4.9531918334960937e+002
  1.5862203979492187e+002 1.1547945022583008e+001
  1.5517964172363281e+002 8.9207199096679688e+001 0 -1
  4.9539538574218750e+002 1.6216180419921875e+002
  1.5883140563964844e+001 1.5083703613281250e+002
  9.8188568115234375e+001 0 -1 3.8275000000000000e+002
  1.8175000000000000e+002 18. 2.2414382934570312e+002
  5.6111328125000000e+001 0 -1 3.8560607910156250e+002
  1.8301635742187500e+002 1.3874139785766602e+001
  2.3168400573730469e+002 5.4489044189453125e+001 0 -1
  1.8117021179199219e+002 1.8381167602539062e+002
  1.2965223312377930e+001 3.5638586425781250e+002
  1.1937057495117187e+002 0 -1 4.9684423828125000e+002
  1.8768624877929687e+002 1.5730502128601074e+001
  1.9958261108398437e+002 3.8553268432617188e+001 0 -1
  3.8384082031250000e+002 1.9947874450683594e+002
  1.5385583877563477e+001 2.1234648132324219e+002
  1.0562890625000000e+002 0 -1 2.8369235229492187e+002
  2.0045901489257812e+002 1.4643673896789551e+001
  2.2084530639648437e+002 1.7028717041015625e+002 0 -1
  3.8189743041992187e+002 2.0952430725097656e+002
  1.4571428298950195e+001 1.3983100891113281e+002
  4.7571426391601563e+001 0 -1 1.5741299438476562e+002
  2.1513517761230469e+002 1.2904217720031738e+001
  2.3425350189208984e+001 1.0568331909179687e+002 0 -1
  1.6117631530761719e+002 2.1576263427734375e+002
  1.3774192810058594e+001 2.3096111297607422e+001
  1.1906585693359375e+002 0 -1 4.0554644775390625e+002
  2.2133676147460937e+002 1.4803850173950195e+001
  4.7710033416748047e+001 5.9607818603515625e+001 0 -1
  3.4752984619140625e+002 2.2246716308593750e+002
  1.3751758575439453e+001 1.7050325012207031e+002
  3.8726905822753906e+001 0 -1 1.7784988403320312e+002
  2.2474072265625000e+002 1.3193548202514648e+001
  5.9700458526611328e+001 1.1484005737304687e+002 0 -1
  2.6388433837890625e+002 2.2649296569824219e+002
  1.5754397392272949e+001 3.0560125732421875e+002
  4.4695442199707031e+001 0 -1 3.2105322265625000e+002
  2.2640078735351562e+002 18. 1.7015946960449219e+002 42. 0 -1
  4.2298141479492187e+002 2.2776339721679687e+002
  1.3965517044067383e+001 1.0279109954833984e+002
  3.4556030273437500e+001 0 -1 3.3183068847656250e+002
  2.2935643005371094e+002 1.2398572921752930e+001
  8.2854034423828125e+001 5.7120132446289063e+001 0 -1
  3.3727493286132813e+002 2.2910343933105469e+002
  1.0979063034057617e+001 1.1114636993408203e+002
  5.5614448547363281e+001 0 -1 4.2642260742187500e+002
  2.2840731811523437e+002 1.5974914550781250e+001
  1.2658705139160156e+002 4.5851913452148438e+001 0 -1
  2.4789759826660156e+002 2.3021974182128906e+002
  1.4213113784790039e+001 1.4674879455566406e+002
  7.8149566650390625e+001 0 -1 3.2719021606445312e+002
  2.2996795654296875e+002 1.3406250000000000e+001
  7.5374008178710938e+001 5.5757812500000000e+001 0 -1
  3.4167602539062500e+002 2.3010676574707031e+002
  1.2486486434936523e+001 1.3780299377441406e+002
  6.1243255615234375e+001 0 -1 4.1277551269531250e+002
  2.2927380371093750e+002 1.2673469543457031e+001
  3.7750862121582031e+001 3.3308670043945313e+001 0 -1
  2.4258186340332031e+002 2.3108662414550781e+002
  1.5242633819580078e+001 1.5280802917480469e+002
  5.5614440917968750e+001 0 -1 2.5053555297851563e+002
  2.3132809448242187e+002 1.1861538887023926e+001
  1.1763145446777344e+002 5.8017318725585938e+001 0 -1
  2.5156071472167969e+002 2.3121105957031250e+002 13.
  1.2472170257568359e+002 4.6791656494140625e+001 0 -1
  2.5696337890625000e+002 2.3093215942382812e+002
  1.1960000038146973e+001 1.0809039306640625e+002
  5.0001663208007813e+001 0 -1 2.5503688049316406e+002
