%YAML:1.0
---
recording:
   type: VideoRecording
   recordId: Action_20180109T151730
   channelId: main
   timeStamp: "131599846506340000"
   sessionTimestamp: "0"
   width: 0
   height: 0
   frameCount: 144
   fps: 2.9969999999999999e+001
   recordingType: 2000
   frameTransformRect: [ [ -1, -1 ], [ -1, -1 ], [ -1, -1 ], [ -1, -1 ] ]
   trackingMode: 0
   segments:
      - { startFrame:0, stopFrame:137, segmentType:1000, focusFrame:-1,
          focusPoint:{ values:[ -1., -1. ], type:Vector2 }, isFragment:0 }
   framesRelTs: [ "0", "230000", "470000", "700000", "1030000",
       "1880000", "2050000", "2210000", "2400000", "2680000", "2990000",
       "3330000", "3650000", "3980000", "4300000", "4720000", "4970000",
       "5290000", "5620000", "5940000", "6270000", "6600000", "6940000",
       "7260000", "7600000", "7920000", "8260000", "8570000", "8910000",
       "9250000", "9560000", "9890000", "10270000", "10560000",
       "10880000", "11210000", "11640000", "11870000", "12190000",
       "12520000", "12850000", "13180000", "13500000", "13830000",
       "14160000", "14490000", "14820000", "15150000", "15490000",
       "15810000", "16130000", "16460000", "16790000", "17190000",
       "17450000", "17790000", "18110000", "18580000", "18790000",
       "19090000", "19420000", "19760000", "20080000", "20420000",
       "20740000", "21060000", "21420000", "21720000", "22050000",
       "22370000", "22830000", "23040000", "23360000", "23700000",
       "24020000", "24350000", "24680000", "25010000", "25330000",
       "25670000", "26000000", "26330000", "26650000", "27020000",
       "27310000", "27640000", "27960000", "28420000", "28640000",
       "28960000", "29290000", "29610000", "29940000", "30270000",
       "30620000", "30930000", "31260000", "31580000", "31920000",
       "32240000", "32590000", "32900000", "33230000", "33560000",
       "33990000", "34220000", "34540000", "34880000", "35190000",
       "35530000", "35850000", "36180000", "36510000", "36850000",
       "37180000", "37500000", "37840000", "38200000", "38490000",
       "38820000", "39160000", "39600000", "39820000", "40140000",
       "40470000", "40810000", "41130000", "41320000", "41620000",
       "41960000", "42370000", "42620000", "42940000", "43270000",
       "43740000", "44110000", "44280000", "44580000", "44910000",
       "45230000", "45730000", "45910000", "46510000", "47140000" ]
   chunks:
      - { path:"Recordings/Action_20180109T151730/recording.avi",
          startFrameIdx:0 }
