<?xml version="1.0"?>
<opencv_storage>
<keyPoints>
  2.2054196166992187e+002 2.9904224395751953e+001
  1.3325582504272461e+001 8.5152809143066406e+001
  4.8049407958984375e+001 0 -1 2.6840960693359375e+002
  3.0427455902099609e+001 1.4235635757446289e+001
  8.8747398376464844e+001 7.0035842895507812e+001 0 -1
  3.8893942260742188e+002 3.0041610717773438e+001
  1.1250000000000000e+001 1.9611459350585937e+002
  3.1375000000000000e+001 0 -1 2.6551666259765625e+002
  3.0391036987304687e+001 1.5630693435668945e+001
  9.0103858947753906e+001 7.6264892578125000e+001 0 -1
  2.7961398315429687e+002 5.1334259033203125e+001
  1.6197076797485352e+001 2.9719595336914063e+002
  1.2986117553710937e+002 0 -1 2.7959387207031250e+002
  5.5766048431396484e+001 1.3428541183471680e+001
  7.7828369140625000e+001 4.4971786499023438e+001 0 -1
  4.3082937622070312e+002 6.8495147705078125e+001
  1.5532695770263672e+001 2.1690435791015625e+002
  8.3367935180664062e+001 0 -1 4.4165365600585937e+002
  6.8760284423828125e+001 1.6066368103027344e+001
  2.8903421401977539e+001 5.5630020141601562e+001 0 -1
  4.4549264526367188e+002 6.8816360473632813e+001
  1.4172412872314453e+001 2.4439811706542969e+001
  3.5900856018066406e+001 0 -1 2.0511077880859375e+002
  7.4055114746093750e+001 1.3373311996459961e+001
  7.7204245328903198e-001 1.2780310058593750e+002 0 -1
  2.6850946044921875e+002 7.5339813232421875e+001
  1.3577333450317383e+001 2.8834475708007812e+002
  1.3173455810546875e+002 0 -1 2.0496853637695312e+002
  7.8562103271484375e+001 1.2847898483276367e+001
  4.2575328826904297e+001 1.1618014526367187e+002 0 -1
  2.6796609497070312e+002 7.9792770385742188e+001
  1.3209677696228027e+001 2.9431793212890625e+002
  1.2752017211914062e+002 0 -1 4.3137188720703125e+002
  8.3650177001953125e+001 1.4094340324401855e+001
  8.5738090515136719e+001 6.2228759765625000e+001 0 -1
  2.3641455078125000e+002 1.0112934112548828e+002
  1.3633390426635742e+001 6.2172924041748047e+001
  3.5782287597656250e+001 0 -1 3.7954852294921875e+002
  1.0557739257812500e+002 1.4017070770263672e+001
  2.9099664306640625e+002 3.6864730834960938e+001 0 -1
  2.3464199829101562e+002 1.6649223327636719e+002
  1.2711816787719727e+001 2.1321740722656250e+002
  3.4458595275878906e+001 0 -1 2.4280677795410156e+002
  1.6786943054199219e+002 1.3766309738159180e+001
  3.4139175415039062e+002 3.5145484924316406e+001 0 -1
  3.7844973754882812e+002 1.7152574157714844e+002
  1.4549095153808594e+001 2.1601530456542969e+002
  4.1839691162109375e+001 0 -1 1.5939659118652344e+002
  1.7639099121093750e+002 1.4911764144897461e+001
  2.8458737182617187e+002 9.4007354736328125e+001 0 -1
  1.5825593566894531e+002 1.7927711486816406e+002
  1.1776859283447266e+001 2.0746723937988281e+002
  8.9083679199218750e+001 0 -1 3.7681567382812500e+002
  2.3774942016601562e+002 1.3960433959960937e+001
  6.5733329772949219e+001 3.3630081176757813e+001 0 -1
  4.7837100219726562e+002 2.5748672485351562e+002
  1.4809864044189453e+001 3.3916299438476562e+002
  8.9243759155273438e+001 0 -1 4.7171551513671875e+002
  2.5896673583984375e+002 1.2857133865356445e+001
  1.9455444335937500e+002 3.5444427490234375e+001 0 -1
  4.7624810791015625e+002 2.6185064697265625e+002
  1.3108892440795898e+001 4.5224979400634766e+001
  3.4786872863769531e+001 0 -1 3.7480581665039062e+002
  3.0362823486328125e+002 1.4419355392456055e+001
  1.9207131958007813e+002 3.2520156860351562e+001 0 -1
  3.9625000000000000e+002 5.3037605285644531e+001
  2.0126178741455078e+001 3.7763362884521484e+001
  1.3664614868164062e+002 1 -1 3.4272967529296875e+002
  8.1692070007324219e+001 1.6609756469726563e+001
  1.5881277465820312e+002 1.6910061645507812e+002 1 -1
  1.5546830749511719e+002 1.7854881286621094e+002
  2.0195716857910156e+001 1.6815809631347656e+002
  1.2499627685546875e+002 1 -1 4.7781628417968750e+002
  2.5706607055664062e+002 2.0281942367553711e+001
  3.3468206787109375e+002 9.5543472290039063e+001 1 -1
  4.7018609619140625e+002 2.5844000244140625e+002
  1.7613893508911133e+001 2.0896199035644531e+002
  3.1069702148437500e+001 1 -1 4.6984918212890625e+002
  2.6573733520507813e+002 1.8462577819824219e+001
  1.2063764190673828e+002 7.5025741577148438e+001 1 -1
  3.7514916992187500e+002 3.0295074462890625e+002
  1.6306180953979492e+001 1.1276938629150391e+002
  3.1216545104980469e+001 1 -1 2.8129238891601562e+002
  5.0140407562255859e+001 2.1532005310058594e+001
  2.9805273437500000e+002 1.5743858337402344e+002 2 -1
  3.9747286987304687e+002 5.2840686798095703e+001
  2.4344074249267578e+001 3.7768512725830078e+001
  1.6026063537597656e+002 2 -1 4.4347421264648437e+002
  5.3451805114746094e+001 2.5362710952758789e+001
  2.8478289794921875e+002 6.8585090637207031e+001 2 -1
  2.2932839965820312e+002 5.7316875457763672e+001
  2.9813581466674805e+001 3.2605474853515625e+002
  7.3553245544433594e+001 2 -1 2.0339256286621094e+002
  5.7608318328857422e+001 2.9187301635742187e+001
  2.9533673095703125e+002 7.0138694763183594e+001 2 -1
  4.3014828491210937e+002 6.9415176391601563e+001
  2.6819190979003906e+001 2.2613551330566406e+002
  9.2742820739746094e+001 2 -1 4.4337811279296875e+002
  6.7554870605468750e+001 2.7681838989257812e+001
  3.3317260742187500e+002 6.6786842346191406e+001 2 -1
  2.0546661376953125e+002 7.5033439636230469e+001
  1.9408636093139648e+001 6.1619964599609375e+001
  9.6161048889160156e+001 2 -1 2.6848309326171875e+002
  7.6853424072265625e+001 2.6454545974731445e+001
  3.1981726074218750e+002 1.3084092712402344e+002 2 -1
  3.4503619384765625e+002 8.0824035644531250e+001
  2.9436019897460937e+001 1.5447061157226562e+002
  2.0363032531738281e+002 2 -1 2.3647854614257812e+002
  1.0012946319580078e+002 2.2636363983154297e+001
  5.2711849212646484e+001 3.6189392089843750e+001 2 -1
  3.7965301513671875e+002 1.0380664825439453e+002
  2.2483892440795898e+001 3.2871334838867187e+002
  3.4152912139892578e+001 2 -1 2.4200573730468750e+002
  1.6839059448242187e+002 2.5500000000000000e+001
  1.4281239509582520e+001 3.8333332061767578e+001 2 -1
  1.5665504455566406e+002 1.7834495544433594e+002
  2.7721168518066406e+001 1.2717764282226562e+002
  1.5890502929687500e+002 2 -1 1.6019009399414062e+002
  1.8166598510742187e+002 2.7685714721679688e+001
  9.3633270263671875e+001 2.0580468750000000e+002 2 -1
  4.7666836547851562e+002 2.5705187988281250e+002
  2.6689498901367188e+001 3.5470312500000000e+002
  1.0675925445556641e+002 2 -1 4.7054345703125000e+002
  2.6595413208007812e+002 1.9723634719848633e+001
  1.1023045349121094e+002 7.1193969726562500e+001 2 -1
  4.4380496215820313e+002 5.2500000000000000e+001 24.
  2.8145666503906250e+002 6.7447601318359375e+001 3 -1
  2.0264474487304687e+002 5.7721649169921875e+001
  3.4674873352050781e+001 4.3813537597656250e+001
  6.7477218627929688e+001 3 -1 2.2842425537109375e+002
  5.7640853881835937e+001 3.3488395690917969e+001
  1.9749046325683594e+001 7.0767822265625000e+001 3 -1
  4.2956686401367187e+002 7.1559478759765625e+001
  3.6125915527343750e+001 3.9663402557373047e+001
  8.6001121520996094e+001 3 -1 4.2988143920898437e+002
  8.1012008666992188e+001 35. 8.1931655883789063e+001
  8.7041664123535156e+001 3 -1 3.7859786987304687e+002
  1.6966781616210937e+002 4.3800003051757813e+001
  3.3448123168945312e+002 3.1408334732055664e+001 4 -1
  4.7547732543945312e+002 2.5807202148437500e+002
  4.3945945739746094e+001 1.3387269592285156e+002
  9.4407653808593750e+001 4 -1</keyPoints>
