<?xml version="1.0"?>
<opencv_storage>
<keyPoints>
  2.7166769409179687e+002 2.5483240127563477e+001
  1.5355352401733398e+001 8.9648910522460938e+001
  3.5152763366699219e+001 0 -1 3.1064248657226562e+002
  2.6307945251464844e+001 1.2183673858642578e+001
  8.5924461364746094e+001 5.3022964477539062e+001 0 -1
  3.1555233764648437e+002 2.6897872924804687e+001
  1.2771683692932129e+001 8.3748344421386719e+001
  3.8235519409179688e+001 0 -1 4.1153668212890625e+002
  2.7046655654907227e+001 1.2368421554565430e+001
  8.7188369750976563e+001 5.5107467651367188e+001 0 -1
  2.6725082397460937e+002 2.7929431915283203e+001
  1.3674926757812500e+001 8.8987388610839844e+001
  6.6450347900390625e+001 0 -1 3.9157000732421875e+002
  2.7811058044433594e+001 1.3615385055541992e+001
  9.4793052673339844e+001 5.9884613037109375e+001 0 -1
  2.2581893920898437e+002 2.9569749832153320e+001
  1.2746355056762695e+001 9.4582954406738281e+001
  3.9867767333984375e+001 0 -1 2.5959133911132812e+002
  2.9953374862670898e+001 1.1588234901428223e+001
  8.6060195922851563e+001 3.5120101928710938e+001 0 -1
  2.7553457641601562e+002 2.9781467437744141e+001
  1.3779542922973633e+001 9.3130493164062500e+001
  3.5838844299316406e+001 0 -1 4.1402825927734375e+002
  2.9997352600097656e+001 1.1210526466369629e+001
  7.9907028198242188e+001 3.2328948974609375e+001 0 -1
  3.7461828613281250e+002 4.2333900451660156e+001
  1.4433961868286133e+001 2.0627153015136719e+002
  6.1360855102539062e+001 0 -1 3.9850079345703125e+002
  4.6166255950927734e+001 1.4951219558715820e+001
  3.3327835083007812e+002 1.6287908935546875e+002 0 -1
  2.8344671630859375e+002 4.9958580017089844e+001
  1.4189188957214355e+001 2.3229860305786133e+001
  4.3462844848632813e+001 0 -1 2.3038162231445312e+002
  5.4800685882568359e+001 15. 1.1824969291687012e+001
  5.4625000000000000e+001 0 -1 2.5093869018554687e+002
  8.0975532531738281e+001 1.3500000000000000e+001
  3.3832080078125000e+002 3.2750000000000000e+001 0 -1
  3.1151351928710937e+002 8.5262084960937500e+001
  1.4984035491943359e+001 2.9079571533203125e+002
  6.2842453002929688e+001 0 -1 4.0184527587890625e+002
  8.5986930847167969e+001 1.3153846740722656e+001
  1.2103538513183594e+001 3.6721145629882812e+001 0 -1
  2.1576632690429687e+002 1.0169622802734375e+002
  1.3352940559387207e+001 2.7488769531250000e+002
  5.0296569824218750e+001 0 -1 3.9481542968750000e+002
  1.0317885589599609e+002 1.1850072860717773e+001
  2.5535946655273437e+002 3.2022262573242187e+001 0 -1
  4.2250106811523438e+002 1.0352436065673828e+002
  1.3571428298950195e+001 2.9879122924804687e+002
  4.7440475463867188e+001 0 -1 2.1140951538085937e+002
  1.0574379730224609e+002 1.2657499313354492e+001
  2.6382067871093750e+002 3.5470138549804688e+001 0 -1
  2.4703337097167969e+002 1.1206602478027344e+002
  1.3760528564453125e+001 2.9440954589843750e+002
  4.7681945800781250e+001 0 -1 368. 115. 1.5162162780761719e+001
  2.8837756347656250e+002 5.4138519287109375e+001 0 -1
  2.4635012817382812e+002 1.1761103820800781e+002
  1.6146955490112305e+001 3.0461495971679687e+002
  4.8414031982421875e+001 0 -1 4.7289791870117187e+002
  1.2588228607177734e+002 1.3105262756347656e+001
  2.5028652954101562e+002 3.0644729614257813e+001 0 -1
  2.4641236877441406e+002 1.6974163818359375e+002
  1.7010816574096680e+001 4.9033580780029297e+001
  4.8052169799804687e+001 0 -1 4.9103884887695312e+002
  1.6979472351074219e+002 1.0885714530944824e+001
  7.5974342346191406e+001 3.9603569030761719e+001 0 -1
  4.7370092773437500e+002 2.0989079284667969e+002
  1.2183673858642578e+001 2.5266294860839844e+002
  5.6022964477539063e+001 0 -1 3.6859747314453125e+002
  2.2757283020019531e+002 1.4437500000000000e+001
  2.9135787963867187e+002 4.1640625000000000e+001 0 -1 368.
  2.5675000000000000e+002 18. 3.0990570068359375e+002 103. 0 -1
  2.4688879394531250e+002 2.8252841186523437e+002
  1.3559999465942383e+001 3.1044082641601562e+002
  3.1845001220703125e+001 0 -1 2.4076112365722656e+002
  2.8489984130859375e+002 1.2272727012634277e+001
  1.9826017761230469e+002 4.7034088134765625e+001 0 -1
  2.4553768920898437e+002 2.8591821289062500e+002
  1.6338142395019531e+001 3.0050866699218750e+002
  6.0556655883789063e+001 0 -1 2.9071926879882812e+002
  3.1985415649414062e+002 1.1896552085876465e+001
  3.2868328857421875e+002 3.9004310607910156e+001 0 -1
  3.1656570434570312e+002 3.1989727783203125e+002
  1.1842104911804199e+001 5.9687771797180176e+000
  3.2006580352783203e+001 0 -1 2.9260430908203125e+002
  3.2184988403320312e+002 1.1745784759521484e+001
  3.6086070537567139e+000 6.0035301208496094e+001 0 -1
  3.1810244750976562e+002 3.2176690673828125e+002
  1.2615484237670898e+001 2.7928367614746094e+001
  8.1366714477539063e+001 0 -1 3.9729873657226562e+002
  4.6199863433837891e+001 2.1733661651611328e+001
  8.1104362487792969e+001 2.1469201660156250e+002 1 -1
  2.7570913696289062e+002 4.9035430908203125e+001
  1.9234989166259766e+001 1.5378100585937500e+002
  6.9288040161132813e+001 1 -1 3.1128298950195312e+002
  8.5071517944335938e+001 1.7362205505371094e+001
  2.7562600708007813e+002 6.4647933959960938e+001 1 -1
  2.1940292358398437e+002 1.0650000000000000e+002 24.
  3.1042553710937500e+002 8.4552734375000000e+001 1 -1
  4.2054962158203125e+002 1.0651976013183594e+002
  2.3525865554809570e+001 3.2357458496093750e+002
  8.2049148559570313e+001 1 -1 2.9342440795898438e+002
  1.0811431884765625e+002 24. 2.2337521362304688e+002
  1.2211132812500000e+002 1 -1 3.0161599731445312e+002
  1.0932260131835937e+002 2.0513513565063477e+001
  2.5801473999023437e+002 6.4246612548828125e+001 1 -1
  3.0930853271484375e+002 1.0954714202880859e+002
  1.8264467239379883e+001 2.8817962646484375e+002
  5.9042877197265625e+001 1 -1 4.7087860107421875e+002
  1.2577020263671875e+002 2.0441076278686523e+001
  2.2505705261230469e+002 3.2810531616210938e+001 1 -1
  2.4447155761718750e+002 1.4250000000000000e+002 24.
  7.0186119079589844e+000 1.8289355468750000e+002 1 -1
  2.4566026306152344e+002 1.7083840942382812e+002
  1.9671531677246094e+001 6.2716629028320313e+001
  6.1604324340820312e+001 1 -1 2.4588960266113281e+002
  2.2850140380859375e+002 21. 2.9731365966796875e+002
  6.5125000000000000e+001 1 -1 4.6010357666015625e+002
  2.8320315551757812e+002 2.0585454940795898e+001
  1.9406234741210937e+002 3.0299196243286133e+001 1 -1
  3.6700302124023437e+002 2.8579116821289062e+002
  2.1631578445434570e+001 4.6342491149902344e+001
  8.1480255126953125e+001 1 -1 3.7451446533203125e+002
  4.1956642150878906e+001 2.1138584136962891e+001
  1.1600966644287109e+002 6.1927959442138672e+001 2 -1
  2.7947503662109375e+002 4.5673774719238281e+001
  2.8288108825683594e+001 8.6589179992675781e+001
  2.0849812316894531e+002 2 -1 2.4519418334960937e+002
  8.3165252685546875e+001 2.7022678375244141e+001
  3.5817181396484375e+002 1.9215885925292969e+002 2 -1
  3.9605496215820312e+002 8.3941711425781250e+001
  2.6111564636230469e+001 2.5908767700195312e+002
  1.9909196472167969e+002 2 -1 3.1135476684570312e+002
  8.5964294433593750e+001 18. 2.7607928466796875e+002
  6.3687500000000000e+001 2 -1 3.9524386596679688e+002
  8.5252937316894531e+001 2.9960865020751953e+001
  2.5480899047851562e+002 2.0902558898925781e+002 2 -1
  2.0727575683593750e+002 1.0818943786621094e+002
  2.8500000000000000e+001 2.4313113403320312e+002
  5.6375000000000000e+001 2 -1 2.1996516418457031e+002
  1.0817764282226562e+002 3.4974555969238281e+001
  3.0778683471679687e+002 9.2063407897949219e+001 2 -1
  3.1955493164062500e+002 1.0786800384521484e+002
  3.0931034088134766e+001 3.2515246582031250e+002
  9.2449707031250000e+001 2 -1 1.9226559448242187e+002
  1.0931405639648437e+002 2.7516544342041016e+001
  1.9123423767089844e+002 9.4026397705078125e+001 2 -1
  4.0510308837890625e+002 1.1014911651611328e+002
  2.7705883026123047e+001 2.7866775512695312e+002
  6.4242652893066406e+001 2 -1 4.0939169311523437e+002
  1.0934211730957031e+002 3.2900970458984375e+001
