%YAML:1.0
---
recording:
   type: VideoRecording
   recordId: Action_20171122T105456
   channelId: main
   timeStamp: "131558216975740000"
   sessionTimestamp: "0"
   width: -1
   height: -1
   frameCount: 108
   fps: 2.9969999999999999e+001
   recordingType: 2000
   frameTransformRect: [ [ -1, -1 ], [ -1, -1 ], [ -1, -1 ], [ -1, -1 ] ]
   trackingMode: 1
   segments:
      - { startFrame:47, stopFrame:88, segmentType:2000, focusFrame:-1,
          focusPoint:{ values:[ -1., -1. ], type:Vector2 }, isFragment:0 }
      - { startFrame:0, stopFrame:101, segmentType:1000, focusFrame:-1,
          focusPoint:{ values:[ -1., -1. ], type:Vector2 }, isFragment:0 }
   framesRelTs: [ "0", "2290000", "2820000", "3630000", "4040000",
       "5100000", "5880000", "6390000", "6820000", "7430000", "7970000",
       "8570000", "9060000", "9510000", "9960000", "10400000",
       "10880000", "11340000", "11830000", "12330000", "12680000",
       "13280000", "13710000", "14270000", "14650000", "15370000",
       "15780000", "16420000", "16950000", "17610000", "18010000",
       "18680000", "19140000", "19710000", "20300000", "21310000",
       "21840000", "22300000", "22790000", "23330000", "23930000",
       "24570000", "25170000", "25760000", "26360000", "27010000",
       "27490000", "28120000", "28670000", "29210000", "32340000",
       "32930000", "33470000", "34010000", "34630000", "35140000",
       "35700000", "36180000", "36670000", "37230000", "37790000",
       "38180000", "38650000", "39100000", "39760000", "40280000",
       "40890000", "41490000", "42080000", "42670000", "43380000",
       "43950000", "44440000", "45010000", "45630000", "46170000",
       "46720000", "47250000", "47730000", "48320000", "48850000",
       "49330000", "49870000", "50340000", "50870000", "51410000",
       "52040000", "52680000", "53400000", "54160000", "54800000",
       "55430000", "56060000", "56640000", "57310000", "57710000",
       "58330000", "58910000", "59550000", "60100000", "60580000",
       "61080000", "61620000", "62170000", "62730000", "63280000",
       "63770000", "64580000" ]
   chunks:
      - { path:"Recordings/Action_20171122T105456/recording.avi",
          startFrameIdx:0 }
