<?xml version="1.0"?>
<opencv_storage>
<keyPoints>
  2.8144485473632812e+002 4.6562770843505859e+001
  1.5568420410156250e+001 3.0195788574218750e+002
  1.5280130004882812e+002 0 -1 3.9863549804687500e+002
  4.6925968170166016e+001 1.4199998855590820e+001
  3.0563293457031250e+002 1.3205834960937500e+002 0 -1
  2.7925201416015625e+002 5.2557502746582031e+001
  1.4319961547851563e+001 7.5349708557128906e+001
  4.8080703735351563e+001 0 -1 3.9739590454101562e+002
  8.2646476745605469e+001 1.6040000915527344e+001
  5.3988595008850098e+000 1.2100167846679687e+002 0 -1
  1.8896797180175781e+002 1.0220149993896484e+002
  1.5523158073425293e+001 2.6084841918945312e+002
  3.7805725097656250e+001 0 -1 2.9355474853515625e+002
  1.0654154968261719e+002 1.4184780120849609e+001
  2.4272613525390625e+002 3.7107208251953125e+001 0 -1
  1.9205007934570312e+002 1.0730050659179687e+002
  1.4428570747375488e+001 2.5113803100585937e+002
  5.1440475463867188e+001 0 -1 4.0682818603515625e+002
  1.0728983306884766e+002 1.3415094375610352e+001
  2.7203961181640625e+002 5.9474044799804688e+001 0 -1
  4.0509066772460937e+002 1.0742773437500000e+002
  1.4895192146301270e+001 2.6660366821289062e+002
  5.5621047973632813e+001 0 -1 2.4787681579589844e+002
  1.1865841674804687e+002 1.6993850708007813e+001
  3.2227215576171875e+002 3.6719482421875000e+001 0 -1
  2.4949884033203125e+002 1.1833628845214844e+002
  1.4142857551574707e+001 3.4736767578125000e+002
  3.2339286804199219e+001 0 -1 3.2143927001953125e+002
  1.2345108032226562e+002 1.6568265914916992e+001
  2.3788848876953125e+001 6.5502120971679688e+001 0 -1
  2.4841044616699219e+002 1.7532077026367187e+002
  1.4302325248718262e+001 8.8062973022460937e+000
  5.3165695190429688e+001 0 -1 4.9782241821289062e+002
  1.7920542907714844e+002 1.3258064270019531e+001
  1.9650350952148437e+002 6.7362899780273437e+001 0 -1
  3.6357086181640625e+002 2.3249829101562500e+002
  1.4428570747375488e+001 2.1266313171386719e+002
  3.3720237731933594e+001 0 -1 3.6413272094726562e+002
  2.8939718627929687e+002 1.5656247138977051e+001
  1.1335041046142578e+002 6.3200256347656250e+001 0 -1
  2.9017663574218750e+002 3.1720501708984375e+002
  1.4181818008422852e+001 1.9508374023437500e+002
  3.3454551696777344e+001 0 -1 3.1559140014648437e+002
  3.1746707153320312e+002 1.3403509140014648e+001
  2.0967019653320312e+002 3.6408447265625000e+001 0 -1
  3.2066076660156250e+002 3.1804046630859375e+002
  1.3695652008056641e+001 3.4725189208984375e+002
  3.4918479919433594e+001 0 -1 319. 3.2066665649414062e+002 17.
  5.8914855957031250e+001 3.1041666030883789e+001 0 -1
  2.9122192382812500e+002 3.2172790527343750e+002
  1.4647058486938477e+001 7.9598426818847656e+001
  6.6308822631835938e+001 0 -1 2.9305352783203125e+002
  3.2212457275390625e+002 1.3781250000000000e+001
  6.5605056762695313e+001 8.3820312500000000e+001 0 -1
  3.1631616210937500e+002 3.2162112426757812e+002
  1.3628571510314941e+001 1.1738065338134766e+002
  7.0289283752441406e+001 0 -1 3.1894229125976562e+002
  3.2227551269531250e+002 1.3383124351501465e+001
  7.0474174499511719e+001 8.9818557739257813e+001 0 -1
  2.8079876708984375e+002 4.6421638488769531e+001
  2.0620422363281250e+001 3.1239956665039063e+002
  1.6136431884765625e+002 1 -1 3.9752453613281250e+002
  4.6971427917480469e+001 21. 2.7664196777343750e+002
  1.3286096191406250e+002 1 -1 1.8892385864257812e+002
  1.0245147705078125e+002 1.7592285156250000e+001
  2.5955676269531250e+002 3.5935089111328125e+001 1 -1
  1.9218777465820312e+002 1.0849803924560547e+002
  1.8456676483154297e+001 2.4617388916015625e+002
  5.7053054809570313e+001 1 -1 2.9358618164062500e+002
  1.0838684082031250e+002 2.0239414215087891e+001
  2.3080334472656250e+002 4.6098922729492188e+001 1 -1
  2.4759541320800781e+002 1.7541532897949219e+002
  1.7521678924560547e+001 2.0481800079345703e+001
  5.7035285949707031e+001 1 -1 4.9668750000000000e+002
  1.7907008361816406e+002 1.9500000000000000e+001
  1.8283920288085937e+002 5.1375000000000000e+001 1 -1
  2.4666375732421875e+002 2.3250000000000000e+002 24.
  3.1714205932617187e+002 6.5793945312500000e+001 1 -1
  3.6787628173828125e+002 2.3235261535644531e+002
  2.2144941329956055e+001 2.7407183837890625e+002
  6.4204193115234375e+001 1 -1 2.4446255493164062e+002
  2.5856359863281250e+002 2.3567882537841797e+001
  3.8660171508789063e+001 2.2258331298828125e+002 1 -1
  2.9057409667968750e+002 3.2166668701171875e+002
  1.8699308395385742e+001 9.4399253845214844e+001
  6.8070854187011719e+001 1 -1 3.1591751098632812e+002
  3.2173007202148437e+002 15. 9.7306968688964844e+001
  6.9777832031250000e+001 1 -1 3.9777456665039062e+002
  4.7221424102783203e+001 21. 2.8010284423828125e+002
  1.3208332824707031e+002 2 -1 2.0344358825683594e+002
  5.4913703918457031e+001 2.8538303375244141e+001
  3.2478582763671875e+002 5.8522644042968750e+001 2 -1
  2.4607882690429687e+002 8.3672462463378906e+001
  2.4787942886352539e+001 1.8281389236450195e+001
  1.9751208496093750e+002 2 -1 3.9650000000000000e+002
  8.4621917724609375e+001 2.6745925903320313e+001
  2.4744137573242187e+002 1.7471595764160156e+002 2 -1
  3.9719390869140625e+002 8.4016464233398438e+001
  2.6714775085449219e+001 2.5049154663085937e+002
  1.7818940734863281e+002 2 -1 2.1283615112304687e+002
  1.0068540954589844e+002 2.6040000915527344e+001
  3.3680303955078125e+002 4.1481670379638672e+001 2 -1
  1.8874719238281250e+002 1.0302845764160156e+002
  2.5500000000000000e+001 3.3272854614257813e+002
  3.4083332061767578e+001 2 -1 2.1731817626953125e+002
  1.0390318298339844e+002 2.7545454025268555e+001
  3.4400506591796875e+002 3.1280303955078125e+001 2 -1
  4.0568978881835937e+002 1.0758117675781250e+002
  2.2269031524658203e+001 2.7224319458007812e+002
  5.4726684570312500e+001 2 -1 1.9266848754882812e+002
  1.0875000000000000e+002 18. 2.4554925537109375e+002
  5.2600585937500000e+001 2 -1 2.9250000000000000e+002 112. 36.
  2.3734472656250000e+002 60. 2 -1 2.4816668701171875e+002
  1.1893347930908203e+002 2.4355247497558594e+001
  3.5453814697265625e+002 3.8008384704589844e+001 2 -1
  3.6834375000000000e+002 1.1880541229248047e+002
  2.4130434036254883e+001 2.1002770996093750e+002
  4.1001811981201172e+001 2 -1 319. 121. 36. 1.4763286590576172e+001
  8.7333007812500000e+001 2 -1 3.6724710083007812e+002
  1.4412066650390625e+002 2.7474708557128906e+001
  1.1014601135253906e+002 1.8757849121093750e+002 2 -1
  3.6824227905273437e+002 1.7553903198242187e+002
  2.3671295166015625e+001 6.4996459960937500e+001
  5.2006397247314453e+001 2 -1 4.9765072631835937e+002
  1.7950062561035156e+002 2.4439682006835938e+001
  1.8275012207031250e+002 6.2053588867187500e+001 2 -1
  2.4650271606445312e+002 2.3208091735839844e+002
  2.6831491470336914e+001 3.3417037963867187e+002
  6.8147865295410156e+001 2 -1 3.6789950561523437e+002
  2.3190434265136719e+002 2.5319152832031250e+001
  2.7190219116210937e+002 6.5396492004394531e+001 2 -1
  2.4404171752929687e+002 2.5853317260742187e+002
  2.8169467926025391e+001 3.1058898925781250e+001
  2.1674809265136719e+002 2 -1 3.6719937133789062e+002
  2.5819967651367187e+002 2.8356990814208984e+001
  2.5821453857421875e+002 1.9952392578125000e+002 2 -1
  2.4623425292968750e+002 2.8896517944335937e+002
  2.2618274688720703e+001 7.0293312072753906e+001
  8.5847351074218750e+001 2 -1 3.6690246582031250e+002
  2.8871856689453125e+002 2.8654689788818359e+001
  8.5821922302246094e+001 8.1441627502441406e+001 2 -1
  2.9058947753906250e+002 3.2057250976562500e+002
  2.4857143402099609e+001 9.6829231262207031e+001
  7.3047615051269531e+001 2 -1 2.0213894653320312e+002
  5.6583152770996094e+001 3.5763214111328125e+001
  4.1062896728515625e+001 6.1002838134765625e+001 3 -1
  3.9725061035156250e+002 8.4459846496582031e+001 24.
  2.5187860107421875e+002 1.7603613281250000e+002 3 -1
  2.9516763305664062e+002 1.1303772735595703e+002
  3.8842105865478516e+001 3.1367880249023437e+002
  6.4532897949218750e+001 3 -1 3.9495513916015625e+002
