%YAML:1.0
---
recording:
   type: VideoRecording
   recordId: Action_20180109T151805
   channelId: main
   timeStamp: "131599846856480000"
   sessionTimestamp: "0"
   width: 0
   height: 0
   frameCount: 150
   fps: 2.9969999999999999e+001
   recordingType: 2000
   frameTransformRect: [ [ -1, -1 ], [ -1, -1 ], [ -1, -1 ], [ -1, -1 ] ]
   trackingMode: 0
   segments:
      - { startFrame:31, stopFrame:139, segmentType:2000, focusFrame:-1,
          focusPoint:{ values:[ -1., -1. ], type:Vector2 }, isFragment:0 }
      - { startFrame:0, stopFrame:143, segmentType:1000, focusFrame:-1,
          focusPoint:{ values:[ -1., -1. ], type:Vector2 }, isFragment:0 }
   framesRelTs: [ "0", "250000", "470000", "710000", "1390000",
       "1580000", "1790000", "2010000", "2350000", "2670000", "3000000",
       "3330000", "3660000", "3990000", "4330000", "4660000", "4970000",
       "5290000", "5770000", "5960000", "6280000", "6610000", "6940000",
       "7270000", "7600000", "7930000", "8250000", "8700000", "8910000",
       "9240000", "9570000", "9900000", "10220000", "10560000",
       "10940000", "11220000", "11740000", "11940000", "12190000",
       "12540000", "12870000", "13210000", "13530000", "13860000",
       "14180000", "14650000", "14860000", "15170000", "15510000",
       "15830000", "16150000", "16480000", "16810000", "17140000",
       "17550000", "17800000", "18120000", "18460000", "18780000",
       "19110000", "19440000", "19780000", "20100000", "20450000",
       "20760000", "21080000", "21400000", "21890000", "22080000",
       "22380000", "22700000", "23030000", "23360000", "23700000",
       "24020000", "24350000", "24780000", "25000000", "25340000",
       "25670000", "26000000", "26320000", "26640000", "26980000",
       "27310000", "27670000", "27980000", "28290000", "28620000",
       "29160000", "29360000", "29620000", "29950000", "30280000",
       "30630000", "30930000", "31250000", "31580000", "32060000",
       "32250000", "32560000", "32890000", "33210000", "33540000",
       "33880000", "34210000", "34550000", "34960000", "35200000",
       "35520000", "35750000", "36370000", "36570000", "36750000",
       "37020000", "37340000", "37840000", "38040000", "38330000",
       "38660000", "38990000", "39340000", "39660000", "39970000",
       "40300000", "40830000", "41030000", "41280000", "41610000",
       "41940000", "42320000", "42590000", "42920000", "43240000",
       "43770000", "43960000", "44230000", "44560000", "44880000",
       "45230000", "45540000", "45870000", "46200000", "46640000",
       "46860000", "47200000", "47530000", "47850000", "48190000",
       "48810000" ]
   chunks:
      - { path:"Recordings/Action_20180109T151805/recording.avi",
          startFrameIdx:0 }
