%YAML:1.0
---
recording:
   type: VideoRecording
   recordId: Action_20180109T153112
   channelId: main
   timeStamp: "131599854720890000"
   sessionTimestamp: "0"
   width: -1
   height: -1
   frameCount: 275
   fps: 2.9969999999999999e+001
   recordingType: 2000
   frameTransformRect: [ [ -1, -1 ], [ -1, -1 ], [ -1, -1 ], [ -1, -1 ] ]
   trackingMode: 0
   segments:
      - { startFrame:57, stopFrame:83, segmentType:2000, focusFrame:-1,
          focusPoint:{ values:[ -1., -1. ], type:Vector2 }, isFragment:0 }
      - { startFrame:0, stopFrame:268, segmentType:1000, focusFrame:-1,
          focusPoint:{ values:[ -1., -1. ], type:Vector2 }, isFragment:0 }
   framesRelTs: [ "0", "220000", "430000", "600000", "790000", "2070000",
       "2240000", "2400000", "2570000", "2740000", "2900000", "3730000",
       "3880000", "4080000", "4260000", "4440000", "4750000", "5370000",
       "5520000", "5750000", "6070000", "6400000", "7060000", "7210000",
       "7400000", "7710000", "8030000", "8690000", "8850000", "9030000",
       "9360000", "9680000", "10300000", "10470000", "10690000",
       "11000000", "11330000", "11950000", "12110000", "12320000",
       "12650000", "12970000", "13610000", "13770000", "13990000",
       "14300000", "14620000", "15240000", "15410000", "15620000",
       "15940000", "16280000", "16890000", "17060000", "17270000",
       "17460000", "17760000", "18080000", "18620000", "18910000",
       "19230000", "19410000", "20240000", "20400000", "20570000",
       "20860000", "21200000", "21910000", "22070000", "22230000",
       "22500000", "22820000", "23140000", "23540000", "23800000",
       "24130000", "24460000", "24770000", "25150000", "25440000",
       "25770000", "26100000", "26760000", "26920000", "27100000",
       "27290000", "27600000", "27920000", "28430000", "28600000",
       "28910000", "29240000", "29570000", "30050000", "30230000",
       "30540000", "30880000", "31210000", "31670000", "31870000",
       "32190000", "32510000", "32850000", "33330000", "33520000",
       "33830000", "34170000", "34510000", "34960000", "35160000",
       "35480000", "35820000", "36150000", "36600000", "36800000",
       "37130000", "37470000", "37790000", "38250000", "38450000",
       "38770000", "39100000", "39430000", "39880000", "40090000",
       "40420000", "40740000", "41070000", "41520000", "41730000",
       "42050000", "42390000", "42720000", "43160000", "43370000",
       "43700000", "44040000", "44360000", "44780000", "45010000",
       "45340000", "45680000", "46000000", "46440000", "46650000",
       "46990000", "47320000", "47640000", "48060000", "48320000",
       "48640000", "48970000", "49300000", "49700000", "49960000",
       "50280000", "50610000", "50940000", "51340000", "51590000",
       "51910000", "52260000", "52580000", "52980000", "53250000",
       "53570000", "53900000", "54220000", "54630000", "54890000",
       "55210000", "55530000", "55860000", "56270000", "56520000",
       "56840000", "57180000", "57500000", "57900000", "58150000",
       "58480000", "58810000", "59540000", "59710000", "59870000",
       "60130000", "60450000", "60780000", "61200000", "61430000",
       "61760000", "62100000", "62420000", "62820000", "63080000",
       "63400000", "63730000", "64050000", "64460000", "64720000",
       "65050000", "65380000", "65710000", "66120000", "66350000",
       "66680000", "67010000", "67340000", "67800000", "67990000",
       "68330000", "68670000", "69000000", "69440000", "69650000",
       "69980000", "70310000", "70640000", "71100000", "71300000",
       "71610000", "71940000", "72280000", "72720000", "72930000",
       "73270000", "73590000", "73930000", "74440000", "74620000",
       "74800000", "75080000", "75410000", "76080000", "76230000",
       "76420000", "76720000", "77050000", "77710000", "77860000",
       "78070000", "78390000", "78710000", "79350000", "79500000",
       "79710000", "80030000", "80350000", "81000000", "81150000",
       "81350000", "81680000", "82010000", "82650000", "82810000",
       "83030000", "83340000", "83680000", "84320000", "84470000",
       "84670000", "84990000", "85320000", "85970000", "86130000",
       "86330000", "86650000", "86970000", "87650000", "87810000",
       "87990000", "88300000", "88630000", "89260000", "90570000" ]
   chunks:
      - { path:"Recordings/Action_20180109T153112/recording.avi",
          startFrameIdx:0 }
