<?xml version="1.0"?>
<opencv_storage>
<keyPoints>
  3.9882119750976563e+002 4.7479461669921875e+001
  1.3542055130004883e+001 3.4614199829101562e+002
  1.2753390502929688e+002 0 -1 230. 5.3434783935546875e+001
  1.6304347991943359e+001 3.0979135131835937e+002
  4.0918472290039063e+001 0 -1 2.7931695556640625e+002
  5.3024673461914063e+001 1.3399999618530273e+001
  7.4478408813476563e+001 3.7816665649414063e+001 0 -1
  2.4636109924316406e+002 8.0737876892089844e+001
  1.3653061866760254e+001 3.1201049804687500e+002
  6.0859695434570312e+001 0 -1 3.1757019042968750e+002
  8.7844886779785156e+001 1.5888198852539063e+001
  1.5067588806152344e+002 1.6747271728515625e+002 0 -1
  1.7916294860839844e+002 9.0944343566894531e+001
  1.2090909004211426e+001 8.2236999511718750e+001
  3.5003784179687500e+001 0 -1 1.8492562866210937e+002
  9.1180801391601563e+001 1.1159999847412109e+001
  9.7862823486328125e+001 4.1490005493164063e+001 0 -1
  1.9576443481445312e+002 9.0579330444335937e+001
  1.4673886299133301e+001 1.9678373718261719e+002
  1.1515991210937500e+002 0 -1 2.1064759826660156e+002
  9.1516166687011719e+001 1.5196821212768555e+001
  3.3579385375976562e+002 3.6886054992675781e+001 0 -1
  3.3876870727539062e+002 9.1417915344238281e+001
  1.4014975547790527e+001 5.0167625427246094e+001
  3.9551734924316406e+001 0 -1 2.6040737915039062e+002
  9.2921997070312500e+001 1.3332424163818359e+001
  2.4419401168823242e+001 3.7537986755371094e+001 0 -1
  1.9541361999511719e+002 9.4828811645507813e+001
  1.4486442565917969e+001 1.3604476928710937e+002
  3.6137458801269531e+001 0 -1 4.7758605957031250e+002
  9.9163063049316406e+001 1.3058822631835938e+001
  2.8747729492187500e+002 3.3647056579589844e+001 0 -1
  4.2806738281250000e+002 1.0699031829833984e+002
  1.4470587730407715e+001 2.6673419189453125e+002
  5.0882339477539063e+001 0 -1 4.4464929199218750e+002
  1.0704348754882812e+002 1.4625000000000000e+001
  2.7366864013671875e+002 4.6062500000000000e+001 0 -1
  4.5757061767578125e+002 1.0735551452636719e+002
  1.1433607101440430e+001 2.7226376342773437e+002
  3.5719406127929687e+001 0 -1 4.6387945556640625e+002
  1.0721836853027344e+002 1.3227272987365723e+001
  2.7377105712890625e+002 5.0920455932617188e+001 0 -1
  4.7476635742187500e+002 1.0724897766113281e+002
  1.2272727012634277e+001 3.0349978637695312e+002
  3.0034088134765625e+001 0 -1 4.8012966918945312e+002
  1.0774494171142578e+002 1.2307693481445313e+001
  3.2382504272460937e+002 4.3102539062500000e+001 0 -1
  4.8077908325195312e+002 1.1108110809326172e+002
  1.2534246444702148e+001 3.4452029418945312e+002
  4.3289398193359375e+001 0 -1 3.5108459472656250e+002
  1.1180119323730469e+002 1.2677418708801270e+001
  3.1840466308593750e+002 3.0197578430175781e+001 0 -1
  1.9306909179687500e+002 1.1487927246093750e+002
  1.4793104171752930e+001 2.5207710266113281e+002
  3.6142242431640625e+001 0 -1 4.3227694702148437e+002
  1.1478826141357422e+002 1.3114285469055176e+001
  8.7259239196777344e+001 3.5603561401367188e+001 0 -1
  4.4639166259765625e+002 1.1455871582031250e+002
  1.3727272033691406e+001 8.6869705200195313e+001
  4.0367416381835937e+001 0 -1 4.5302478027343750e+002
  1.1509836578369141e+002 1.2058824539184570e+001
  8.8319480895996094e+001 4.2002441406250000e+001 0 -1
  4.6180059814453125e+002 1.1525208282470703e+002 13.
  9.1831321716308594e+001 6.1833343505859375e+001 0 -1
  3.5411859130859375e+002 1.1615139770507812e+002
  1.1800000190734863e+001 3.4109429931640625e+002
  3.8016670227050781e+001 0 -1 4.7047027587890625e+002
  1.1548115539550781e+002 1.2382041931152344e+001
  6.4496932983398438e+001 4.3653121948242187e+001 0 -1
  1.9611557006835937e+002 1.1798560333251953e+002
  1.0953488349914551e+001 2.5036822509765625e+002
  4.2654067993164063e+001 0 -1 205. 1.1828551483154297e+002
  1.4279533386230469e+001 3.2899008178710937e+002
  8.9385452270507813e+001 0 -1 2.6404602050781250e+002
  1.1914633941650391e+002 1.2971305847167969e+001
  2.3291561889648437e+002 8.4009643554687500e+001 0 -1
  4.0952838134765625e+002 1.1931891632080078e+002
  1.3819671630859375e+001 1.4026580810546875e+002
  1.1580532836914062e+002 0 -1 3.3632626342773437e+002
  1.2069271850585937e+002 1.5786994934082031e+001
  1.9945571899414062e+002 3.5050033569335938e+001 0 -1
  4.8033978271484375e+002 1.2018693542480469e+002
  1.6486396789550781e+001 5.3525650024414062e+001
  9.5666961669921875e+001 0 -1 4.1096273803710937e+002
  1.2309980010986328e+002 15. 1.2334247589111328e+002 33. 0 -1
  2.0631605529785156e+002 1.2437377929687500e+002
  1.4451682090759277e+001 1.7757677078247070e+001
  1.0262469482421875e+002 0 -1 3.4400421142578125e+002
  1.2399630737304687e+002 12. 1.6126327514648437e+002 65. 0 -1
  3.4975634765625000e+002 1.2425204467773437e+002
  1.3162412643432617e+001 6.3481945991516113e+000
  1.1739303588867187e+002 0 -1 4.7951019287109375e+002
  1.2423539733886719e+002 1.3012191772460938e+001
  7.9779548645019531e+001 3.9241081237792969e+001 0 -1
  3.3740118408203125e+002 1.7022552490234375e+002
  1.3799999237060547e+001 5.1068923950195313e+001
  4.2800003051757813e+001 0 -1 2.1502568054199219e+002
  1.7819204711914062e+002 1.5900000572204590e+001
  2.0875877380371094e+002 3.5225006103515625e+001 0 -1
  2.0932617187500000e+002 1.9148892211914063e+002
  1.1734163284301758e+001 2.5857409667968750e+002
  1.4184384155273437e+002 0 -1 2.6632199096679687e+002
  1.9141566467285156e+002 1.3541007995605469e+001
  2.7248339843750000e+002 9.2052734375000000e+001 0 -1
  2.7470062255859375e+002 1.9112109375000000e+002
  1.1166666984558105e+001 2.6559674072265625e+002
  3.4347221374511719e+001 0 -1 2.7244445800781250e+002
  1.9193835449218750e+002 1.3666666030883789e+001
  2.6597570800781250e+002 5.7388885498046875e+001 0 -1
  2.7878927612304687e+002 1.9185316467285156e+002
  1.2173305511474609e+001 2.8342639160156250e+002
  5.9487487792968750e+001 0 -1 3.2471746826171875e+002
  1.9214399719238281e+002 1.4750000000000000e+001
  3.0071032714843750e+002 3.9520828247070313e+001 0 -1
  3.4593002319335938e+002 1.9213325500488281e+002
  1.4226337432861328e+001 2.7648608398437500e+002
  1.3252172851562500e+002 0 -1 4.1686264038085937e+002
  1.9235070800781250e+002 1.3799999237060547e+001
  2.9192639160156250e+002 3.4349998474121094e+001 0 -1
  4.0233410644531250e+002 1.9280313110351562e+002
  1.2599999427795410e+001 2.9032827758789062e+002
  3.3149993896484375e+001 0 -1 4.0684722900390625e+002
  1.9279071044921875e+002 1.2795917510986328e+001
  2.8973034667968750e+002 5.5431121826171875e+001 0 -1
  4.8194616699218750e+002 1.9294804382324219e+002
  1.3684875488281250e+001 3.0538226318359375e+002
  6.7221817016601563e+001 0 -1 2.1171914672851563e+002
  2.1556890869140625e+002 1.3799999237060547e+001
  2.4524035644531250e+002 3.2349998474121094e+001 0 -1
  3.5487234497070312e+002 2.1639501953125000e+002
  1.2738490104675293e+001 2.3461389160156250e+002
  3.2218811035156250e+001 0 -1 193. 2.4481164550781250e+002
  1.4150758743286133e+001 2.2403193664550781e+002
  3.7889038085937500e+001 0 -1 2.0520930480957031e+002
  2.4843188476562500e+002 1.2456081390380859e+001
  3.4725918579101563e+002 9.2830718994140625e+001 0 -1
  4.8060690307617187e+002 2.4803965759277344e+002
  1.3724873542785645e+001 2.8043014526367187e+002
  4.4829971313476563e+001 0 -1 2.6305941772460937e+002
  2.4903619384765625e+002 1.4806451797485352e+001
  3.1372161865234375e+002 5.1391128540039062e+001 0 -1
  3.5385675048828125e+002 2.5026530456542969e+002
  1.2529412269592285e+001 3.5166796875000000e+002
  3.7132354736328125e+001 0 -1 4.1126727294921875e+002
  2.4932337951660156e+002 15. 2.2937858581542969e+002
  1.4512500000000000e+002 0 -1 1.9285089111328125e+002
  2.5144697570800781e+002 1.3065649032592773e+001
  1.6072810363769531e+002 4.0231918334960938e+001 0 -1
  4.1708969116210937e+002 2.5307873535156250e+002
  1.1618181228637695e+001 2.3810104370117187e+002
  4.0111358642578125e+001 0 -1 3.5110693359375000e+002
  2.5420948791503906e+002 1.1907346725463867e+001
