%YAML:1.0
---
recording:
   type: VideoRecording
   recordId: Action_20180109T110217
   channelId: main
   timeStamp: "131599693371460000"
   sessionTimestamp: "0"
   width: -1
   height: -1
   frameCount: 202
   fps: 2.9969999999999999e+001
   recordingType: 2000
   frameTransformRect: [ [ -1, -1 ], [ -1, -1 ], [ -1, -1 ], [ -1, -1 ] ]
   trackingMode: 1
   segments:
      - { startFrame:20, stopFrame:54, segmentType:2000, focusFrame:-1,
          focusPoint:{ values:[ -1., -1. ], type:Vector2 }, isFragment:0 }
      - { startFrame:57, stopFrame:103, segmentType:2000, focusFrame:-1,
          focusPoint:{ values:[ -1., -1. ], type:Vector2 }, isFragment:0 }
      - { startFrame:121, stopFrame:181, segmentType:2000, focusFrame:-1,
          focusPoint:{ values:[ -1., -1. ], type:Vector2 }, isFragment:0 }
      - { startFrame:0, stopFrame:195, segmentType:1000, focusFrame:-1,
          focusPoint:{ values:[ -1., -1. ], type:Vector2 }, isFragment:0 }
   framesRelTs: [ "0", "250000", "520000", "850000", "1180000",
       "1500000", "1850000", "2180000", "2490000", "2820000", "3140000",
       "3470000", "3800000", "4130000", "4460000", "4780000", "5100000",
       "5430000", "5750000", "6100000", "6560000", "6790000", "6980000",
       "7260000", "7590000", "7910000", "8250000", "8560000", "8900000",
       "9220000", "9550000", "9890000", "10210000", "10540000",
       "10860000", "11190000", "11520000", "11840000", "12180000",
       "12510000", "12830000", "13160000", "13490000", "13840000",
       "14170000", "14490000", "14810000", "15140000", "15480000",
       "15800000", "16120000", "16440000", "16760000", "17090000",
       "17410000", "17740000", "18070000", "18400000", "18720000",
       "19060000", "19390000", "19720000", "20040000", "20370000",
       "20680000", "21030000", "21350000", "21670000", "21990000",
       "22330000", "22660000", "22980000", "23310000", "23630000",
       "23960000", "24290000", "24620000", "24950000", "25270000",
       "25600000", "25920000", "26260000", "26590000", "26910000",
       "27250000", "27570000", "27890000", "28220000", "28550000",
       "28880000", "29190000", "29680000", "30010000", "30340000",
       "30660000", "30990000", "31310000", "31630000", "31950000",
       "32280000", "32600000", "32930000", "33260000", "33580000",
       "33900000", "34230000", "34570000", "34900000", "35210000",
       "35550000", "35870000", "36190000", "36520000", "36840000",
       "37180000", "37500000", "37830000", "38140000", "38470000",
       "38790000", "39120000", "39440000", "39770000", "40090000",
       "40410000", "40730000", "41060000", "41380000", "41710000",
       "42040000", "42360000", "42680000", "43010000", "43340000",
       "43670000", "44000000", "44320000", "44660000", "44990000",
       "45330000", "45650000", "45970000", "46300000", "46630000",
       "46940000", "47270000", "47590000", "47910000", "48230000",
       "48570000", "48880000", "49200000", "49540000", "49850000",
       "50180000", "50510000", "50830000", "51180000", "51490000",
       "51820000", "52140000", "52470000", "52810000", "53130000",
       "53450000", "53780000", "54100000", "54430000", "54740000",
       "55220000", "55560000", "55880000", "56200000", "56520000",
       "56850000", "57180000", "57490000", "57820000", "58140000",
       "58460000", "58780000", "59110000", "59440000", "59760000",
       "60080000", "60400000", "60730000", "61050000", "61380000",
       "61710000", "62040000", "62360000", "62680000", "63000000",
       "63320000", "63640000", "63970000", "64290000", "64620000",
       "64940000", "65270000", "65590000" ]
   chunks:
      - { path:"Recordings/Action_20180109T110217/recording.avi",
          startFrameIdx:0 }
