<?xml version="1.0"?>
<opencv_storage>
<keyPoints>
  2.6518603515625000e+002 3.0160589218139648e+001
  1.4877551078796387e+001 8.9598640441894531e+001
  7.7635208129882812e+001 0 -1 2.6786029052734375e+002
  3.0057508468627930e+001 1.4586207389831543e+001
  8.8826667785644531e+001 7.7387939453125000e+001 0 -1
  2.8142114257812500e+002 4.9552520751953125e+001
  1.5767442703247070e+001 3.0869583129882812e+002
  1.5195349121093750e+002 0 -1 3.9853945922851562e+002
  5.2419403076171875e+001 1.4741378784179687e+001
  2.4463495254516602e+001 1.5410772705078125e+002 0 -1
  4.4052838134765625e+002 5.2268478393554688e+001
  1.4470587730407715e+001 2.8528994750976563e+002
  4.8882339477539063e+001 0 -1 2.7910803222656250e+002
  5.5420913696289063e+001 1.3467214584350586e+001
  7.9006324768066406e+001 4.4919158935546875e+001 0 -1
  4.2717376708984375e+002 6.6165504455566406e+001 15.
  2.2113999938964844e+002 74. 0 -1 4.4044473266601562e+002
  6.7967933654785156e+001 1.4250000000000000e+001
  2.1119924545288086e+001 3.5687500000000000e+001 0 -1
  2.0079724121093750e+002 7.4140174865722656e+001
  1.3155469894409180e+001 2.3782867431640625e+002
  1.3300802612304688e+002 0 -1 2.6386004638671875e+002
  7.5293220520019531e+001 1.3899345397949219e+001
  2.9107861328125000e+002 1.4346109008789063e+002 0 -1
  2.0065768432617187e+002 7.8768119812011719e+001
  1.2882352828979492e+001 2.2252256774902344e+002
  1.2128674316406250e+002 0 -1 2.6351187133789062e+002
  7.9890502929687500e+001 1.3275861740112305e+001
  3.1141772460937500e+002 1.1596694946289062e+002 0 -1 344.
  8.2750000000000000e+001 18. 1.1697251892089844e+002 55. 0 -1
  4.2712811279296875e+002 8.1672447204589844e+001
  1.3751646995544434e+001 8.6403320312500000e+001
  5.4591690063476562e+001 0 -1 233. 9.4750000000000000e+001 18.
  2.9289849853515625e+002 62. 0 -1 235. 9.4750000000000000e+001 18.
  3.1820776367187500e+002 57. 0 -1 3.7525000000000000e+002
  9.7750000000000000e+001 18. 2.6298269653320312e+002
  7.3555557250976563e+001 0 -1 2.3174476623535156e+002
  9.7895561218261719e+001 1.3819671630859375e+001
  2.0366078186035156e+002 6.0805328369140625e+001 0 -1
  2.3493655395507812e+002 9.7800552368164062e+001
  1.1256410598754883e+001 3.2104830932617187e+002
  8.2898498535156250e+001 0 -1 2.3174400329589844e+002
  1.0059236907958984e+002 1.1192307472229004e+001
  1.4464695739746094e+002 7.2942291259765625e+001 0 -1
  2.3535023498535156e+002 1.0147869873046875e+002
  1.4755102157592773e+001 5.1363197326660156e+001
  7.4165817260742188e+001 0 -1 3.7782751464843750e+002
  1.0116779327392578e+002 1.2299999237060547e+001
  3.0739025878906250e+002 5.7100006103515625e+001 0 -1
  3.7424703979492187e+002 1.0205016326904297e+002
  1.2469880104064941e+001 2.0654956054687500e+002
  6.1254516601562500e+001 0 -1 231. 1.6075000000000000e+002 18.
  2.5824935913085937e+002 60. 0 -1 375. 1.6375000000000000e+002 18.
  2.5763024902343750e+002 82. 0 -1 3.7525000000000000e+002
  1.6375000000000000e+002 18. 2.6049755859375000e+002
  8.8444442749023437e+001 0 -1 377. 1.6375000000000000e+002 18.
  2.7974169921875000e+002 59. 0 -1 2.3312083435058594e+002
  1.6404936218261719e+002 1.2488372802734375e+001
  2.9340811157226562e+002 8.0284881591796875e+001 0 -1
  2.3014060974121094e+002 1.6533564758300781e+002
  1.1907216072082520e+001 1.9797850036621094e+002
  6.7011596679687500e+001 0 -1 3.7400228881835937e+002
  1.6703613281250000e+002 1.3114285469055176e+001
  2.2117362976074219e+002 7.0207122802734375e+001 0 -1
  3.7647381591796875e+002 1.6655110168457031e+002
  1.2439023971557617e+001 2.7930487060546875e+002
  6.8219512939453125e+001 0 -1 3.7730654907226562e+002
  1.7020469665527344e+002 1.4261538505554199e+001
  4.7726387023925781e+001 8.0617309570312500e+001 0 -1
  3.4120230102539062e+002 1.7860287475585938e+002
  1.6135135650634766e+001 3.4902307128906250e+002
  5.2787155151367188e+001 0 -1 335. 1.7908554077148437e+002
  1.2655172348022461e+001 2.4097956848144531e+002
  8.0518707275390625e+001 0 -1 3.0320773315429687e+002
  2.0388912963867187e+002 15. 2.3890917968750000e+002
  1.0050000000000000e+002 0 -1 3.0983334350585937e+002
  2.0583332824707031e+002 1.2500000000000000e+001
  3.3545599365234375e+002 3.1125000000000000e+001 0 -1
  3.0216421508789062e+002 2.0633985900878906e+002
  1.3038890838623047e+001 2.0723648071289062e+002
  3.2897071838378906e+001 0 -1 3.0563586425781250e+002
  2.0910375976562500e+002 1.2948718070983887e+001
  3.4727597045898437e+002 1.1646261596679687e+002 0 -1
  2.2861247253417969e+002 2.2742784118652344e+002
  1.4454545974731445e+001 2.4414553833007812e+002
  8.8443206787109375e+001 0 -1 2.2963323974609375e+002 230.
  1.3272727966308594e+001 2.4089141845703125e+002
  7.0484848022460937e+001 0 -1 2.3146533203125000e+002
  2.3054185485839844e+002 1.2038961410522461e+001
  2.9392596435546875e+002 7.2001632690429688e+001 0 -1
  3.7408984375000000e+002 2.3318154907226562e+002
  1.4520000457763672e+001 2.4204664611816406e+002
  6.9410003662109375e+001 0 -1 3.7635180664062500e+002
  2.3311486816406250e+002 1.3079999923706055e+001
  3.0983081054687500e+002 7.1214996337890625e+001 0 -1
  3.8036367797851562e+002 2.3453941345214844e+002
  1.4884614944458008e+001 2.1193864345550537e+000
  6.4009613037109375e+001 0 -1 233. 2.9575000000000000e+002 18.
  3.1976928710937500e+002 59. 0 -1 2.3068266296386719e+002
  2.9710000610351562e+002 1.2034482955932617e+001
  2.9802633666992187e+002 6.9001434326171875e+001 0 -1
  2.2866314697265625e+002 2.9797058105468750e+002
  1.4419355392456055e+001 2.3549981689453125e+002
  5.0520156860351562e+001 0 -1 3.7713354492187500e+002
  2.9867211914062500e+002 1.7307693481445313e+001
  3.2237371826171875e+002 6.0173080444335938e+001 0 -1
  3.7249865722656250e+002 3.0005657958984375e+002
  1.3476190567016602e+001 2.4695684814453125e+002
  6.9906753540039063e+001 0 -1 3.7472344970703125e+002
  2.9988467407226562e+002 1.1823529243469238e+001
  2.9975296020507812e+002 7.1036773681640625e+001 0 -1
  2.3232406616210937e+002 3.0151721191406250e+002
  1.4583333969116211e+001 3.9948303222656250e+001
  8.5673614501953125e+001 0 -1 2.6623767089843750e+002
  3.0392379760742188e+001 1.6593835830688477e+001
  9.0845458984375000e+001 7.3875961303710938e+001 1 -1
  4.3766174316406250e+002 5.2651340484619141e+001
  2.0585788726806641e+001 2.7904153442382812e+002
  5.8345191955566406e+001 1 -1 4.3703405761718750e+002
  6.7906448364257813e+001 1.7436424255371094e+001
  1.9651527404785156e+001 5.7066848754882812e+001 1 -1
  2.6339379882812500e+002 7.7692092895507813e+001
  1.7537250518798828e+001 3.0572698974609375e+002
  1.0732540893554687e+002 1 -1 3.3817419433593750e+002
  8.1483482360839844e+001 1.7884614944458008e+001
  1.5540170288085937e+002 1.7800961303710937e+002 1 -1
  3.7225000000000000e+002 1.0013235473632812e+002
  1.9764707565307617e+001 2.2512988281250000e+002
  8.5470581054687500e+001 1 -1 374. 102. 12. 2.0499951171875000e+002
  5.4777343750000000e+001 1 -1 3.7132971191406250e+002
  1.0364560699462891e+002 2.0684211730957031e+001
  1.8056683349609375e+002 8.9802642822265625e+001 1 -1
  2.2825000000000000e+002 1.6283036804199219e+002
  2.0785715103149414e+001 2.2005897521972656e+002
  9.9017852783203125e+001 1 -1 2.3113963317871094e+002
  1.6402615356445312e+002 1.6990077972412109e+001
  2.4203610229492187e+002 6.5317939758300781e+001 1 -1
  3.7067382812500000e+002 1.6760975646972656e+002
  2.1473684310913086e+001 2.0155169677734375e+002
  1.0136843872070312e+002 1 -1 3.7571813964843750e+002
  1.6646298217773437e+002 1.5857142448425293e+001
  2.6041836547851562e+002 6.1232131958007813e+001 1 -1
  3.0320770263671875e+002 2.0388912963867187e+002 15.
  2.3890850830078125e+002 95. 1 -1 2.2870602416992187e+002
  2.9745260620117187e+002 1.9200000762939453e+001
  2.3718029785156250e+002 5.5200000762939453e+001 1 -1
  2.8053970336914062e+002 4.9806312561035156e+001
  2.3098180770874023e+001 3.0630694580078125e+002
  1.6370075988769531e+002 2 -1 3.9726843261718750e+002
