<?xml version="1.0"?>
<opencv_storage>
<keyPoints>
  2.7960052490234375e+002 5.1322128295898438e+001
  1.6373874664306641e+001 2.9918417358398437e+002
  1.2851745605468750e+002 0 -1 2.7960583496093750e+002
  5.5732589721679688e+001 1.3512046813964844e+001
  7.7547935485839844e+001 4.5545669555664063e+001 0 -1
  4.2875234985351562e+002 6.7362144470214844e+001
  1.4860465049743652e+001 2.2187104797363281e+002
  8.1886627197265625e+001 0 -1 4.4180578613281250e+002
  6.7784873962402344e+001 1.4199998855590820e+001
  3.1751934814453125e+002 3.9016662597656250e+001 0 -1
  4.3858056640625000e+002 6.8383392333984375e+001 12.
  2.9383288574218750e+002 49. 0 -1 3.8466851806640625e+002
  7.0286209106445312e+001 1.3731934547424316e+001
  1.4129077148437500e+002 4.2796066284179688e+001 0 -1
  3.8778439331054687e+002 7.2090286254882813e+001
  1.2569620132446289e+001 2.4222413635253906e+002
  7.3356018066406250e+001 0 -1 2.0166587829589844e+002
  7.4003013610839844e+001 1.3785715103149414e+001
  8.1729513406753540e-001 1.2672024536132812e+002 0 -1
  2.6477685546875000e+002 7.5300415039062500e+001
  1.3994107246398926e+001 2.9122204589843750e+002
  1.4330822753906250e+002 0 -1 1.8245867919921875e+002
  7.8285957336425781e+001 1.1666666030883789e+001
  3.3826007080078125e+002 3.3041664123535156e+001 0 -1
  2.0162823486328125e+002 7.8353019714355469e+001
  1.2896401405334473e+001 5.5928512573242188e+001
  1.1268911743164062e+002 0 -1 2.3326832580566406e+002
  7.7755233764648438e+001 1.1933333396911621e+001
  2.8510250854492188e+002 4.1002777099609375e+001 0 -1
  2.3134284973144531e+002 7.8668090820312500e+001
  1.3799999237060547e+001 2.4480389404296875e+002
  4.5800003051757813e+001 0 -1 2.6458248901367187e+002
  7.9568489074707031e+001 1.3296426773071289e+001
  2.9806561279296875e+002 1.2128594970703125e+002 0 -1
  1.7583091735839844e+002 8.0629661560058594e+001
  1.2199999809265137e+001 1.9586740112304688e+002
  7.0041671752929687e+001 0 -1 1.7971853637695312e+002
  8.0953712463378906e+001 1.1601238250732422e+001
  3.1539294433593750e+002 8.2617370605468750e+001 0 -1
  1.8593455505371094e+002 8.0914894104003906e+001
  1.3153846740722656e+001 3.5005230712890625e+002
  3.3480766296386719e+001 0 -1 2.2306690979003906e+002
  8.1744865417480469e+001 1.2547458648681641e+001
  1.7386798095703125e+002 5.8253463745117188e+001 0 -1 242.
  8.1847778320312500e+001 1.3046512603759766e+001
  6.0806899070739746e+000 4.5654067993164062e+001 0 -1
  3.4626452636718750e+002 8.2625167846679688e+001
  1.6777778625488281e+001 1.1092439270019531e+002
  4.3560195922851563e+001 0 -1 4.3650265502929687e+002
  8.2861434936523438e+001 1.2526779174804687e+001
  1.4885137939453125e+002 3.6216651916503906e+001 0 -1
  1.8806709289550781e+002 8.3701683044433594e+001
  1.3319999694824219e+001 3.6199276447296143e+000
  5.4210006713867187e+001 0 -1 4.3910662841796875e+002
  8.5060340881347656e+001 1.2571971893310547e+001
  3.5556175231933594e+001 4.9259490966796875e+001 0 -1
  1.7587358093261719e+002 8.6524513244628906e+001
  1.2294116973876953e+001 1.6296887207031250e+002
  4.3061264038085937e+001 0 -1 3.7825000000000000e+002
  9.7750000000000000e+001 18. 2.0955934143066406e+002 53. 0 -1
  3.7850161743164062e+002 1.0037620544433594e+002
  1.1826386451721191e+001 2.0427128601074219e+002
  4.7588500976562500e+001 0 -1 3.7513619995117187e+002
  1.0082732391357422e+002 1.4250000000000000e+001
  1.9223748779296875e+002 4.7250000000000000e+001 0 -1
  3.8190493774414062e+002 1.0158338928222656e+002
  1.1399999618530273e+001 2.1098657226562500e+002
  3.4250000000000000e+001 0 -1 3.8681344604492188e+002
  1.0113310241699219e+002 1.3799999237060547e+001
  3.3954025268554687e+002 3.1900001525878906e+001 0 -1
  3.7863223266601562e+002 1.0358485412597656e+002
  1.4555555343627930e+001 1.7778970336914062e+002
  7.5898147583007813e+001 0 -1 3.8135824584960937e+002
  1.0348632812500000e+002 1.1783704757690430e+001
  1.7890415954589844e+002 4.4219863891601563e+001 0 -1
  3.8053488159179687e+002 1.0609447479248047e+002
  1.3604650497436523e+001 1.5816032409667969e+002
  4.8537796020507813e+001 0 -1 2.3856986999511719e+002
  1.6796908569335937e+002 1.4428570747375488e+001
  2.2989122009277344e+002 3.4720237731933594e+001 0 -1
  2.3334846496582031e+002 1.6869076538085937e+002
  1.4225872039794922e+001 2.4096163940429687e+002
  4.2999130249023438e+001 0 -1 3.8182485961914062e+002
  2.8601379394531250e+002 1.3969050407409668e+001
  1.1873972320556641e+002 5.0569564819335938e+001 0 -1
  4.3061450195312500e+002 2.9432043457031250e+002
  1.3956521987915039e+001 1.2368415069580078e+002
  3.1222831726074219e+001 0 -1 4.3079104614257812e+002
  2.9791122436523437e+002 1.4004258155822754e+001
  1.1254136657714844e+002 3.8306434631347656e+001 0 -1
  3.7656625366210937e+002 2.9855325317382812e+002
  1.4750000000000000e+001 2.1149757385253906e+002
  3.6520828247070313e+001 0 -1 3.7205786132812500e+002
  3.0208941650390625e+002 1.5794268608093262e+001
  1.9184533691406250e+002 3.4237831115722656e+001 0 -1
  3.8570382690429688e+002 3.0154592895507812e+002
  1.4168266296386719e+001 3.1210467529296875e+002
  5.5464248657226563e+001 0 -1 2.2752215576171875e+002
  3.0376431274414062e+002 1.3038461685180664e+001
  2.4757856750488281e+002 5.1778854370117188e+001 0 -1
  3.8275000000000000e+002 3.0475000000000000e+002 18.
  2.6735534667968750e+002 49. 0 -1 3.8329495239257812e+002
  3.0864462280273437e+002 1.3823772430419922e+001
  2.7143527221679687e+002 4.8570770263671875e+001 0 -1
  3.8500570678710937e+002 3.0869372558593750e+002
  1.2483870506286621e+001 3.4161401367187500e+002
  5.4201614379882812e+001 0 -1 4.3851190185546875e+002
  6.7900566101074219e+001 1.4554552078247070e+001
  2.8812603759765625e+002 5.0995265960693359e+001 1 -1
  3.8740692138671875e+002 7.3563690185546875e+001
  1.8400001525878906e+001 3.7920536041259766e+001
  6.0066665649414063e+001 1 -1 4.3870245361328125e+002
  7.6307853698730469e+001 2.1251567840576172e+001
  2.9920202636718750e+002 8.4174835205078125e+001 1 -1
  4.4326696777343750e+002 7.6423721313476563e+001
  2.1738468170166016e+001 3.3100549316406250e+002
  4.2254074096679688e+001 1 -1 2.0147526550292969e+002
  7.7507400512695313e+001 1.3522270202636719e+001
  4.0257164001464844e+001 1.0187266540527344e+002 1 -1
  2.2697030639648437e+002 7.7791526794433594e+001
  1.9666666030883789e+001 2.2230165100097656e+002
  5.2041671752929688e+001 1 -1 1.7507119750976562e+002
  7.9832923889160156e+001 1.6904281616210938e+001
  2.2506877136230469e+002 5.9285217285156250e+001 1 -1
  3.3988629150390625e+002 8.0992431640625000e+001
  2.0230382919311523e+001 1.5801940917968750e+002
  1.7809461975097656e+002 1 -1 1.7940168762207031e+002
  8.2408973693847656e+001 1.6598731994628906e+001
  3.5648446083068848e+000 5.3966613769531250e+001 1 -1
  1.8905456542968750e+002 8.3894264221191406e+001
  1.7210525512695313e+001 4.4119098782539368e-001
  4.8164474487304688e+001 1 -1 1.7546621704101562e+002
  8.7837837219238281e+001 1.8567567825317383e+001
  1.0520763397216797e+002 4.6165557861328125e+001 1 -1
  4.3924340820312500e+002 8.7937316894531250e+001
  2.1571428298950195e+001 2.6734136581420898e+001
  4.0720230102539062e+001 1 -1 3.8704455566406250e+002
  9.3238662719726563e+001 1.6500000000000000e+001
  3.0395428466796875e+002 4.0750000000000000e+001 1 -1
  3.8229220581054687e+002 9.6267303466796875e+001
  1.8415176391601563e+001 2.3540687561035156e+002
  6.5041717529296875e+001 1 -1 3.8659271240234375e+002
  1.0258954620361328e+002 1.9363637924194336e+001
  3.4516622924804687e+002 3.3284088134765625e+001 1 -1
  3.7825711059570312e+002 1.0561425781250000e+002
  2.0466667175292969e+001 1.7490155029296875e+002
  9.2802764892578125e+001 1 -1 3.8266766357421875e+002
  1.0889185333251953e+002 1.9975610733032227e+001
  1.4488665771484375e+002 7.3222564697265625e+001 1 -1
  2.3363638305664062e+002 1.6728456115722656e+002
  2.0823421478271484e+001 3.3612179565429687e+002
  4.5281509399414062e+001 1 -1 3.7308575439453125e+002
