<?xml version="1.0"?>
<opencv_storage>
<keyPoints>
  2.8142987060546875e+002 4.6588645935058594e+001
  1.5580644607543945e+001 3.0190200805664062e+002
  1.5256051635742187e+002 0 -1 3.9861148071289062e+002
  4.6937713623046875e+001 1.4227722167968750e+001
  3.0825396728515625e+002 1.2996163940429687e+002 0 -1
  2.7920355224609375e+002 5.2593276977539063e+001
  1.4130251884460449e+001 7.6131401062011719e+001
  4.9029678344726563e+001 0 -1 3.9736578369140625e+002
  8.2638824462890625e+001 1.6040000915527344e+001
  1.0316697359085083e+000 1.2000167846679687e+002 0 -1
  1.9205696105957031e+002 1.0735980224609375e+002
  1.4842105865478516e+001 2.5069662475585937e+002
  4.9263168334960938e+001 0 -1 4.0687951660156250e+002
  1.0730908203125000e+002 1.3269231796264648e+001
  2.7233511352539062e+002 5.8163452148437500e+001 0 -1
  4.0500442504882812e+002 1.0745512390136719e+002
  1.4881324768066406e+001 2.6641259765625000e+002
  5.4975128173828125e+001 0 -1 2.4769335937500000e+002
  1.1863636779785156e+002 17. 3.2269921875000000e+002
  3.5208335876464844e+001 0 -1 2.4951019287109375e+002
  1.1853317260742187e+002 1.4877668380737305e+001
  3.4118136596679687e+002 3.1878517150878906e+001 0 -1
  2.2039416503906250e+002 1.2363139343261719e+002
  1.4833333969116211e+001 1.9037340164184570e+001
  5.7013900756835937e+001 0 -1 3.2149328613281250e+002
  1.2353172302246094e+002 1.6100297927856445e+001
  2.4598218917846680e+001 6.5498184204101563e+001 0 -1
  2.4842211914062500e+002 1.7533932495117187e+002
  1.4066667556762695e+001 1.0098060607910156e+001
  5.2669448852539062e+001 0 -1 4.9784811401367187e+002
  1.7912649536132812e+002 1.3354839324951172e+001
  1.8932890319824219e+002 6.5580642700195313e+001 0 -1
  3.6362994384765625e+002 2.3254547119140625e+002 15.
  2.2217163085937500e+002 3.2375000000000000e+001 0 -1
  3.6418051147460937e+002 2.8937805175781250e+002
  1.5725482940673828e+001 1.1157600402832031e+002
  6.2527297973632812e+001 0 -1 2.9007958984375000e+002
  3.1714880371093750e+002 1.4181818008422852e+001
  2.0015158081054687e+002 3.3454551696777344e+001 0 -1
  3.1560235595703125e+002 3.1745993041992187e+002
  1.3292009353637695e+001 2.0957054138183594e+002
  3.6292610168457031e+001 0 -1 3.2062304687500000e+002
  3.1806802368164062e+002 1.3909090042114258e+001
  3.4878021240234375e+002 3.4113639831542969e+001 0 -1
  2.9113821411132812e+002 3.2175839233398438e+002
  1.4503824234008789e+001 8.1664810180664063e+001
  6.5288650512695312e+001 0 -1 2.9300628662109375e+002
  3.2216802978515625e+002 1.3781250000000000e+001
  6.6411880493164062e+001 8.3820312500000000e+001 0 -1
  3.1631024169921875e+002 3.2166769409179687e+002
  1.3628571510314941e+001 1.1641985321044922e+002
  7.1289283752441406e+001 0 -1 3.1889764404296875e+002
  3.2230593872070313e+002 1.3605358123779297e+001
  7.1330772399902344e+001 8.8378311157226563e+001 0 -1
  2.8078369140625000e+002 4.6436614990234375e+001
  2.0429681777954102e+001 3.1111599731445312e+002
  1.6324490356445312e+002 1 -1 3.9749047851562500e+002
  4.6946281433105469e+001 2.0360733032226562e+001
  2.7757464599609375e+002 1.3345297241210937e+002 1 -1
  1.8885600280761719e+002 1.0251400756835937e+002
  1.8089406967163086e+001 2.5922552490234375e+002
  3.7408935546875000e+001 1 -1 1.9233010864257812e+002
  1.0865504455566406e+002 1.9262781143188477e+001
  2.4628323364257812e+002 5.7498764038085937e+001 1 -1
  2.9351943969726562e+002 1.0836848449707031e+002
  1.9890441894531250e+001 2.3074816894531250e+002
  4.6805221557617188e+001 1 -1 2.4761529541015625e+002
  1.7538792419433594e+002 1.7130357742309570e+001
  1.8247558593750000e+001 5.5085456848144531e+001 1 -1
  4.9664773559570312e+002 1.7929278564453125e+002
  2.0454545974731445e+001 1.8284346008300781e+002
  5.0920448303222656e+001 1 -1 2.4662866210937500e+002
  2.3250000000000000e+002 24. 3.1608520507812500e+002
  6.5412109375000000e+001 1 -1 3.6785519409179687e+002
  2.3233430480957031e+002 2.1902177810668945e+001
  2.7382263183593750e+002 6.4389961242675781e+001 1 -1
  2.4445845031738281e+002 2.5857202148437500e+002
  2.3513900756835938e+001 3.9194869995117188e+001
  2.2318206787109375e+002 1 -1 2.9046807861328125e+002
  3.2166046142578125e+002 1.8305459976196289e+001
  9.6592140197753906e+001 6.9017318725585937e+001 1 -1
  2.0336058044433594e+002 5.5272136688232422e+001
  2.8742219924926758e+001 3.2247048950195313e+002
  5.7724914550781250e+001 2 -1 2.4604067993164062e+002
  8.3665313720703125e+001 2.4993846893310547e+001
  1.7849842071533203e+001 1.9757737731933594e+002 2 -1
  3.9650000000000000e+002 8.4633941650390625e+001
  2.7147640228271484e+001 2.4789102172851562e+002
  1.7409968566894531e+002 2 -1 3.9719461059570312e+002
  8.4044364929199219e+001 2.6619533538818359e+001
  2.5097460937500000e+002 1.7869731140136719e+002 2 -1
  2.1266648864746094e+002 1.0059815216064453e+002
  2.6400001525878906e+001 3.3642797851562500e+002
  4.2799999237060547e+001 2 -1 1.8865737915039062e+002
  1.0301708221435547e+002 2.5500000000000000e+001
  3.3305273437500000e+002 3.5083332061767578e+001 2 -1
  4.0564544677734375e+002 1.0757491302490234e+002
  2.2485322952270508e+001 2.7221160888671875e+002
  5.4572448730468750e+001 2 -1 1.9281501770019531e+002
  1.0894421386718750e+002 1.9720542907714844e+001
  2.4605195617675781e+002 5.2816558837890625e+001 2 -1
  2.9250000000000000e+002 112. 36. 2.3758389282226562e+002 58. 2 -1
  2.4770916748046875e+002 1.1893561553955078e+002
  2.5235157012939453e+001 1.9737476110458374e-001
  4.0160083770751953e+001 2 -1 3.6840109252929687e+002
  1.1880287170410156e+002 2.4084930419921875e+001
  2.0970841979980469e+002 4.0000659942626953e+001 2 -1 319. 121. 36.
  1.4948649406433105e+001 8.7777343750000000e+001 2 -1
  3.6721963500976562e+002 1.4412565612792969e+002
  2.7438297271728516e+001 1.1286125183105469e+002
  1.8724792480468750e+002 2 -1 3.6820108032226562e+002
  1.7544059753417969e+002 2.4582008361816406e+001
  6.1865955352783203e+001 5.2020843505859375e+001 2 -1
  4.9764031982421875e+002 1.7954698181152344e+002
  2.4420597076416016e+001 1.8273220825195312e+002
  6.2050189971923828e+001 2 -1 2.4652183532714844e+002
  2.3209777832031250e+002 2.6008438110351563e+001
  3.2261614990234375e+002 6.7430236816406250e+001 2 -1
  3.6789697265625000e+002 2.3191297912597656e+002
  2.5294734954833984e+001 2.7166253662109375e+002
  6.5518089294433594e+001 2 -1 2.4401232910156250e+002
  2.5853942871093750e+002 2.8296878814697266e+001
  3.1186708450317383e+001 2.1746136474609375e+002 2 -1
  3.6718627929687500e+002 2.5822979736328125e+002
  2.8328767776489258e+001 2.5792318725585938e+002
  1.9914375305175781e+002 2 -1 2.4620408630371094e+002
  2.8888711547851562e+002 2.3148025512695313e+001
  6.9579971313476563e+001 8.6755760192871094e+001 2 -1
  3.6688485717773437e+002 2.8872305297851562e+002
  2.8867671966552734e+001 8.5397087097167969e+001
  8.2743774414062500e+001 2 -1 2.0214883422851562e+002
  5.6553726196289063e+001 3.5791786193847656e+001
  4.0868682861328125e+001 6.1002494812011719e+001 3 -1
  3.9724896240234375e+002 8.4475639343261719e+001 24.
  2.5227032470703125e+002 1.7669335937500000e+002 3 -1
  2.9522772216796875e+002 1.1326734161376953e+002
  3.9600002288818359e+001 3.1908294677734375e+002
  6.2675003051757812e+001 3 -1 3.9486791992187500e+002
  1.1292451477050781e+002 3.8658012390136719e+001
  1.7344961547851562e+002 4.1736148834228516e+001 3 -1
  4.0884069824218750e+002 1.1213428497314453e+002
  3.5090911865234375e+001 3.3562936401367187e+002
  3.4094696044921875e+001 3 -1 1.9525343322753906e+002
  1.1644775390625000e+002 4.3547927856445313e+001
  3.8931945800781250e+001 5.9813201904296875e+001 3 -1
  4.1750000000000000e+002 1.1750000000000000e+002 48.
  2.8913518905639648e+001 7.4111114501953125e+001 3 -1
  3.1492144775390625e+002 1.2165362548828125e+002
  4.3662933349609375e+001 1.8576044082641602e+001
  9.6672821044921875e+001 3 -1 3.9531835937500000e+002
  1.2178642272949219e+002 4.4012065887451172e+001
