%YAML:1.0
---
recording:
   type: VideoRecording
   recordId: Action_20180109T110943
   channelId: main
   timeStamp: "131599697837450000"
   sessionTimestamp: "0"
   width: 0
   height: 0
   frameCount: 125
   fps: 2.9969999999999999e+001
   recordingType: 2000
   frameTransformRect: [ [ -1, -1 ], [ -1, -1 ], [ -1, -1 ], [ -1, -1 ] ]
   trackingMode: 1
   segments:
      - { startFrame:30, stopFrame:50, segmentType:2000, focusFrame:-1,
          focusPoint:{ values:[ -1., -1. ], type:Vector2 }, isFragment:0 }
      - { startFrame:0, stopFrame:118, segmentType:1000, focusFrame:-1,
          focusPoint:{ values:[ -1., -1. ], type:Vector2 }, isFragment:0 }
   framesRelTs: [ "0", "290000", "550000", "880000", "1400000",
       "1590000", "1850000", "2170000", "2490000", "2820000", "3140000",
       "3460000", "3790000", "4100000", "4420000", "4750000", "5080000",
       "5400000", "5720000", "6060000", "6380000", "6700000", "7020000",
       "7340000", "7830000", "8180000", "8490000", "8830000", "9160000",
       "9360000", "9680000", "10140000", "10350000", "10650000",
       "10970000", "11280000", "11770000", "12110000", "12430000",
       "12750000", "13070000", "13400000", "13720000", "14050000",
       "14370000", "14690000", "15010000", "15350000", "15670000",
       "15990000", "16310000", "16630000", "16960000", "17280000",
       "17620000", "17930000", "18250000", "18580000", "18930000",
       "19250000", "19580000", "19900000", "20220000", "20540000",
       "20870000", "21200000", "21520000", "21840000", "22170000",
       "22490000", "22830000", "23140000", "23480000", "23790000",
       "24130000", "24440000", "24770000", "25090000", "25420000",
       "25740000", "26070000", "26390000", "26720000", "27040000",
       "27360000", "27700000", "28040000", "28340000", "28670000",
       "28990000", "29320000", "29800000", "30130000", "30330000",
       "30620000", "30950000", "31430000", "31750000", "32080000",
       "32410000", "32730000", "33050000", "33380000", "33700000",
       "34020000", "34350000", "34680000", "35020000", "35340000",
       "35680000", "35990000", "36330000", "36650000", "36990000",
       "37300000", "37630000", "37960000", "38290000", "38600000",
       "38930000", "39250000", "39580000", "39910000", "40230000",
       "40700000" ]
   chunks:
      - { path:"Recordings/Action_20180109T110943/recording.avi",
          startFrameIdx:0 }
