%YAML:1.0
---
recording:
   type: VideoRecording
   recordId: Action_20171122T094234
   channelId: main
   timeStamp: "131558173550530000"
   sessionTimestamp: "0"
   width: 0
   height: 0
   frameCount: 89
   fps: 2.9969999999999999e+001
   recordingType: 2000
   frameTransformRect: [ [ -1, -1 ], [ -1, -1 ], [ -1, -1 ], [ -1, -1 ] ]
   trackingMode: 1
   segments:
      []
   framesRelTs: [ "0", "640000", "1190000", "1760000", "3330000",
       "3810000", "4540000", "5090000", "5820000", "6410000", "7000000",
       "7500000", "8060000", "8530000", "9260000", "9810000", "10470000",
       "11020000", "11660000", "12110000", "12770000", "13230000",
       "13880000", "14360000", "15030000", "15460000", "16120000",
       "16620000", "17240000", "17800000", "18320000", "18890000",
       "19430000", "19990000", "20450000", "21030000", "21560000",
       "21990000", "22680000", "23170000", "23770000", "24290000",
       "24980000", "25560000", "26130000", "26780000", "27340000",
       "27940000", "28780000", "29340000", "29940000", "30460000",
       "31070000", "31650000", "32260000", "32750000", "33390000",
       "33920000", "34490000", "35100000", "35600000", "36110000",
       "36650000", "37240000", "37750000", "38460000", "38990000",
       "39610000", "40230000", "40680000", "41160000", "41750000",
       "42240000", "42920000", "43430000", "44010000", "44540000",
       "45130000", "45630000", "46170000", "46690000", "47300000",
       "47840000", "48390000", "48870000", "49500000", "49950000",
       "50730000", "51450000" ]
   chunks:
      - { path:"Recordings/Action_20171122T094234/recording.avi",
          startFrameIdx:0 }
