%YAML:1.0
---
recording:
   type: VideoRecording
   recordId: Action_20171124T115801
   channelId: main
   timeStamp: "131559982816700000"
   sessionTimestamp: "0"
   width: -1
   height: -1
   frameCount: 132
   fps: 2.9969999999999999e+001
   recordingType: 2000
   frameTransformRect: [ [ -1, -1 ], [ -1, -1 ], [ -1, -1 ], [ -1, -1 ] ]
   trackingMode: 1
   segments:
      - { startFrame:58, stopFrame:96, segmentType:2000, focusFrame:-1,
          focusPoint:{ values:[ -1., -1. ], type:Vector2 }, isFragment:0 }
      - { startFrame:0, stopFrame:125, segmentType:1000, focusFrame:-1,
          focusPoint:{ values:[ -1., -1. ], type:Vector2 }, isFragment:0 }
   framesRelTs: [ "0", "370000", "690000", "1010000", "1330000",
       "1650000", "1970000", "2300000", "2620000", "2940000", "3250000",
       "3570000", "3890000", "4210000", "4700000", "5010000", "5330000",
       "5650000", "5970000", "6290000", "6610000", "6930000", "7250000",
       "7570000", "7890000", "8210000", "8830000", "9040000", "9330000",
       "9650000", "9970000", "10290000", "10610000", "10930000",
       "11250000", "11570000", "11890000", "12210000", "12530000",
       "13020000", "13330000", "13650000", "13970000", "14290000",
       "14620000", "14930000", "15250000", "15570000", "15900000",
       "16210000", "16530000", "17010000", "17330000", "17650000",
       "17970000", "18290000", "18610000", "18930000", "19250000",
       "19570000", "19890000", "20210000", "20530000", "20850000",
       "21330000", "21650000", "21970000", "22290000", "22610000",
       "22930000", "23250000", "23580000", "23890000", "24210000",
       "24530000", "24850000", "25340000", "25650000", "25970000",
       "26290000", "26610000", "26930000", "27260000", "27570000",
       "27890000", "28220000", "28530000", "28850000", "29330000",
       "29650000", "29970000", "30290000", "30610000", "30930000",
       "31250000", "31570000", "31890000", "32220000", "32530000",
       "32850000", "33180000", "33650000", "33980000", "34300000",
       "34610000", "34930000", "35250000", "35570000", "35890000",
       "36210000", "36540000", "36850000", "37170000", "37650000",
       "37970000", "38290000", "38820000", "39040000", "39340000",
       "39570000", "39890000", "40210000", "40530000", "40850000",
       "41170000", "41490000", "41970000", "42290000", "42610000",
       "42930000", "43270000", "43600000" ]
   chunks:
      - { path:"Recordings/Action_20171124T115801/recording.avi",
          startFrameIdx:0 }
