%YAML:1.0
---
recording:
   type: VideoRecording
   recordId: Action_20180109T152819
   channelId: main
   timeStamp: "131599852997020000"
   sessionTimestamp: "0"
   width: 0
   height: 0
   frameCount: 252
   fps: 2.9969999999999999e+001
   recordingType: 2000
   frameTransformRect: [ [ -1, -1 ], [ -1, -1 ], [ -1, -1 ], [ -1, -1 ] ]
   trackingMode: 0
   segments:
      - { startFrame:19, stopFrame:44, segmentType:2000, focusFrame:-1,
          focusPoint:{ values:[ -1., -1. ], type:Vector2 }, isFragment:0 }
      - { startFrame:48, stopFrame:69, segmentType:2000, focusFrame:-1,
          focusPoint:{ values:[ -1., -1. ], type:Vector2 }, isFragment:0 }
      - { startFrame:0, stopFrame:245, segmentType:1000, focusFrame:-1,
          focusPoint:{ values:[ -1., -1. ], type:Vector2 }, isFragment:0 }
   framesRelTs: [ "0", "240000", "1010000", "1200000", "1380000",
       "1550000", "1730000", "1880000", "3050000", "3230000", "3390000",
       "3570000", "3730000", "3940000", "4690000", "4880000", "5040000",
       "5220000", "5380000", "5560000", "6300000", "6460000", "6630000",
       "6800000", "6960000", "7220000", "7940000", "8130000", "8280000",
       "8530000", "8860000", "9180000", "9550000", "9850000", "10170000",
       "10500000", "11170000", "11340000", "11530000", "11810000",
       "12130000", "12780000", "12940000", "13140000", "13460000",
       "13790000", "14380000", "14530000", "14770000", "15110000",
       "15430000", "15990000", "16150000", "16410000", "16760000",
       "17070000", "17620000", "17790000", "18060000", "18390000",
       "18720000", "19250000", "19430000", "19700000", "20030000",
       "20350000", "20890000", "21050000", "21340000", "21690000",
       "21990000", "22530000", "22700000", "22970000", "23310000",
       "23630000", "24160000", "24320000", "24610000", "24950000",
       "25270000", "25780000", "25950000", "26260000", "26600000",
       "26920000", "27420000", "27600000", "27900000", "28230000",
       "28560000", "29020000", "29220000", "29560000", "29880000",
       "30220000", "30660000", "30870000", "31080000", "31370000",
       "31700000", "32290000", "32510000", "32840000", "33190000",
       "33380000", "33960000", "34110000", "34340000", "34670000",
       "34990000", "35550000", "35710000", "35970000", "36300000",
       "36620000", "37160000", "37330000", "37610000", "37940000",
       "38260000", "38760000", "38940000", "39250000", "39600000",
       "39900000", "40410000", "40580000", "40880000", "41230000",
       "41550000", "42000000", "42200000", "42530000", "42860000",
       "43200000", "43640000", "43840000", "44180000", "44510000",
       "44830000", "45250000", "45500000", "45820000", "46150000",
       "46470000", "46860000", "47140000", "47460000", "47790000",
       "48440000", "48590000", "48790000", "49120000", "49440000",
       "50020000", "50180000", "50430000", "50760000", "51080000",
       "51610000", "51770000", "52070000", "52410000", "52720000",
       "53250000", "53420000", "53720000", "54050000", "54360000",
       "54890000", "55070000", "55360000", "55690000", "56000000",
       "56520000", "56690000", "56990000", "57330000", "57650000",
       "58150000", "58330000", "58630000", "58960000", "59300000",
       "59750000", "59950000", "60270000", "60610000", "60940000",
       "61360000", "61580000", "61910000", "62250000", "62570000",
       "62970000", "63220000", "63550000", "63870000", "64220000",
       "64560000", "64880000", "65190000", "65520000", "66170000",
       "66340000", "66540000", "66850000", "67180000", "67770000",
       "67940000", "68160000", "68490000", "68810000", "69390000",
       "69550000", "69790000", "70160000", "70500000", "71240000",
       "71410000", "71590000", "71790000", "72110000", "72440000",
       "72880000", "73100000", "73440000", "73780000", "74100000",
       "74530000", "74750000", "75080000", "75410000", "75760000",
       "76170000", "76400000", "76720000", "76910000", "77390000",
       "77760000", "78060000", "78260000", "78540000", "78870000",
       "79390000", "79560000", "79850000", "80180000", "80500000",
       "81020000", "82360000" ]
   chunks:
      - { path:"Recordings/Action_20180109T152819/recording.avi",
          startFrameIdx:0 }
