%YAML:1.0
---
recording:
   type: VideoRecording
   recordId: Action_20180109T151643
   channelId: main
   timeStamp: "131599846030490000"
   sessionTimestamp: "0"
   width: -1
   height: -1
   frameCount: 192
   fps: 2.9969999999999999e+001
   recordingType: 2000
   frameTransformRect: [ [ -1, -1 ], [ -1, -1 ], [ -1, -1 ], [ -1, -1 ] ]
   trackingMode: 0
   segments:
      - { startFrame:25, stopFrame:159, segmentType:2000, focusFrame:-1,
          focusPoint:{ values:[ -1., -1. ], type:Vector2 }, isFragment:0 }
      - { startFrame:0, stopFrame:185, segmentType:1000, focusFrame:-1,
          focusPoint:{ values:[ -1., -1. ], type:Vector2 }, isFragment:0 }
   framesRelTs: [ "0", "220000", "440000", "700000", "1030000",
       "1860000", "2040000", "2210000", "2390000", "2670000", "3010000",
       "3330000", "3660000", "4000000", "4310000", "4640000", "4960000",
       "5280000", "5620000", "5980000", "6280000", "6600000", "6930000",
       "7350000", "7580000", "7910000", "8250000", "8570000", "8900000",
       "9220000", "9570000", "9890000", "10220000", "10550000",
       "10880000", "11200000", "11530000", "11860000", "12180000",
       "12510000", "12840000", "13170000", "13500000", "13820000",
       "14150000", "14480000", "14800000", "15130000", "15480000",
       "15790000", "16130000", "16460000", "16800000", "17110000",
       "17440000", "17770000", "18180000", "18420000", "18760000",
       "19080000", "19530000", "19750000", "20060000", "20400000",
       "20720000", "21050000", "21370000", "21700000", "22030000",
       "22350000", "22690000", "23030000", "23340000", "23690000",
       "24020000", "24330000", "24650000", "25040000", "25330000",
       "25640000", "25980000", "26400000", "26630000", "26960000",
       "27300000", "27630000", "27950000", "28280000", "28610000",
       "28950000", "29270000", "29600000", "29930000", "30240000",
       "30570000", "30910000", "31230000", "31560000", "31910000",
       "32220000", "32540000", "32860000", "33280000", "33540000",
       "33850000", "34180000", "34650000", "34850000", "35160000",
       "35490000", "35820000", "36140000", "36470000", "36800000",
       "37130000", "37450000", "37780000", "38120000", "38440000",
       "38770000", "39100000", "39430000", "39760000", "40090000",
       "40410000", "40750000", "41080000", "41400000", "41730000",
       "42060000", "42390000", "42720000", "43070000", "43380000",
       "43710000", "44110000", "44370000", "44690000", "45020000",
       "45340000", "45680000", "46010000", "46340000", "46670000",
       "47000000", "47330000", "47660000", "47870000", "48310000",
       "48510000", "48970000", "49180000", "49630000", "49950000",
       "50280000", "50610000", "50930000", "51260000", "51590000",
       "51920000", "52250000", "52440000", "52750000", "53240000",
       "53440000", "53730000", "54060000", "54390000", "54710000",
       "55040000", "55370000", "55700000", "56030000", "56350000",
       "56680000", "57010000", "57340000", "57680000", "58000000",
       "58320000", "58640000", "59040000", "59310000", "59620000",
       "59960000", "60390000", "60610000", "60930000", "61280000",
       "61620000", "61920000", "62380000" ]
   chunks:
      - { path:"Recordings/Action_20180109T151643/recording.avi",
          startFrameIdx:0 }
