%YAML:1.0
---
recording:
   type: VideoRecording
   recordId: Check_20180112T102425
   channelId: main
   timeStamp: "131602262654440000"
   sessionTimestamp: "0"
   width: -1
   height: -1
   frameCount: 65
   fps: 2.9969999999999999e+001
   recordingType: 2000
   frameTransformRect: [ [ -1, -1 ], [ -1, -1 ], [ -1, -1 ], [ -1, -1 ] ]
   trackingMode: 0
   segments:
      - { startFrame:0, stopFrame:58, segmentType:1000, focusFrame:-1,
          focusPoint:{ values:[ -1., -1. ], type:Vector2 }, isFragment:0 }
   framesRelTs: [ "0", "330000", "600000", "910000", "1570000",
       "1740000", "1940000", "2220000", "2550000", "2880000", "3200000",
       "3520000", "3860000", "4180000", "4510000", "4830000", "5190000",
       "5530000", "5840000", "6160000", "6490000", "6810000", "7150000",
       "7470000", "7800000", "8130000", "8460000", "8790000", "9120000",
       "9450000", "9770000", "10100000", "10440000", "10770000",
       "11090000", "11410000", "11740000", "12060000", "12390000",
       "12730000", "13040000", "13380000", "13710000", "14020000",
       "14360000", "14690000", "15010000", "15350000", "15680000",
       "16010000", "16330000", "16650000", "16990000", "17310000",
       "17630000", "17960000", "18280000", "18630000", "18940000",
       "19270000", "19610000", "19940000", "20270000", "20600000",
       "21020000" ]
   chunks:
      - { path:"Recordings/Check_20180112T102425/recording.avi",
          startFrameIdx:0 }
