<?xml version="1.0"?>
<opencv_storage>
<keyPoints>
  2.7154409790039062e+002 2.5453500747680664e+001
  1.4804440498352051e+001 8.9853210449218750e+001
  3.3709953308105469e+001 0 -1 3.1058493041992187e+002
  2.6322282791137695e+001 1.2130435943603516e+001
  8.6571304321289063e+001 5.1010864257812500e+001 0 -1 316.
  2.6896760940551758e+001 1.2320517539978027e+001
  8.3373062133789063e+001 3.3773147583007812e+001 0 -1
  4.1113140869140625e+002 2.7100131988525391e+001
  1.2488372802734375e+001 8.7999351501464844e+001
  4.8142440795898437e+001 0 -1 2.6728775024414062e+002
  2.7903703689575195e+001 1.3826788902282715e+001
  8.9000312805175781e+001 6.5765533447265625e+001 0 -1
  3.9153274536132812e+002 2.7978240966796875e+001
  1.3823528289794922e+001 9.4630599975585938e+001
  5.8355407714843750e+001 0 -1 2.2589730834960937e+002
  2.9505920410156250e+001 1.2629153251647949e+001
  9.4666023254394531e+001 4.1282958984375000e+001 0 -1
  2.5965780639648437e+002 2.9964408874511719e+001
  1.1618181228637695e+001 8.5488563537597656e+001
  3.7111358642578125e+001 0 -1 2.7534176635742187e+002
  2.9646547317504883e+001 1.3694948196411133e+001
  9.3669860839843750e+001 3.7200897216796875e+001 0 -1
  4.1406915283203125e+002 3.0003751754760742e+001
  1.1399999618530273e+001 8.3206665039062500e+001
  3.5199996948242187e+001 0 -1 4.1893582153320312e+002
  3.1806676864624023e+001 1.2272727012634277e+001
  8.0236595153808594e+001 3.1022727966308594e+001 0 -1
  3.7463198852539062e+002 4.2316741943359375e+001
  1.4333333015441895e+001 2.0270201110839844e+002
  6.1083328247070312e+001 0 -1 3.9735562133789062e+002
  4.4834812164306641e+001 1.6214284896850586e+001
  3.0873376464843750e+002 1.4372024536132812e+002 0 -1
  2.8338681030273437e+002 4.9855304718017578e+001
  1.4268293380737305e+001 2.4575981140136719e+001
  4.6929870605468750e+001 0 -1 2.3039381408691406e+002
  5.4795043945312500e+001 15. 1.1947102546691895e+001
  5.4625000000000000e+001 0 -1 2.5089012145996094e+002
  8.0996147155761719e+001 1.3551724433898926e+001
  3.3781774902343750e+002 3.4969825744628906e+001 0 -1
  3.1154425048828125e+002 8.5298507690429688e+001
  1.4875000000000000e+001 2.7960418701171875e+002
  6.4510421752929688e+001 0 -1 4.0180584716796875e+002
  8.5901756286621094e+001 1.3263156890869141e+001
  1.1144791603088379e+001 3.7842102050781250e+001 0 -1
  2.1575488281250000e+002 1.0171489715576172e+002
  1.3269231796264648e+001 2.7555523681640625e+002
  5.1163452148437500e+001 0 -1 3.9485769653320312e+002
  1.0316256713867187e+002 12. 2.5341127014160156e+002
  3.1797851562500000e+001 0 -1 4.2242016601562500e+002
  1.0353571319580078e+002 1.3489755630493164e+001
  2.9826541137695312e+002 5.5654785156250000e+001 0 -1
  4.2032931518554688e+002 1.0382608795166016e+002
  1.4478260993957520e+001 2.9389950561523437e+002
  3.7961959838867188e+001 0 -1 2.1129473876953125e+002
  1.0564711761474609e+002 1.2818181991577148e+001
  2.6420849609375000e+002 3.1306823730468750e+001 0 -1
  1.9185646057128906e+002 1.0665530395507812e+002
  1.5250000000000000e+001 2.2722889709472656e+002
  7.1041671752929688e+001 0 -1 2.4703965759277344e+002
  1.1211819458007812e+002 1.3878808975219727e+001
  2.9491235351562500e+002 4.9049972534179688e+001 0 -1
  2.4638830566406250e+002 1.1760925292968750e+002
  1.5923077583312988e+001 3.0439160156250000e+002
  4.9557693481445313e+001 0 -1 491. 125. 1.3588235855102539e+001
  1.7576275634765625e+002 4.3191177368164063e+001 0 -1
  2.4639649963378906e+002 1.6972299194335937e+002
  1.7074913024902344e+001 4.9206893920898438e+001
  4.9505264282226563e+001 0 -1 4.9706442260742187e+002
  1.7669540405273437e+002 1.4103448867797852e+001
  1.9250390625000000e+002 1.2034628295898438e+002 0 -1
  4.9200247192382812e+002 1.8022776794433594e+002
  1.5093924522399902e+001 1.7643768310546875e+002
  4.3010704040527344e+001 0 -1 2.4681713867187500e+002
  2.8247747802734375e+002 1.3615385055541992e+001
  3.1048425292968750e+002 3.1942306518554688e+001 0 -1
  2.4076770019531250e+002 2.8490240478515625e+002
  1.2333333969116211e+001 1.9785302734375000e+002
  4.9055557250976563e+001 0 -1 2.4545149230957031e+002
  2.8567517089843750e+002 1.5455961227416992e+001
  3.0152056884765625e+002 6.1316719055175781e+001 0 -1
  2.9298767089843750e+002 3.1831921386718750e+002 14.
  3.2180728149414062e+002 3.0666664123535156e+001 0 -1
  2.9099896240234375e+002 3.1995077514648437e+002 12.
  3.3175189208984375e+002 41. 0 -1 2.9259002685546875e+002
  3.2189654541015625e+002 1.1526315689086914e+001
  4.0259118080139160e+000 5.8118415832519531e+001 0 -1
  3.1810568237304687e+002 3.2181091308593750e+002
  1.2739130973815918e+001 3.1971240997314453e+001
  8.0523559570312500e+001 0 -1 3.9727032470703125e+002
  4.6095184326171875e+001 2.1868171691894531e+001
  8.2785118103027344e+001 2.1237707519531250e+002 1 -1
  2.7570578002929687e+002 4.9031917572021484e+001
  1.9119520187377930e+001 1.5079315185546875e+002
  6.9222167968750000e+001 1 -1 3.1129898071289062e+002
  8.5079132080078125e+001 1.7261833190917969e+001
  2.7142321777343750e+002 6.4740097045898437e+001 1 -1
  2.1936349487304687e+002 1.0650000000000000e+002 24.
  3.1138552856445312e+002 8.6301757812500000e+001 1 -1
  4.2050000000000000e+002 1.0650000000000000e+002 24.
  3.2376641845703125e+002 89. 1 -1 2.9328833007812500e+002
  1.0809310913085937e+002 24. 2.2205616760253906e+002
  1.2659667968750000e+002 1 -1 3.0160995483398438e+002
  1.0936312103271484e+002 2.0657142639160156e+001
  2.5691815185546875e+002 6.7432128906250000e+001 1 -1
  3.0926086425781250e+002 1.0956690979003906e+002
  1.8276412963867188e+001 2.8767068481445312e+002
  6.2052459716796875e+001 1 -1 3.6775000000000000e+002
  1.1607678222656250e+002 1.9919761657714844e+001
  2.0837420654296875e+002 7.9921127319335938e+001 1 -1
  4.9123596191406250e+002 1.2489816284179687e+002
  1.6578947067260742e+001 1.7901712036132812e+002
  4.6532897949218750e+001 1 -1 2.4450000000000000e+002
  1.4250000000000000e+002 24. 6.8065991401672363e+000
  1.8211132812500000e+002 1 -1 2.4625000000000000e+002
  1.7090736389160156e+002 1.8935739517211914e+001
  5.7217922210693359e+001 6.2072433471679688e+001 1 -1
  4.9664755249023437e+002 1.7719606018066406e+002
  1.8230186462402344e+001 1.8373915100097656e+002
  1.1801594543457031e+002 1 -1 4.9154174804687500e+002
  1.8018499755859375e+002 1.6439834594726563e+001
  1.7891162109375000e+002 4.2568054199218750e+001 1 -1
  2.4590798950195312e+002 2.2849385070800781e+002 21.
  2.9794345092773437e+002 6.5500007629394531e+001 1 -1
  3.6699478149414062e+002 2.8555593872070312e+002
  2.1988288879394531e+001 5.9534095764160156e+001
  8.6121353149414063e+001 1 -1 3.7451516723632812e+002
  4.2009849548339844e+001 2.1080139160156250e+001
  1.1416252899169922e+002 6.0995620727539063e+001 2 -1
  2.7947033691406250e+002 4.5677040100097656e+001
  2.8492877960205078e+001 8.7521621704101563e+001
  2.0817463684082031e+002 2 -1 2.4520372009277344e+002
  8.3208900451660156e+001 2.7251499176025391e+001
  3.5697366333007812e+002 1.9028816223144531e+002 2 -1
  3.1134719848632812e+002 8.5942535400390625e+001 18.
  2.7437011718750000e+002 6.4312500000000000e+001 2 -1
  3.9691873168945312e+002 8.3959434509277344e+001
  2.5827045440673828e+001 2.5715173339843750e+002
  1.9398768615722656e+002 2 -1 3.9528204345703125e+002
  8.5295257568359375e+001 3.0296493530273438e+001
  2.5115609741210937e+002 2.0914477539062500e+002 2 -1
  2.0715480041503906e+002 1.0850000000000000e+002
  2.8783784866333008e+001 2.4285119628906250e+002
  5.5920063018798828e+001 2 -1 2.1889445495605469e+002
  1.0742312622070312e+002 2.9951515197753906e+001
  3.0087380981445312e+002 8.7820289611816406e+001 2 -1
  3.1965542602539062e+002 1.0763134765625000e+002
  3.0257143020629883e+001 3.2464111328125000e+002
  1.0034405517578125e+002 2 -1 4.1980096435546875e+002
  1.0827648925781250e+002 3.4137722015380859e+001
  3.3289776611328125e+002 1.1150424957275391e+002 2 -1
  1.9221052551269531e+002 1.0926612091064453e+002
