<?xml version="1.0"?>
<opencv_storage>
<keyPoints>
  2.2051091003417969e+002 2.9871500015258789e+001
  1.3110960006713867e+001 8.3864616394042969e+001
  4.8240051269531250e+001 0 -1 3.8875839233398437e+002
  3.0032819747924805e+001 1.1307692527770996e+001
  1.9639337158203125e+002 3.3346145629882813e+001 0 -1
  2.7950323486328125e+002 5.5704425811767578e+001
  1.3591791152954102e+001 7.8219200134277344e+001
  4.6173187255859375e+001 0 -1 4.4558993530273437e+002
  6.8789260864257813e+001 1.3965517044067383e+001
  2.7153963088989258e+001 3.4556030273437500e+001 0 -1
  2.0513073730468750e+002 7.4002326965332031e+001
  1.3456961631774902e+001 1.0822513580322266e+001
  1.2737362670898438e+002 0 -1 2.6850897216796875e+002
  7.5768844604492188e+001 1.3561012268066406e+001
  2.9270782470703125e+002 1.3161614990234375e+002 0 -1
  2.0496611022949219e+002 7.8525054931640625e+001
  1.2918138504028320e+001 4.9093383789062500e+001
  1.1422717285156250e+002 0 -1 2.6796578979492187e+002
  7.9761894226074219e+001 1.3200000762939453e+001
  2.9899624633789062e+002 1.2739999389648437e+002 0 -1
  4.3139196777343750e+002 8.3686134338378906e+001
  1.4076922416687012e+001 8.6327377319335937e+001
  6.2115371704101563e+001 0 -1 4.6596429443359375e+002
  9.7997795104980469e+001 1.2352941513061523e+001
  2.5712057495117187e+002 3.6058822631835938e+001 0 -1
  4.7653063964843750e+002 9.8897926330566406e+001
  1.3276596069335938e+001 2.9037820434570312e+002
  1.0412765502929687e+002 0 -1 2.3617163085937500e+002
  1.0082498931884766e+002 1.4672930717468262e+001
  6.4116188049316406e+001 3.6451080322265625e+001 0 -1
  3.7941345214843750e+002 1.0548474121093750e+002
  1.3813273429870605e+001 2.8482360839843750e+002
  3.5264083862304688e+001 0 -1 4.8346942138671875e+002
  1.0645430755615234e+002 1.5601900100708008e+001
  3.1008432006835937e+002 8.0386718750000000e+001 0 -1
  4.5000692749023437e+002 1.1400193023681641e+002
  1.1888888359069824e+001 1.7954203796386719e+002
  4.1009262084960938e+001 0 -1 4.7915347290039062e+002
  1.1610649871826172e+002 1.3166666030883789e+001
  2.0019769287109375e+002 3.0680557250976563e+001 0 -1
  4.8165078735351562e+002 1.1841572570800781e+002
  1.5083120346069336e+001 3.5703219604492187e+002
  1.0201400756835937e+002 0 -1 4.5488290405273438e+002
  1.2185630798339844e+002 1.4441860198974609e+001
  1.0136204528808594e+002 6.2561050415039062e+001 0 -1
  4.7884228515625000e+002 1.2716690826416016e+002
  1.4605988502502441e+001 8.4544563293457031e+001
  4.6131065368652344e+001 0 -1 2.4295104980468750e+002
  1.6757171630859375e+002 1.3463438034057617e+001
  3.4202038574218750e+002 3.2031517028808594e+001 0 -1
  4.3894668579101563e+002 1.7079124450683594e+002 12.
  2.6777407836914062e+002 56. 0 -1 3.7831207275390625e+002
  1.7151922607421875e+002 1.4242984771728516e+001
  2.0668945312500000e+002 3.9762191772460938e+001 0 -1
  4.4074987792968750e+002 1.7569479370117187e+002
  1.3263156890869141e+001 2.7747332763671875e+002
  4.8842102050781250e+001 0 -1 4.3150711059570312e+002
  1.7918014526367188e+002 1.2642857551574707e+001
  2.5263766479492188e+002 5.1321426391601562e+001 0 -1
  4.9263989257812500e+002 1.7877659606933594e+002
  1.1709677696228027e+001 2.5393472290039063e+002
  3.0036293029785156e+001 0 -1 4.8802316284179687e+002
  1.8163479614257812e+002 1.2870967864990234e+001
  2.4303269958496094e+002 3.4326614379882812e+001 0 -1
  4.5706710815429687e+002 1.8217105102539062e+002
  1.2599999427795410e+001 3.0546099853515625e+002
  3.1125000000000000e+001 0 -1 4.5914077758789063e+002
  1.8500483703613281e+002 1.2299999237060547e+001
  3.1658480834960937e+002 4.1049995422363281e+001 0 -1
  4.8325000000000000e+002 1.8625000000000000e+002 18.
  2.2554235839843750e+002 3.5888671875000000e+001 0 -1
  4.6157937622070312e+002 1.8934820556640625e+002 15.
  3.3163284301757812e+002 7.8875000000000000e+001 0 -1
  4.5661361694335937e+002 1.9755307006835937e+002
  1.4077374458312988e+001 1.4683783531188965e+001
  7.4727645874023437e+001 0 -1 4.2910009765625000e+002
  1.9897807312011719e+002 15. 1.2417562866210937e+002
  3.8500000000000000e+001 0 -1 4.8681634521484375e+002
  2.0019598388671875e+002 1.3394367218017578e+001
  1.2518773651123047e+002 8.6917266845703125e+001 0 -1
  4.3066842651367187e+002 2.0166844177246094e+002
  1.2446808815002441e+001 8.9397979736328125e+001
  3.7130325317382813e+001 0 -1 4.8997161865234375e+002
  2.0565811157226562e+002 1.3212766647338867e+001
  1.1978890991210937e+002 5.9960098266601563e+001 0 -1
  4.3588259887695312e+002 2.0749920654296875e+002
  1.3363636016845703e+001 1.0845870208740234e+002
  4.4136367797851563e+001 0 -1 4.9588601684570312e+002
  2.0934448242187500e+002 1.2795917510986328e+001
  1.2853215026855469e+002 5.3431121826171875e+001 0 -1
  4.3123538208007812e+002 2.1252416992187500e+002 15.
  1.1627741241455078e+002 3.9625000000000000e+001 0 -1
  3.7681268310546875e+002 2.3771640014648437e+002
  1.3692655563354492e+001 7.0520301818847656e+001
  3.4134170532226563e+001 0 -1 4.3347711181640625e+002
  2.4844879150390625e+002 1.3228729248046875e+001
  2.6120550537109375e+002 6.6615142822265625e+001 0 -1
  4.2813461303710937e+002 2.5330072021484375e+002
  1.0935483932495117e+001 2.6070431518554687e+002
  3.9487903594970703e+001 0 -1 4.5052828979492187e+002
  2.5426121520996094e+002 1.4526315689086914e+001
  2.9271588134765625e+002 6.5368423461914063e+001 0 -1
  4.4358999633789062e+002 2.5612924194335937e+002
  1.3250000000000000e+001 1.8327430725097656e+002
  3.4520835876464844e+001 0 -1 4.3139123535156250e+002
  2.5739666748046875e+002 1.4500000000000000e+001
  3.2183386230468750e+002 3.2083335876464844e+001 0 -1
  4.2253073120117187e+002 2.5901971435546875e+002
  1.3212766647338867e+001 2.3100617980957031e+002
  5.3960098266601563e+001 0 -1 4.4671298217773437e+002
  2.5863604736328125e+002 1.3408163070678711e+001
  2.0240870666503906e+002 5.0349502563476563e+001 0 -1
  4.5559768676757812e+002 260. 1.2405706405639648e+001
  3.2955871582031250e+002 5.9713348388671875e+001 0 -1
  4.2396762084960937e+002 2.6171435546875000e+002
  1.1584615707397461e+001 2.6897854614257812e+002
  4.3155776977539062e+001 0 -1 4.2313439941406250e+002
  2.6506488037109375e+002 1.3327762603759766e+001
  1.9693556213378906e+002 4.2330780029296875e+001 0 -1
  4.2481039428710937e+002 2.7331271362304688e+002
  1.4739130020141602e+001 1.2678945922851562e+002
  7.0793472290039063e+001 0 -1 4.2760806274414062e+002
  2.7826300048828125e+002 13. 9.7491432189941406e+001
  5.4791656494140625e+001 0 -1 4.3095373535156250e+002
  2.7887011718750000e+002 1.3399999618530273e+001
  6.8650794982910156e+001 5.2224990844726563e+001 0 -1
  4.4208959960937500e+002 2.8067959594726562e+002
  1.4478260993957520e+001 1.2616045379638672e+002
  3.3961959838867188e+001 0 -1 4.3426315307617187e+002
  2.8378289794921875e+002 1.7210525512695313e+001
  1.0350669860839844e+002 4.9164474487304688e+001 0 -1
  3.7475915527343750e+002 3.0367251586914063e+002
  1.4343463897705078e+001 1.6671124267578125e+002
  3.2943069458007812e+001 0 -1 3.4276696777343750e+002
  8.1712127685546875e+001 1.6333333969116211e+001
  1.5846220397949219e+002 1.6738888549804687e+002 1 -1
  3.7906021118164062e+002 1.0355753326416016e+002
  1.9279998779296875e+001 3.2052087402343750e+002
  3.4801666259765625e+001 1 -1 4.5673330688476562e+002
  1.1358944702148437e+002 1.9846153259277344e+001
  1.9060134887695312e+002 4.2230773925781250e+001 1 -1
  4.8099261474609375e+002 1.1930235290527344e+002
  1.8610757827758789e+001 1.7123517990112305e+001
  1.0355801391601562e+002 1 -1 4.7939593505859375e+002
  1.2576135253906250e+002 2.0302326202392578e+001
  5.2132278442382813e+001 7.9165710449218750e+001 1 -1
  4.5988531494140625e+002 1.2560908508300781e+002
  2.0555553436279297e+001 1.3146214294433594e+002
  4.3449066162109375e+001 1 -1 4.6627767944335937e+002
  1.2884133911132812e+002 2.0437492370605469e+001
  1.0575688934326172e+002 4.2760375976562500e+001 1 -1
  4.6103033447265625e+002 1.3548561096191406e+002
