<?xml version="1.0"?>
<opencv_storage>
<keyPoints>
  2.6095266723632812e+002 2.5183895111083984e+001
  1.3411963462829590e+001 8.8916061401367188e+001
  3.5780311584472656e+001 0 -1 2.6750231933593750e+002
  2.5255870819091797e+001 1.3824790954589844e+001
  8.8349334716796875e+001 4.3495346069335938e+001 0 -1
  2.7110299682617187e+002 2.5287988662719727e+001
  1.4601297378540039e+001 8.9640853881835938e+001
  3.7035316467285156e+001 0 -1 3.1020419311523438e+002
  2.6336742401123047e+001 1.2719999313354492e+001
  8.7053108215332031e+001 5.3360000610351562e+001 0 -1
  3.1437179565429687e+002 2.6796813964843750e+001
  1.1553191184997559e+001 8.2445259094238281e+001
  3.7130325317382813e+001 0 -1 4.1102102661132812e+002
  2.6842241287231445e+001 1.1916198730468750e+001
  8.7278419494628906e+001 4.1402908325195313e+001 0 -1
  2.6660327148437500e+002 2.7740751266479492e+001
  1.3625000000000000e+001 8.9062767028808594e+001
  5.9760421752929688e+001 0 -1 3.8865405273437500e+002
  2.7445962905883789e+001 1.6033641815185547e+001
  9.4680381774902344e+001 4.8975784301757813e+001 0 -1
  3.9146264648437500e+002 2.7716856002807617e+001
  1.3229509353637695e+001 9.4755317687988281e+001
  6.0280746459960938e+001 0 -1 4.0261404418945312e+002
  2.7484165191650391e+001 1.4395462989807129e+001
  9.2349037170410156e+001 5.3457824707031250e+001 0 -1
  4.1570867919921875e+002 2.7609975814819336e+001
  1.2476425170898438e+001 8.4384689331054688e+001
  3.2081611633300781e+001 0 -1 2.2584431457519531e+002
  2.9135181427001953e+001 1.3383852005004883e+001
  9.3127311706542969e+001 4.5733917236328125e+001 0 -1
  2.7558822631835937e+002 2.9481704711914062e+001
  1.3714286804199219e+001 9.4287284851074219e+001
  3.7142860412597656e+001 0 -1 3.1452853393554687e+002
  2.9135345458984375e+001 1.3319999694824219e+001
  8.4202590942382812e+001 3.3605003356933594e+001 0 -1
  2.5911608886718750e+002 2.9555030822753906e+001
  1.1608695983886719e+001 8.5625289916992188e+001
  3.1097824096679688e+001 0 -1 4.1392147827148437e+002
  2.9897954940795898e+001 1.1511627197265625e+001
  8.2531524658203125e+001 3.6142440795898438e+001 0 -1
  3.7448114013671875e+002 4.2103042602539063e+001
  1.4111694335937500e+001 2.0398158264160156e+002
  5.8037765502929687e+001 0 -1 3.9719387817382812e+002
  4.4882389068603516e+001 1.6647901535034180e+001
  3.2364007568359375e+002 1.4073721313476562e+002 0 -1
  2.8155618286132812e+002 4.4926177978515625e+001
  1.4163934707641602e+001 3.1831744384765625e+002
  1.3193444824218750e+002 0 -1 2.8308395385742187e+002
  4.9686637878417969e+001 1.3178571701049805e+001
  2.1358371734619141e+001 5.0080352783203125e+001 0 -1
  2.7847915649414062e+002 5.1665008544921875e+001
  1.4420485496520996e+001 8.6779129028320312e+001
  9.0587066650390625e+001 0 -1 2.4541372680664062e+002
  8.0733421325683594e+001 1.5494845390319824e+001
  3.1359985351562500e+002 1.3945489501953125e+002 0 -1
  2.5082545471191406e+002 8.0418441772460938e+001
  1.2750000000000000e+001 3.4527362060546875e+002
  3.1187500000000000e+001 0 -1 3.1143200683593750e+002
  8.5287704467773438e+001 1.4700971603393555e+001
  3.4998867797851562e+002 6.0380050659179688e+001 0 -1
  4.0178335571289062e+002 8.5749519348144531e+001
  1.2562500000000000e+001 1.2925369262695312e+001
  3.8140625000000000e+001 0 -1 1.9022294616699219e+002
  1.0205029296875000e+002 1.1118704795837402e+001
  2.4589619445800781e+002 3.1148841857910156e+001 0 -1
  2.1562919616699219e+002 1.0149336242675781e+002
  1.2230768203735352e+001 2.7563024902343750e+002
  5.5048065185546875e+001 0 -1 3.9460702514648437e+002
  1.0289764404296875e+002 1.1294117927551270e+001
  2.5398674011230469e+002 3.4235298156738281e+001 0 -1 421. 105. 18.
  3.0823202514648437e+002 49. 0 -1 2.1107226562500000e+002
  1.0531855773925781e+002 1.2473684310913086e+001
  2.6393997192382812e+002 4.8177627563476562e+001 0 -1
  1.9160437011718750e+002 1.0659745788574219e+002
  1.5838271141052246e+001 2.2354656982421875e+002
  7.6874298095703125e+001 0 -1 3.0175000000000000e+002
  1.0975000000000000e+002 18. 2.5638430786132812e+002
  5.8666992187500000e+001 0 -1 2.4557276916503906e+002
  1.1166928863525391e+002 1.3565217018127441e+001
  3.4199523925781250e+002 4.1565216064453125e+001 0 -1
  2.4554121398925781e+002 1.1248446655273437e+002
  1.4009243011474609e+001 3.4197772216796875e+002
  4.0908035278320313e+001 0 -1 4.7196682739257812e+002
  1.2694615173339844e+002 1.3234664916992187e+001
  2.4286859130859375e+002 3.2261581420898437e+001 0 -1
  3.6477545166015625e+002 1.2970921325683594e+002
  1.2692307472229004e+001 3.5215707397460937e+002
  3.0259613037109375e+001 0 -1 2.4849533081054687e+002
  1.2945646667480469e+002 1.4860465049743652e+001
  3.5290057373046875e+002 5.5886627197265625e+001 0 -1
  3.7143466186523437e+002 1.2975680541992187e+002
  1.3750000000000000e+001 3.5802020263671875e+002
  5.4041671752929688e+001 0 -1 3.7434756469726562e+002
  1.3001167297363281e+002 13. 3.3742189407348633e+000
  5.6791656494140625e+001 0 -1 2.3667262268066406e+002
  1.5416668701171875e+002 1.2833333015441895e+001
  3.1340709686279297e+001 4.3347221374511719e+001 0 -1
  2.4584559631347656e+002 1.5460734558105469e+002
  1.5907493591308594e+001 7.9492549896240234e+000
  4.1027183532714844e+001 0 -1 2.4838696289062500e+002
  1.5412818908691406e+002 1.3710065841674805e+001
  1.3057004928588867e+001 6.8039642333984375e+001 0 -1
  3.6325000000000000e+002 1.5475000000000000e+002 18.
  1.1071088790893555e+001 4.7888671875000000e+001 0 -1
  3.7355523681640625e+002 1.5491204833984375e+002
  1.4052560806274414e+001 3.9716643095016479e-001
  4.9540573120117187e+001 0 -1 4.9032159423828125e+002
  1.7082382202148437e+002 9.7741937637329102e+000
  4.5030921936035156e+001 4.3133064270019531e+001 0 -1
  2.4553457641601562e+002 1.7185418701171875e+002 13.
  2.9725360870361328e+000 3.9708328247070313e+001 0 -1
  4.7185498046875000e+002 1.8157313537597656e+002
  1.3333333969116211e+001 2.1833142089843750e+002
  3.3888900756835938e+001 0 -1 2.3902297973632812e+002
  1.9098727416992187e+002 1.2677418708801270e+001
  3.7901428222656250e+001 3.0197578430175781e+001 0 -1
  2.6157861328125000e+002 1.9134658813476562e+002
  1.3047807693481445e+001 2.4108065795898437e+002
  3.2702621459960938e+001 0 -1 3.7019952392578125e+002
  1.9137042236328125e+002 1.2577660560607910e+001
  2.1036018371582031e+001 3.0724494934082031e+001 0 -1
  2.3572428894042969e+002 1.9185011291503906e+002
  1.3421052932739258e+001 7.3131629943847656e+001
  4.1065780639648438e+001 0 -1 2.4790710449218750e+002
  1.9191685485839844e+002 1.2990201950073242e+001
  1.0726226806640625e+001 3.1561019897460938e+001 0 -1
  3.7280792236328125e+002 1.9270724487304687e+002
  1.4219320297241211e+001 3.7237632274627686e+000
  3.5662307739257813e+001 0 -1 2.3955902099609375e+002
  2.0874754333496094e+002 1.4052631378173828e+001
  3.5622720336914063e+002 3.3111846923828125e+001 0 -1
  2.4468928527832031e+002 2.0872999572753906e+002
  1.1461538314819336e+001 3.3747961425781250e+002
  3.3157051086425781e+001 0 -1 3.6534356689453125e+002 210.
  1.3865964889526367e+001 3.1708911132812500e+002
  3.2869201660156250e+001 0 -1 2.6117120361328125e+002
  2.0967163085937500e+002 1.2989574432373047e+001
  1.3614216613769531e+002 3.3627380371093750e+001 0 -1
  4.7255151367187500e+002 2.1090597534179687e+002
  1.2130435943603516e+001 2.5898083496093750e+002
  6.0010864257812500e+001 0 -1 2.4204136657714844e+002
  2.2668734741210937e+002 1.7608695983886719e+001
  3.4910372924804688e+002 4.6048904418945313e+001 0 -1 367.
  2.2675000000000000e+002 18. 3.5017935180664062e+002 53. 0 -1
  3.6918750000000000e+002 2.2750000000000000e+002
  1.6500000000000000e+001 3.5342657470703125e+002
  3.8625000000000000e+001 0 -1 2.4467871093750000e+002
  2.2865371704101562e+002 1.4675676345825195e+001
  3.5590939331054687e+002 4.1679061889648438e+001 0 -1
  3.7048919677734375e+002 2.3088374328613281e+002
  1.2529412269592285e+001 3.5723626708984375e+002
