%YAML:1.0
---
recording:
   type: VideoRecording
   recordId: Action_20171122T105520
   channelId: main
   timeStamp: "131558217210170000"
   sessionTimestamp: "0"
   width: -1
   height: -1
   frameCount: 123
   fps: 2.9969999999999999e+001
   recordingType: 2000
   frameTransformRect: [ [ -1, -1 ], [ -1, -1 ], [ -1, -1 ], [ -1, -1 ] ]
   trackingMode: 1
   segments:
      - { startFrame:0, stopFrame:116, segmentType:1000, focusFrame:-1,
          focusPoint:{ values:[ -1., -1. ], type:Vector2 }, isFragment:0 }
   framesRelTs: [ "0", "580000", "1160000", "2200000", "2700000",
       "4570000", "5240000", "5800000", "6690000", "7250000", "8030000",
       "8570000", "9170000", "9620000", "10300000", "10950000",
       "11600000", "12200000", "12810000", "13530000", "14230000",
       "14880000", "15520000", "16020000", "16670000", "17200000",
       "17960000", "18500000", "19230000", "19930000", "20570000",
       "21200000", "21840000", "22440000", "23140000", "23830000",
       "24500000", "25080000", "25900000", "26590000", "27340000",
       "28040000", "28660000", "29290000", "29830000", "30440000",
       "30990000", "31840000", "32300000", "33030000", "33560000",
       "34040000", "34680000", "35190000", "35820000", "36400000",
       "36960000", "37460000", "38010000", "38560000", "38970000",
       "39660000", "40190000", "40780000", "41360000", "41880000",
       "42430000", "42950000", "43510000", "44010000", "44550000",
       "45190000", "45790000", "46260000", "46830000", "47580000",
       "48210000", "48770000", "49220000", "49950000", "50540000",
       "51060000", "51660000", "52320000", "52910000", "53440000",
       "53930000", "54470000", "54930000", "55650000", "56180000",
       "56790000", "57360000", "57950000", "58510000", "59130000",
       "59610000", "60310000", "60910000", "61500000", "62040000",
       "62670000", "63190000", "63840000", "64490000", "65050000",
       "65630000", "66240000", "66850000", "67390000", "67980000",
       "68460000", "69040000", "69630000", "70190000", "70710000",
       "71300000", "71850000", "72400000", "73150000", "73610000",
       "74350000", "75130000" ]
   chunks:
      - { path:"Recordings/Action_20171122T105520/recording.avi",
          startFrameIdx:0 }
