<?xml version="1.0"?>
<opencv_storage>
<keyPoints>
  2.6549777221679687e+002 2.8432897567749023e+001
  1.5163202285766602e+001 9.0105873107910156e+001
  3.4037353515625000e+001 0 -1 2.6732647705078125e+002
  2.7801162719726563e+001 1.4142929077148438e+001
  8.9860061645507812e+001 3.3488174438476563e+001 0 -1
  3.8897390747070312e+002 2.8630630493164063e+001
  1.4571428298950195e+001 1.6105358886718750e+002
  3.3285713195800781e+001 0 -1 2.8141116333007812e+002
  4.6566333770751953e+001 1.5221710205078125e+001
  3.0332482910156250e+002 1.4578323364257812e+002 0 -1
  3.9861135864257812e+002 4.7180271148681641e+001
  1.3654785156250000e+001 3.8420780181884766e+001
  1.3152468872070312e+002 0 -1 3.9386355590820312e+002
  4.8038993835449219e+001 1.4626903533935547e+001
  4.5643825531005859e+001 9.4550018310546875e+001 0 -1
  2.0366667175292969e+002 5.2664531707763672e+001 16.
  2.8323092651367187e+002 3.8333328247070312e+001 0 -1
  2.7898944091796875e+002 5.2730323791503906e+001
  1.3545454025268555e+001 7.6740295410156250e+001
  4.5094696044921875e+001 0 -1 4.2965347290039062e+002
  6.2501865386962891e+001 1.4454545974731445e+001
  2.1468006896972656e+002 8.5602279663085938e+001 0 -1
  4.4357290649414062e+002 6.2629062652587891e+001
  1.3319999694824219e+001 2.9281358718872070e+001
  3.8605003356933594e+001 0 -1 2.0374964904785156e+002
  7.1575355529785156e+001 1.3336517333984375e+001
  4.9136169433593750e+001 1.2133828735351562e+002 0 -1
  2.6693838500976562e+002 7.2275444030761719e+001
  1.3722564697265625e+001 2.9478799438476562e+002
  1.4529342651367188e+002 0 -1 2.0363217163085937e+002
  7.5963813781738281e+001 1.3054054260253906e+001
  7.4638824462890625e+001 1.1471282958984375e+002 0 -1
  2.6660693359375000e+002 7.6525451660156250e+001
  1.3479929924011230e+001 3.0795812988281250e+002
  1.2348693847656250e+002 0 -1 3.5251473999023437e+002
  7.7762832641601563e+001 1.4549999237060547e+001
  9.7429191589355469e+001 4.0612503051757813e+001 0 -1
  3.7954141235351562e+002 1.0054508209228516e+002
  1.4199998855590820e+001 2.9094110107421875e+002
  3.5016662597656250e+001 0 -1 2.4273101806640625e+002
  1.6458300781250000e+002 1.3344827651977539e+001
  1.9853775024414062e+002 3.3728454589843750e+001 0 -1
  2.3667131042480469e+002 1.6564343261718750e+002
  1.4110179901123047e+001 2.1558143615722656e+002
  4.8962921142578125e+001 0 -1 3.7944171142578125e+002
  1.6650570678710937e+002 15. 2.7257894897460937e+002 35. 0 -1
  2.3638212585449219e+002 2.3171176147460937e+002
  1.5635158538818359e+001 1.0027683258056641e+002
  3.7434371948242188e+001 0 -1 2.3614868164062500e+002
  2.9851708984375000e+002 1.4806451797485352e+001
  6.7905250549316406e+001 3.4391128540039062e+001 0 -1
  2.8067251586914063e+002 4.6443634033203125e+001
  1.9489490509033203e+001 2.9423492431640625e+002
  1.5997918701171875e+002 1 -1 3.9759875488281250e+002
  4.7095405578613281e+001 1.9101360321044922e+001
  3.8917797088623047e+001 1.2705323791503906e+002 1 -1
  3.7898464965820312e+002 9.9161537170410156e+001
  1.9500000000000000e+001 3.1941595458984375e+002
  3.6625015258789063e+001 1 -1 2.3656076049804687e+002
  1.6312135314941406e+002 24. 2.2071113586425781e+002
  4.8128906250000000e+001 1 -1 3.7906863403320312e+002
  1.6502943420410156e+002 2.0500000000000000e+001
  3.0858682250976562e+002 4.0083343505859375e+001 1 -1
  3.7876226806640625e+002 2.2934927368164062e+002
  2.2967277526855469e+001 8.8250526428222656e+001
  3.4068168640136719e+001 1 -1 2.3623272705078125e+002
  2.3116497802734375e+002 1.8533332824707031e+001
  8.7737915039062500e+001 3.4422721862792969e+001 1 -1
  2.3593231201171875e+002 2.9698641967773437e+002
  2.1502571105957031e+001 7.1920242309570313e+001
  3.4201080322265625e+001 1 -1 3.8748095703125000e+002
  5.1359813690185547e+001 3.1134815216064453e+001
  7.5686470031738281e+001 6.7083618164062500e+001 2 -1
  2.0334002685546875e+002 5.5056419372558594e+001
  2.8354206085205078e+001 3.0611465454101562e+002
  6.2859844207763672e+001 2 -1 4.2916506958007812e+002
  6.3612812042236328e+001 2.4352149963378906e+001
  2.0613162231445312e+002 9.2056396484375000e+001 2 -1
  4.4162292480468750e+002 6.1275711059570313e+001
  2.8780113220214844e+001 3.2224264526367187e+002
  6.9418045043945313e+001 2 -1 2.0395845031738281e+002
  7.3057800292968750e+001 1.8581739425659180e+001
  5.6091300964355469e+001 9.4178039550781250e+001 2 -1
  2.6704388427734375e+002 7.3257850646972656e+001
  2.0674877166748047e+001 3.1451510620117187e+002
  1.2032192230224609e+002 2 -1 4.2955941772460937e+002
  7.6054397583007812e+001 2.6411127090454102e+001
  9.9921218872070313e+001 7.7674438476562500e+001 2 -1
  2.3696725463867187e+002 9.7166664123535156e+001
  2.7649166107177734e+001 4.8789226531982422e+001
  5.0080200195312500e+001 2 -1 2.3633262634277344e+002
  1.6296237182617187e+002 2.5266365051269531e+001
  3.3718818664550781e+001 4.6230041503906250e+001 2 -1
  2.4219337463378906e+002 1.6563891601562500e+002
  2.4894195556640625e+001 5.1768592834472656e+001
  3.4085552215576172e+001 2 -1 3.7940716552734375e+002
  1.6424761962890625e+002 2.3969715118408203e+001
  3.0290240478515625e+002 4.0555709838867188e+001 2 -1
  2.3595495605468750e+002 2.2960565185546875e+002
  2.5959062576293945e+001 8.3802993774414062e+001
  3.6970417022705078e+001 2 -1 3.7884655761718750e+002
  2.2968840026855469e+002 2.6926269531250000e+001
  8.8898979187011719e+001 3.2513214111328125e+001 2 -1
  2.3576147460937500e+002 2.9598669433593750e+002
  2.5704010009765625e+001 7.2578186035156250e+001
  3.4261005401611328e+001 2 -1 2.2820207214355469e+002
  5.5364227294921875e+001 3.3462379455566406e+001
  4.0303424835205078e+001 7.0571983337402344e+001 3 -1
  4.4127008056640625e+002 6.0616680145263672e+001
  3.0651412963867188e+001 4.8741292953491211e-001
  6.7945297241210937e+001 3 -1 3.4784167480468750e+002
  7.5687103271484375e+001 3.2608695983886719e+001
  1.5459721374511719e+002 1.9975546264648437e+002 3 -1
  2.3726106262207031e+002 9.6749732971191406e+001
  4.7760002136230469e+001 1.5724295616149902e+001
  4.4001667022705078e+001 4 -1</keyPoints>
