%YAML:1.0
---
recording:
   type: VideoRecording
   recordId: Action_20171124T114919
   channelId: main
   timeStamp: "131559977599770000"
   sessionTimestamp: "0"
   width: -1
   height: -1
   frameCount: 162
   fps: 2.9969999999999999e+001
   recordingType: 2000
   frameTransformRect: [ [ -1, -1 ], [ -1, -1 ], [ -1, -1 ], [ -1, -1 ] ]
   trackingMode: 1
   segments:
      - { startFrame:44, stopFrame:104, segmentType:2000, focusFrame:-1,
          focusPoint:{ values:[ -1., -1. ], type:Vector2 }, isFragment:0 }
      - { startFrame:0, stopFrame:155, segmentType:1000, focusFrame:-1,
          focusPoint:{ values:[ -1., -1. ], type:Vector2 }, isFragment:0 }
   framesRelTs: [ "0", "210000", "530000", "860000", "1170000",
       "1490000", "1970000", "2290000", "2620000", "2930000", "3250000",
       "3570000", "3890000", "4220000", "4530000", "4850000", "5170000",
       "5490000", "5810000", "6290000", "6610000", "6940000", "7250000",
       "7570000", "7890000", "8210000", "8530000", "8850000", "9170000",
       "9490000", "9810000", "10300000", "10610000", "10930000",
       "11250000", "11570000", "11890000", "12210000", "12540000",
       "12850000", "13170000", "13490000", "13810000", "14290000",
       "14610000", "14930000", "15250000", "15570000", "15890000",
       "16370000", "16690000", "17020000", "17340000", "17650000",
       "17970000", "18300000", "18610000", "18940000", "19260000",
       "19580000", "19890000", "20380000", "20700000", "21010000",
       "21340000", "21660000", "21980000", "22300000", "22610000",
       "22940000", "23250000", "23570000", "23890000", "24380000",
       "24700000", "25020000", "25330000", "25660000", "25970000",
       "26290000", "26610000", "26940000", "27260000", "27580000",
       "27900000", "28210000", "28690000", "29010000", "29330000",
       "29650000", "29980000", "30290000", "30620000", "30940000",
       "31260000", "31570000", "31900000", "32220000", "32700000",
       "33010000", "33340000", "33650000", "33980000", "34300000",
       "34620000", "34940000", "35250000", "35570000", "35890000",
       "36210000", "36530000", "37020000", "37330000", "37660000",
       "37970000", "38300000", "38610000", "38940000", "39250000",
       "39580000", "39910000", "40210000", "40540000", "41010000",
       "41330000", "41650000", "41970000", "42290000", "42620000",
       "42940000", "43250000", "43570000", "43900000", "44220000",
       "44540000", "44870000", "45340000", "45650000", "45980000",
       "46300000", "46620000", "46940000", "47250000", "47580000",
       "47890000", "48210000", "48530000", "48860000", "49330000",
       "49650000", "49980000", "50300000", "50610000", "50940000",
       "51250000", "51570000", "51890000", "52210000", "52540000",
       "52850000", "53340000", "53670000" ]
   chunks:
      - { path:"Recordings/Action_20171124T114919/recording.avi",
          startFrameIdx:0 }
