%YAML:1.0
---
recording:
   type: VideoRecording
   recordId: Action_20180109T153619
   channelId: main
   timeStamp: "131599857796400000"
   sessionTimestamp: "0"
   width: 0
   height: 0
   frameCount: 473
   fps: 2.9969999999999999e+001
   recordingType: 2000
   frameTransformRect: [ [ -1, -1 ], [ -1, -1 ], [ -1, -1 ], [ -1, -1 ] ]
   trackingMode: 0
   segments:
      - { startFrame:46, stopFrame:91, segmentType:2000, focusFrame:-1,
          focusPoint:{ values:[ -1., -1. ], type:Vector2 }, isFragment:0 }
      - { startFrame:0, stopFrame:466, segmentType:1000, focusFrame:-1,
          focusPoint:{ values:[ -1., -1. ], type:Vector2 }, isFragment:0 }
   framesRelTs: [ "0", "260000", "470000", "670000", "840000", "2080000",
       "2250000", "2420000", "2600000", "2760000", "2920000", "3730000",
       "3900000", "4080000", "4270000", "4430000", "4640000", "5450000",
       "5600000", "5760000", "5930000", "6170000", "6510000", "7110000",
       "7260000", "7490000", "7820000", "8150000", "8810000", "8970000",
       "9160000", "9470000", "9820000", "10450000", "10620000",
       "10800000", "11120000", "11450000", "12130000", "12290000",
       "12480000", "12750000", "13080000", "13410000", "13830000",
       "14060000", "14390000", "14730000", "15060000", "15510000",
       "15720000", "16040000", "16380000", "16710000", "17160000",
       "17370000", "17700000", "18030000", "18370000", "18900000",
       "19060000", "19360000", "19690000", "19860000", "20610000",
       "20770000", "20990000", "21320000", "21500000", "22290000",
       "22490000", "22650000", "22960000", "23280000", "23970000",
       "24140000", "24300000", "24580000", "24910000", "25610000",
       "25770000", "25930000", "26220000", "26550000", "27250000",
       "27440000", "27620000", "27860000", "28180000", "28900000",
       "29070000", "29250000", "29500000", "29830000", "30160000",
       "30610000", "30810000", "31140000", "31480000", "31800000",
       "32330000", "32480000", "32670000", "32940000", "33280000",
       "33970000", "34150000", "34420000", "34740000", "35070000",
       "35680000", "35850000", "36060000", "36380000", "36720000",
       "37360000", "37540000", "37730000", "37920000", "38200000",
       "38530000", "39080000", "39260000", "39520000", "39850000",
       "40180000", "40750000", "40920000", "41170000", "41500000",
       "41820000", "42450000", "42610000", "42840000", "43150000",
       "43480000", "44150000", "44310000", "44490000", "44790000",
       "45110000", "45820000", "45990000", "46160000", "46430000",
       "46760000", "47480000", "47650000", "47820000", "48080000",
       "48390000", "49130000", "49320000", "49490000", "49710000",
       "50040000", "50350000", "50810000", "51020000", "51350000",
       "51680000", "52010000", "52460000", "52660000", "52990000",
       "53320000", "53650000", "54130000", "54310000", "54630000",
       "54960000", "55290000", "55810000", "55980000", "56280000",
       "56610000", "56920000", "57490000", "57650000", "57900000",
       "58230000", "58560000", "59200000", "59360000", "59560000",
       "59880000", "60220000", "60900000", "61060000", "61230000",
       "61530000", "61850000", "62560000", "62740000", "62920000",
       "63160000", "63480000", "64210000", "64380000", "64550000",
       "64790000", "65130000", "65460000", "65870000", "66100000",
       "66440000", "66760000", "67100000", "67540000", "67750000",
       "68090000", "68410000", "68750000", "69190000", "69400000",
       "69730000", "70060000", "70390000", "70870000", "71060000",
       "71370000", "71710000", "72030000", "72550000", "72730000",
       "73030000", "73380000", "73700000", "74240000", "74420000",
       "74710000", "74890000", "75350000", "75910000", "76090000",
       "76260000", "76500000", "76840000", "77320000", "77640000",
       "77970000", "78310000", "78630000", "79280000", "79460000",
       "79620000", "79820000", "80140000", "80480000", "80950000",
       "81140000", "81460000", "81790000", "82120000", "82640000",
       "82810000", "83110000", "83450000", "83770000", "84310000",
       "84470000", "84760000", "85090000", "85410000", "86040000",
       "86210000", "86420000", "86730000", "87050000", "87710000",
       "87870000", "88060000", "88380000", "88710000", "89370000",
       "89530000", "89700000", "90020000", "90350000", "91020000",
       "91180000", "91350000", "91670000", "91990000", "92690000",
       "92860000", "93010000", "93300000", "93630000", "94310000",
       "94490000", "94690000", "94930000", "95270000", "95600000",
       "96030000", "96250000", "96570000", "96900000", "97230000",
       "97690000", "97900000", "98220000", "98550000", "98880000",
       "99380000", "99550000", "99860000", "100250000", "100550000",
       "101270000", "101460000", "101610000", "101830000", "102160000",
       "102480000", "102920000", "103150000", "103470000", "103810000",
       "104150000", "104590000", "104790000", "105110000", "105440000",
       "105770000", "106230000", "106430000", "106750000", "107090000",
       "107420000", "107880000", "108080000", "108400000", "108730000",
       "109070000", "109510000", "109720000", "110040000", "110370000",
       "110700000", "111160000", "111360000", "111680000", "112010000",
       "112350000", "112800000", "113000000", "113320000", "113670000",
       "114000000", "114440000", "114650000", "114980000", "115300000",
       "115640000", "116070000", "116290000", "116620000", "116950000",
       "117280000", "117730000", "117940000", "118260000", "118580000",
       "118910000", "119390000", "119570000", "119890000", "120230000",
       "120560000", "121060000", "121220000", "121400000", "121710000",
       "122040000", "122680000", "122840000", "123050000", "123370000",
       "123700000", "124350000", "124510000", "124720000", "125030000",
       "125370000", "126000000", "126170000", "126380000", "126690000",
       "127010000", "127690000", "127850000", "128020000", "128340000",
       "128680000", "129340000", "129520000", "129700000", "129990000",
       "130330000", "130990000", "131150000", "131320000", "131640000",
       "131990000", "132620000", "132780000", "132970000", "133300000",
       "133630000", "134240000", "134410000", "134620000", "134950000",
       "135270000", "135930000", "136120000", "136280000", "136480000",
       "136790000", "137110000", "137540000", "137780000", "138110000",
       "138430000", "138770000", "139190000", "139410000", "139740000",
       "140070000", "140390000", "140800000", "141050000", "141380000",
       "141720000", "142040000", "142430000", "142690000", "143020000",
       "143350000", "144030000", "144190000", "144370000", "144660000",
       "144990000", "145670000", "145840000", "146000000", "146290000",
       "146620000", "147350000", "147520000", "147700000", "147940000",
       "148260000", "148970000", "149160000", "149330000", "149570000",
       "149900000", "150610000", "150780000", "150950000", "151210000",
       "151550000", "152240000", "152410000", "152580000", "152850000",
       "153180000", "153860000", "155190000" ]
   chunks:
      - { path:"Recordings/Action_20180109T153619/recording.avi",
          startFrameIdx:0 }
