%YAML:1.0
---
recording:
   type: VideoRecording
   recordId: Action_20180109T150637
   channelId: main
   timeStamp: "131599839974930000"
   sessionTimestamp: "0"
   width: 0
   height: 0
   frameCount: 121
   fps: 2.9969999999999999e+001
   recordingType: 2000
   frameTransformRect: [ [ -1, -1 ], [ -1, -1 ], [ -1, -1 ], [ -1, -1 ] ]
   trackingMode: 0
   segments:
      - { startFrame:52, stopFrame:84, segmentType:2000, focusFrame:-1,
          focusPoint:{ values:[ -1., -1. ], type:Vector2 }, isFragment:0 }
      - { startFrame:0, stopFrame:114, segmentType:1000, focusFrame:-1,
          focusPoint:{ values:[ -1., -1. ], type:Vector2 }, isFragment:0 }
   framesRelTs: [ "0", "230000", "430000", "720000", "1060000",
       "1430000", "1730000", "2040000", "2380000", "2690000", "3030000",
       "3360000", "3690000", "3880000", "4190000", "4530000", "4850000",
       "5180000", "5500000", "5830000", "6160000", "6490000", "6820000",
       "7150000", "7490000", "7800000", "8130000", "8470000", "8800000",
       "9130000", "9460000", "9800000", "10120000", "10450000",
       "10770000", "11110000", "11440000", "11760000", "12100000",
       "12420000", "12740000", "13080000", "13410000", "13740000",
       "14080000", "14400000", "14730000", "15050000", "15400000",
       "15720000", "16050000", "16380000", "16720000", "17040000",
       "17380000", "17700000", "18020000", "18350000", "18680000",
       "19010000", "19340000", "19670000", "20000000", "20330000",
       "20660000", "20990000", "21320000", "21640000", "21980000",
       "22310000", "22650000", "22970000", "23290000", "23630000",
       "23960000", "24290000", "24610000", "24950000", "25270000",
       "25610000", "25920000", "26270000", "26590000", "26920000",
       "27250000", "27570000", "27900000", "28230000", "28560000",
       "28910000", "29230000", "29560000", "29880000", "30210000",
       "30540000", "30880000", "31210000", "31530000", "31860000",
       "32190000", "32380000", "32680000", "33010000", "33340000",
       "33670000", "34000000", "34330000", "34670000", "34990000",
       "35320000", "35650000", "35980000", "36310000", "36640000",
       "36970000", "37300000", "37620000", "37960000", "38290000",
       "38610000", "39000000" ]
   chunks:
      - { path:"Recordings/Action_20180109T150637/recording.avi",
          startFrameIdx:0 }
