<?xml version="1.0"?>
<opencv_storage>
<keyPoints>
  3.1044256591796875e+002 2.6361984252929688e+001
  1.2375000000000000e+001 8.6489852905273438e+001
  5.3093750000000000e+001 0 -1 3.1469061279296875e+002
  2.6786640167236328e+001 1.1571428298950195e+001
  8.2261886596679688e+001 3.5107147216796875e+001 0 -1
  4.1103588867187500e+002 2.7023820877075195e+001
  1.1842210769653320e+001 8.7243537902832031e+001
  4.5025848388671875e+001 0 -1 2.6706613159179687e+002
  2.7941495895385742e+001 1.3586863517761230e+001
  8.9218711853027344e+001 6.5012954711914062e+001 0 -1
  3.8873922729492187e+002 2.7529726028442383e+001
  1.5803045272827148e+001 9.4666275024414063e+001
  4.5669281005859375e+001 0 -1 3.9153793334960937e+002
  2.7776662826538086e+001 1.3821428298950195e+001
  9.4881439208984375e+001 6.0580352783203125e+001 0 -1
  4.1596060180664062e+002 2.7587963104248047e+001
  1.2945257186889648e+001 8.5225402832031250e+001
  3.1301971435546875e+001 0 -1 2.2584172058105469e+002
  2.9333839416503906e+001 1.3035564422607422e+001
  9.4620956420898438e+001 4.3804611206054687e+001 0 -1
  2.7538818359375000e+002 2.9610399246215820e+001
  1.3429335594177246e+001 9.4353889465332031e+001
  3.5743911743164062e+001 0 -1 2.5959918212890625e+002
  2.9829565048217773e+001 1.1618181228637695e+001
  8.5180221557617188e+001 3.7111358642578125e+001 0 -1
  4.1404370117187500e+002 2.9957773208618164e+001
  1.1341463088989258e+001 8.2483955383300781e+001
  3.5246948242187500e+001 0 -1 4.1892898559570312e+002
  3.1732391357421875e+001 1.2119999885559082e+001
  7.9756668090820313e+001 3.3004997253417969e+001 0 -1
  3.7454400634765625e+002 4.1466056823730469e+001
  1.4617020606994629e+001 1.9739892578125000e+002
  6.2470733642578125e+001 0 -1 3.9734173583984375e+002
  4.4751022338867188e+001 1.5978260993957520e+001
  3.0950845336914062e+002 1.4722283935546875e+002 0 -1
  2.8341629028320312e+002 4.9716320037841797e+001
  1.4384614944458008e+001 2.2917407989501953e+001
  4.7080123901367188e+001 0 -1 2.3037850952148437e+002
  5.4581542968750000e+001 15. 9.3115615844726563e+000 58. 0 -1
  2.5089614868164062e+002 8.0873741149902344e+001
  1.3399999618530273e+001 3.3706665039062500e+002
  3.4816665649414063e+001 0 -1 3.1149957275390625e+002
  8.5328254699707031e+001 1.4875000000000000e+001
  2.7469757080078125e+002 6.4510421752929688e+001 0 -1
  4.0187945556640625e+002 8.5806152343750000e+001
  1.3049999237060547e+001 1.0891984939575195e+001
  4.2612503051757813e+001 0 -1 2.1575733947753906e+002
  1.0164769744873047e+002 13. 2.7598831176757812e+002
  5.0791656494140625e+001 0 -1 3.9482934570312500e+002
  1.0304406738281250e+002 1.1842104911804199e+001
  2.5517610168457031e+002 3.5013160705566406e+001 0 -1
  4.2032260131835937e+002 1.0383333587646484e+002
  1.4500000000000000e+001 2.9428314208984375e+002
  4.1083335876464844e+001 0 -1 2.1125750732421875e+002
  1.0546017456054687e+002 1.2750000000000000e+001
  2.6699649047851562e+002 3.2250000000000000e+001 0 -1
  1.9187280273437500e+002 1.0666281890869141e+002
  1.4996838569641113e+001 2.2704754638671875e+002
  7.0269790649414062e+001 0 -1 2.4677093505859375e+002
  1.1198266601562500e+002 1.3304347991943359e+001
  2.9295727539062500e+002 4.9086959838867188e+001 0 -1
  3.6839962768554687e+002 115. 1.4923858642578125e+001
  2.7920529174804687e+002 5.5854537963867188e+001 0 -1
  4.2222186279296875e+002 1.2334243011474609e+002 15.
  3.6731582641601562e+001 7.6750000000000000e+001 0 -1
  4.9142791748046875e+002 1.2517640686035156e+002
  1.3349999427795410e+001 1.7411128234863281e+002
  4.6012496948242188e+001 0 -1 2.4625000000000000e+002
  1.6975000000000000e+002 18. 5.5747951507568359e+001
  5.1666992187500000e+001 0 -1 4.9704891967773437e+002
  1.7665051269531250e+002 1.4152940750122070e+001
  1.9198306274414062e+002 1.2247207641601562e+002 0 -1
  4.9157925415039062e+002 1.7949522399902344e+002
  1.4076922416687012e+001 1.7760096740722656e+002
  4.2557685852050781e+001 0 -1 2.4247842407226562e+002
  2.2757919311523437e+002 1.4222508430480957e+001
  2.7413900756835937e+002 3.2815322875976562e+001 0 -1
  2.4686997985839844e+002 2.8237353515625000e+002
  1.3200000762939453e+001 3.1555993652343750e+002
  3.4599998474121094e+001 0 -1 3.6635614013671875e+002 285. 18.
  6.4412170410156250e+001 67. 0 -1 2.4062751770019531e+002
  2.8482037353515625e+002 1.2428571701049805e+001
  1.9545677185058594e+002 5.2089286804199219e+001 0 -1
  2.4543856811523437e+002 2.8576760864257812e+002
  1.5829293251037598e+001 3.0205685424804687e+002
  6.0652145385742188e+001 0 -1 2.9300128173828125e+002
  3.1820510864257812e+002 14. 3.1491217041015625e+002
  3.1666664123535156e+001 0 -1 2.9121084594726562e+002
  3.2011895751953125e+002 1.2272727012634277e+001
  3.2605505371093750e+002 3.7022727966308594e+001 0 -1
  2.9247894287109375e+002 3.2176617431640625e+002
  1.2395190238952637e+001 3.5335363769531250e+002
  5.8080497741699219e+001 0 -1 3.1804171752929687e+002
  3.2169738769531250e+002 1.3029405593872070e+001
  2.6778963088989258e+001 7.6942367553710937e+001 0 -1
  3.7408770751953125e+002 4.1567237854003906e+001
  1.9321136474609375e+001 1.1916664123535156e+002
  6.2378078460693359e+001 1 -1 3.9718670654296875e+002
  4.5921009063720703e+001 2.2183229446411133e+001
  8.3755157470703125e+001 2.1118090820312500e+002 1 -1
  2.7561352539062500e+002 4.8984802246093750e+001
  1.9500000000000000e+001 1.4325251770019531e+002
  6.9250000000000000e+001 1 -1 2.4549822998046875e+002
  8.2364776611328125e+001 2.3792167663574219e+001
  3.5452413940429688e+002 1.7816488647460937e+002 1 -1
  3.1127783203125000e+002 8.4899551391601563e+001
  1.8559700012207031e+001 2.7559750366210937e+002
  6.5976852416992188e+001 1 -1 2.0749174499511719e+002
  1.0639739990234375e+002 2.3166126251220703e+001
  2.6276458740234375e+002 4.1157028198242188e+001 1 -1
  2.1936123657226562e+002 1.0650000000000000e+002 24.
  3.1343420410156250e+002 9.1163085937500000e+001 1 -1
  4.2050000000000000e+002 1.0650000000000000e+002 24.
  3.2406234741210937e+002 9.3444335937500000e+001 1 -1
  3.0152233886718750e+002 1.0923321533203125e+002
  2.0305604934692383e+001 2.5651660156250000e+002
  7.0189727783203125e+001 1 -1 3.0929244995117187e+002
  1.0953125762939453e+002 1.8466665267944336e+001
  2.8813711547851562e+002 6.2136108398437500e+001 1 -1
  3.6775000000000000e+002 1.1599080657958984e+002
  1.9800464630126953e+001 2.0841716003417969e+002
  8.1437362670898438e+001 1 -1 2.4667333984375000e+002
  1.1707908630371094e+002 2.0250000000000000e+001
  3.2391595458984375e+002 5.2562500000000000e+001 1 -1
  4.9118585205078125e+002 1.2477378845214844e+002 17.
  1.8007362365722656e+002 4.8333328247070313e+001 1 -1
  2.4625000000000000e+002 1.7084887695312500e+002
  1.9491394042968750e+001 5.9984619140625000e+001
  6.3440032958984375e+001 1 -1 4.9667538452148437e+002
  1.7695793151855469e+002 1.9004762649536133e+001
  1.8297261047363281e+002 1.1925299072265625e+002 1 -1
  4.9158050537109375e+002 1.7972430419921875e+002
  1.6042085647583008e+001 1.7874047851562500e+002
  4.2837623596191406e+001 1 -1 2.4587356567382812e+002
  2.2839543151855469e+002 21. 2.9651229858398437e+002
  6.5500007629394531e+001 1 -1 3.7448641967773437e+002
  4.2023181915283203e+001 1.8660074234008789e+001
  1.3051484680175781e+002 6.2222431182861328e+001 2 -1
  2.7946054077148437e+002 4.5611751556396484e+001
  2.8590835571289063e+001 8.7034988403320313e+001
  2.0989855957031250e+002 2 -1 2.4515274047851562e+002
  8.3147018432617188e+001 2.7746643066406250e+001
  3.5649044799804687e+002 1.8844207763671875e+002 2 -1
  3.1125567626953125e+002 8.5748718261718750e+001 18.
  2.7360736083984375e+002 6.5925781250000000e+001 2 -1
  3.9692352294921875e+002 8.3850776672363281e+001
  2.6371829986572266e+001 2.5709854125976562e+002
  1.9165657043457031e+002 2 -1 3.9523223876953125e+002
  8.5291572570800781e+001 3.0152481079101563e+001
  2.5079341125488281e+002 2.0757331848144531e+002 2 -1
  2.0710417175292969e+002 1.0850000000000000e+002
