%YAML:1.0
---
chapterId: 40
title: ""
description: ""
chapterType: 6000
options:
   locationAnnotation: 1
sections:
   -
      sectionId: 40000
      sectionType: 1002
      channelId: main
      distance: 1.
      startFrame: 183
      stopFrame: 192
      focusFrame: 183
      focusPoint: { values:[ 708., 266. ], type:Vector2 }
      focusPose:
         rows: 2
         cols: 2
         values: [ 0., 0., 0., 0. ]
         type: Matrix
      focusROI:
         type: "Vector2[][]"
         values:
            []
      minDurationRelTS: "0"
      animationPeriod: "0"
      recordId: Action_20171124T114933
      homography:
         rows: 3
         cols: 3
         values: [ 9.8192772161169661e-001, -1.6605207723669572e-002,
             2.4316969582230037e+001, 1.6605207723669572e-002,
             9.8192772161169661e-001, 2.1391244887938510e+000, 0., 0.,
             1. ]
         type: Matrix
      similarities:
         []
      annotations:
         []
