<?xml version="1.0"?>
<opencv_storage>
<keyPoints>
  2.4488349914550781e+002 1.1631183624267578e+002
  1.3999393463134766e+001 2.4506338500976563e+002
  5.6006088256835938e+001 0 -1 3.6566366577148437e+002
  1.1748223114013672e+002 1.2935663223266602e+001
  3.1149960327148437e+002 4.6847640991210937e+001 0 -1
  2.4469766235351562e+002 1.7303379821777344e+002
  1.3981132507324219e+001 1.6919238281250000e+002
  6.3889160156250000e+001 0 -1 3.6448193359375000e+002
  1.7343507385253906e+002 1.2616650581359863e+001
  1.1904462814331055e+001 4.9078170776367188e+001 0 -1
  2.4406503295898437e+002 2.2982423400878906e+002
  1.3695652008056641e+001 1.3883491516113281e+002
  5.6836959838867188e+001 0 -1 3.6452102661132812e+002
  2.3028205871582031e+002 1.3629432678222656e+001
  3.5166143798828125e+002 5.3131454467773438e+001 0 -1
  2.4327491760253906e+002 2.8644284057617187e+002
  1.3725955963134766e+001 3.3652621459960937e+002
  4.5496963500976563e+001 0 -1 3.6388732910156250e+002
  2.8650857543945312e+002 1.3990362167358398e+001
  3.5866595458984375e+002 5.6493316650390625e+001 0 -1
  3.6593853759765625e+002 1.1770407104492187e+002
  1.2429168701171875e+001 3.0753689575195312e+002
  4.7034839630126953e+001 1 -1 2.4519566345214844e+002
  1.1655332183837891e+002 21. 2.5529351806640625e+002 47. 2 -1
  3.6436599731445312e+002 1.7368765258789062e+002
  2.0341068267822266e+001 3.3088180541992187e+002
  3.2808528900146484e+001 2 -1 3.6457604980468750e+002
  2.3045953369140625e+002 2.4614645004272461e+001
  3.4734841918945312e+002 5.0075988769531250e+001 2 -1
  3.6417669677734375e+002 2.8643283081054687e+002
  2.4913043975830078e+001 1.5098666191101074e+001
  4.8088771820068359e+001 2 -1</keyPoints>
<descriptors type_id="opencv-matrix">
  <rows>13</rows>
  <cols>64</cols>
  <dt>u</dt>
  <data>
    79 252 47 147 145 225 243 172 175 153 62 255 249 255 255 255 255 127
    228 49 207 251 250 133 188 0 224 239 47 25 112 227 31 127 254 251
    223 157 227 156 247 252 243 63 20 3 40 205 243 45 0 115 187 76 102
    46 219 108 118 63 27 201 153 50 223 252 255 183 49 32 128 233 239
    255 63 183 129 6 254 255 255 251 132 49 206 243 158 151 245 160 160
    195 159 255 255 175 49 108 252 251 207 17 131 128 255 255 255 63 157
    39 3 24 201 255 255 196 162 216 239 39 209 60 159 15 247 217 145 34
    255 255 255 243 112 96 128 195 231 199 30 255 255 255 255 247 255
    127 228 49 142 227 56 130 65 224 125 163 1 4 120 227 31 255 255 255
    255 29 227 28 231 220 211 25 155 165 134 0 0 0 114 243 251 127 35 34
    221 108 118 38 147 237 156 189 251 255 231 255 240 240 129 135 7 15
    30 248 247 255 127 51 140 119 71 49 136 211 60 128 215 119 236 216
    123 239 244 243 223 159 5 20 165 86 223 61 247 3 1 0 3 16 5 12 207
    163 50 251 223 247 217 243 247 125 255 255 31 13 4 172 107 255 175
    83 16 224 243 255 46 13 62 252 249 247 255 127 191 255 254 181 143
    251 8 128 54 112 254 127 0 0 112 225 61 255 255 189 255 255 255 191
    247 12 3 0 0 144 188 255 49 0 114 243 251 255 255 241 252 255 102 38
    26 0 64 204 235 255 255 255 247 225 195 143 6 5 26 252 241 255 255
    255 157 255 255 127 140 227 56 207 231 99 198 156 115 255 253 231 31
    252 255 255 47 20 146 24 6 24 218 241 35 70 2 190 255 191 207 255
    191 48 253 191 195 64 252 255 159 15 17 186 75 255 239 255 241 225
    235 143 14 13 26 248 241 215 255 127 189 255 134 48 196 163 190 255
    167 99 231 255 255 253 241 255 255 255 243 149 175 94 211 157 255
    255 255 127 51 96 60 255 255 143 231 255 111 243 1 0 144 135 158 255
    255 191 153 0 255 191 225 253 255 255 136 128 128 255 255 255 159
    255 255 53 129 95 126 255 255 255 255 159 131 97 3 134 159 255 255
    191 255 255 247 158 35 76 248 239 255 255 191 49 51 6 0 155 201 228
    241 255 127 243 57 179 121 188 191 223 19 8 16 16 223 236 255 183 49
    32 128 233 255 255 127 183 131 6 190 255 255 255 197 49 206 241 158
    135 245 160 160 227 255 255 255 239 33 108 248 251 223 17 131 0 247
    254 255 127 221 167 3 8 201 255 255 204 162 80 238 15 145 44 182 223
    247 253 153 35 255 255 239 113 112 224 128 195 231 1 30 255 249 231
    255 255 255 121 228 49 143 251 184 135 0 0 96 233 41 67 48 227 25
    103 222 121 206 25 227 156 247 156 243 57 0 0 0 129 193 96 50 115
    153 12 38 46 147 108 118 54 19 8 16 48 127 252 255 243 249 225 131
    128 128 129 62 254 177 231 255 255 190 233 164 49 239 235 123 223
    128 3 1 74 8 112 124 239 57 255 255 255 255 216 243 255 255 253 243
    255 63 231 3 40 255 255 255 255 255 113 249 191 89 124 255 0 0 128
    145 251 235 255 239 251 241 224 129 134 2 223 255 255 181 71 222 253
    255 253 132 49 204 227 62 140 134 225 251 231 255 127 247 223 255
    255 247 155 223 18 243 222 255 255 247 63 191 231 123 255 47 137 247
    251 253 159 1 0 252 255 159 6 147 237 255 95 255 143 225 252 127 110
    128 128 193 255 255 255 255 255 254 16 129 78 254 255 255 239 25 132
    128 0 32 231 24 45 252 251 207 157 227 140 99 238 252 247 223 17 19
    57 0 224 255 187 0 228 186 61 196 187 185 241 127 255 255 36 27 207
    141 15</data></descriptors>
</opencv_storage>
