<?xml version="1.0"?>
<opencv_storage>
<keyPoints>
  2.8147735595703125e+002 4.6794208526611328e+001
  1.4836363792419434e+001 3.0205450439453125e+002
  1.5629095458984375e+002 0 -1 3.9866381835937500e+002
  4.7417320251464844e+001 1.3416000366210938e+001
  3.7751785278320312e+001 1.3448101806640625e+002 0 -1
  2.7908163452148437e+002 5.2998268127441406e+001
  1.3461538314819336e+001 7.8063285827636719e+001
  4.5157043457031250e+001 0 -1 4.2961434936523437e+002
  6.2512958526611328e+001 1.4162063598632813e+001
  2.1150834655761719e+002 7.9503097534179688e+001 0 -1
  4.4263452148437500e+002 6.2686546325683594e+001
  1.3079999923706055e+001 2.9594625473022461e+001
  3.7405006408691406e+001 0 -1 2.0281007385253906e+002
  7.2251045227050781e+001 1.3988763809204102e+001
  5.8035057067871094e+001 1.3088906860351562e+002 0 -1
  2.6596948242187500e+002 7.2539421081542969e+001
  1.4581283569335937e+001 2.9600506591796875e+002
  1.3933810424804687e+002 0 -1 2.0283769226074219e+002
  7.6601409912109375e+001 1.2605621337890625e+001
  7.3337944030761719e+001 1.1905078125000000e+002 0 -1
  2.6576501464843750e+002 7.6569503784179688e+001
  1.3826622009277344e+001 3.0368060302734375e+002
  1.2304324340820312e+002 0 -1 4.2957080078125000e+002
  7.7494842529296875e+001 1.4692306518554688e+001
  8.8217697143554688e+001 6.5926284790039062e+001 0 -1
  4.7983184814453125e+002 1.3063619995117187e+002
  1.1159999847412109e+001 2.3164953613281250e+002
  4.2490005493164063e+001 0 -1 4.8949017333984375e+002
  1.3430851745605469e+002 14. 2.1031784057617188e+001 39. 0 -1
  4.8037707519531250e+002 1.3619728088378906e+002
  1.2978906631469727e+001 1.0144558715820312e+002
  3.2421455383300781e+001 0 -1 2.3612008666992187e+002
  1.6639437866210937e+002 1.4824106216430664e+001
  2.1728907775878906e+002 4.3357254028320313e+001 0 -1
  4.8128036499023437e+002 1.7190437316894531e+002
  1.2478261947631836e+001 2.2356776428222656e+002
  4.0219207763671875e+001 0 -1 4.8420715332031250e+002
  1.7180268859863281e+002 1.1545930862426758e+001
  2.5272201538085937e+002 4.4128227233886719e+001 0 -1
  4.8952386474609375e+002 1.7267205810546875e+002
  1.6179576873779297e+001 3.4685955810546875e+002
  1.6272302246093750e+002 0 -1 4.7395718383789062e+002
  1.7493357849121094e+002 1.4145765304565430e+001
  1.7159988403320312e+002 1.6772406005859375e+002 0 -1
  4.8698281860351562e+002 1.7678512573242187e+002
  1.2196453094482422e+001 6.6953788757324219e+001
  3.5430801391601563e+001 0 -1 4.8610989379882813e+002
  2.2432545471191406e+002 1.4400000572204590e+001
  8.2083518981933594e+001 4.5599998474121094e+001 0 -1
  2.8068066406250000e+002 4.6761119842529297e+001
  1.9305395126342773e+001 2.9416604614257812e+002
  1.5567144775390625e+002 1 -1 3.9394641113281250e+002
  4.8331672668457031e+001 1.6419424057006836e+001
  4.3979412078857422e+001 9.7727081298828125e+001 1 -1
  2.3605578613281250e+002 9.8874908447265625e+001
  2.1408901214599609e+001 4.7678028106689453e+001
  4.6719802856445313e+001 1 -1 4.6997406005859375e+002
  1.3361228942871094e+002 1.5834369659423828e+001
  1.7355102539062500e+002 1.6502638244628906e+002 1 -1
  2.3558323669433594e+002 1.6479127502441406e+002
  2.0784214019775391e+001 2.0876325988769531e+002
  4.7730178833007813e+001 1 -1 3.7820944213867187e+002
  1.6600354003906250e+002 1.9909259796142578e+001
  3.4248739624023437e+002 4.0843154907226562e+001 1 -1
  4.7418865966796875e+002 2.2371965026855469e+002
  1.6772727966308594e+001 1.6649505615234375e+002
  1.5792045593261719e+002 1 -1 2.3491052246093750e+002
  2.2885264587402344e+002 2.0526327133178711e+001
  8.5196464538574219e+001 3.3122848510742187e+001 1 -1
  4.7904663085937500e+002 2.6250668334960937e+002
  1.9688510894775391e+001 1.7812269592285156e+002
  1.5472463989257812e+002 1 -1 2.3523625183105469e+002
  2.9794509887695312e+002 1.9468204498291016e+001
  8.2844757080078125e+001 3.2680793762207031e+001 1 -1
  3.7728051757812500e+002 2.9845004272460937e+002
  1.8670253753662109e+001 8.4203094482421875e+001
  3.0297645568847656e+001 1 -1 4.4050100708007812e+002
  4.7384952545166016e+001 27. 8.4904479980468750e+001
  6.9444335937500000e+001 2 -1 3.9770193481445312e+002
  4.7737056732177734e+001 2.2709728240966797e+001
  4.4703544616699219e+001 1.2560104370117188e+002 2 -1
  2.7869387817382812e+002 5.1744197845458984e+001 21.
  3.0192993164062500e+002 3.4250000000000000e+001 2 -1
  2.0340454101562500e+002 5.5544219970703125e+001
  2.7756362915039062e+001 2.9353948974609375e+002
  6.2321880340576172e+001 2 -1 4.2859020996093750e+002
  6.3418182373046875e+001 2.5510406494140625e+001
  2.1660197448730469e+002 9.2009590148925781e+001 2 -1
  4.4120242309570312e+002 6.1526264190673828e+001
  2.8008152008056641e+001 3.2490142822265625e+002
  7.0106269836425781e+001 2 -1 3.4545373535156250e+002
  7.6433258056640625e+001 2.9307693481445313e+001
  1.5564746093750000e+002 1.9139103698730469e+002 2 -1
  4.2880545043945312e+002 7.5960205078125000e+001
  2.7157894134521484e+001 9.9964958190917969e+001
  8.3754371643066406e+001 2 -1 2.3566595458984375e+002
  9.7555259704589844e+001 2.7839485168457031e+001
  5.0224876403808594e+001 4.8270343780517578e+001 2 -1
  3.7829110717773437e+002 9.8991897583007812e+001
  2.3978668212890625e+001 2.9697704315185547e+001
  3.5000011444091797e+001 2 -1 4.8579016113281250e+002
  1.3142657470703125e+002 2.6617361068725586e+001
  3.2346520996093750e+002 1.8971289062500000e+002 2 -1
  2.3571270751953125e+002 1.6359484863281250e+002
  2.5052738189697266e+001 1.6165220642089844e+002
  4.6547801971435547e+001 2 -1 3.7771972656250000e+002
  1.6466867065429688e+002 2.9933322906494141e+001
  3.2239077758789063e+002 4.0298793792724609e+001 2 -1
  4.8953985595703125e+002 1.7275148010253906e+002
  2.7752042770385742e+001 2.9035183715820312e+002
  1.8876525878906250e+002 2 -1 4.7568447875976562e+002
  1.7473905944824219e+002 2.6175140380859375e+001
  1.9247506713867187e+002 1.6203080749511719e+002 2 -1
  4.7514791870117187e+002 2.2410708618164062e+002
  2.0795722961425781e+001 1.5053463745117187e+002
  1.4277256774902344e+002 2 -1 4.8987295532226562e+002
  2.2383520507812500e+002 2.7570842742919922e+001
  1.2877813720703125e+002 1.9522717285156250e+002 2 -1
  2.3568177795410156e+002 2.3020237731933594e+002
  2.5217575073242188e+001 8.4407905578613281e+001
  3.8948261260986328e+001 2 -1 3.7798287963867187e+002
  2.3057801818847656e+002 2.7855442047119141e+001
  8.5175666809082031e+001 3.2542068481445313e+001 2 -1
  4.8024331665039062e+002 2.6238980102539062e+002
  2.6373081207275391e+001 1.4124594116210937e+002
  1.6242329406738281e+002 2 -1 2.3531637573242187e+002
  2.9627447509765625e+002 2.6555656433105469e+001
  8.2873413085937500e+001 3.4062450408935547e+001 2 -1
  3.7829339599609375e+002 2.9691183471679687e+002
  2.4599998474121094e+001 8.2675003051757812e+001
  3.0016664505004883e+001 2 -1 2.2817568969726562e+002
  5.5787971496582031e+001 3.3677169799804688e+001
  3.9262432098388672e+001 7.0256294250488281e+001 3 -1
  3.4657446289062500e+002 7.6032424926757813e+001
  3.2357147216796875e+001 1.5656404113769531e+002
  2.0158036804199219e+002 3 -1 2.3597561645507812e+002
  9.7810302734375000e+001 2.4166965484619141e+001
  5.1479061126708984e+001 4.7620590209960937e+001 3 -1
  4.7185089111328125e+002 1.3323304748535156e+002
  3.0831478118896484e+001 2.4269311523437500e+002
  1.4269424438476562e+002 3 -1 4.8650000000000000e+002
  1.3111865234375000e+002 24. 3.4095318603515625e+002
  1.9098632812500000e+002 3 -1 4.8895458984375000e+002
  1.7345797729492187e+002 4.5167999267578125e+001
  1.9725170898437500e+002 1.7316032409667969e+002 4 -1</keyPoints>
