%YAML:1.0
---
recording:
   type: VideoRecording
   recordId: Action_20180109T153201
   channelId: main
   timeStamp: "131599855211570000"
   sessionTimestamp: "0"
   width: -1
   height: -1
   frameCount: 225
   fps: 2.9969999999999999e+001
   recordingType: 2000
   frameTransformRect: [ [ -1, -1 ], [ -1, -1 ], [ -1, -1 ], [ -1, -1 ] ]
   trackingMode: 0
   segments:
      - { startFrame:0, stopFrame:218, segmentType:1000, focusFrame:-1,
          focusPoint:{ values:[ -1., -1. ], type:Vector2 }, isFragment:0 }
   framesRelTs: [ "0", "250000", "440000", "610000", "820000", "2070000",
       "2250000", "2410000", "2610000", "2770000", "2960000", "3740000",
       "3930000", "4100000", "4300000", "4460000", "4650000", "5370000",
       "5530000", "5690000", "5940000", "6270000", "6600000", "7000000",
       "7260000", "7580000", "7920000", "8610000", "8770000", "8930000",
       "9220000", "9550000", "10250000", "10410000", "10570000",
       "10850000", "11180000", "11880000", "12050000", "12210000",
       "12490000", "12820000", "13540000", "13690000", "13850000",
       "14140000", "14470000", "15190000", "15340000", "15520000",
       "15780000", "16120000", "16790000", "16950000", "17120000",
       "17420000", "17740000", "18470000", "18620000", "18790000",
       "19050000", "19390000", "20080000", "20250000", "20410000",
       "20690000", "21030000", "21720000", "21880000", "22040000",
       "22330000", "22670000", "23370000", "23540000", "23730000",
       "23980000", "24310000", "24990000", "25150000", "25320000",
       "25620000", "25960000", "26630000", "26800000", "26990000",
       "27260000", "27600000", "28290000", "28460000", "28620000",
       "28900000", "29230000", "29930000", "30090000", "30250000",
       "30540000", "30870000", "31630000", "31830000", "31990000",
       "32190000", "32520000", "32840000", "33290000", "33500000",
       "33820000", "34170000", "34500000", "34960000", "35150000",
       "35470000", "35810000", "36140000", "36610000", "36800000",
       "37110000", "37460000", "37790000", "38240000", "38440000",
       "38770000", "39100000", "39430000", "39870000", "40080000",
       "40410000", "40740000", "41070000", "41510000", "41720000",
       "42050000", "42380000", "42730000", "43220000", "43410000",
       "43700000", "44030000", "44370000", "44880000", "45050000",
       "45350000", "45680000", "45880000", "46600000", "46770000",
       "47000000", "47320000", "47510000", "48240000", "48430000",
       "48600000", "48800000", "49140000", "49460000", "49870000",
       "50130000", "50450000", "50780000", "51490000", "51660000",
       "51820000", "52080000", "52420000", "53120000", "53300000",
       "53480000", "53740000", "54080000", "54750000", "54920000",
       "55100000", "55370000", "55710000", "56390000", "56560000",
       "56740000", "57020000", "57350000", "58030000", "58190000",
       "58370000", "58650000", "58990000", "59680000", "59860000",
       "60030000", "60300000", "60630000", "61320000", "61500000",
       "61680000", "61950000", "62270000", "62980000", "63170000",
       "63360000", "63590000", "63920000", "64650000", "64820000",
       "64980000", "65230000", "65570000", "65880000", "66290000",
       "66540000", "66860000", "67200000", "67520000", "67930000",
       "68180000", "68510000", "68850000", "69510000", "69670000",
       "69850000", "70160000", "70500000", "71160000", "71330000",
       "71530000", "71800000", "72130000", "72820000", "74190000" ]
   chunks:
      - { path:"Recordings/Action_20180109T153201/recording.avi",
          startFrameIdx:0 }
