%YAML:1.0
---
recording:
   type: VideoRecording
   recordId: Action_20180109T115624
   channelId: main
   timeStamp: "131599725844930000"
   sessionTimestamp: "0"
   width: -1
   height: -1
   frameCount: 168
   fps: 2.9969999999999999e+001
   recordingType: 2000
   frameTransformRect: [ [ -1, -1 ], [ -1, -1 ], [ -1, -1 ], [ -1, -1 ] ]
   trackingMode: 0
   segments:
      - { startFrame:33, stopFrame:58, segmentType:2000, focusFrame:-1,
          focusPoint:{ values:[ -1., -1. ], type:Vector2 }, isFragment:0 }
      - { startFrame:107, stopFrame:126, segmentType:2000, focusFrame:-1,
          focusPoint:{ values:[ -1., -1. ], type:Vector2 }, isFragment:0 }
      - { startFrame:0, stopFrame:161, segmentType:1000, focusFrame:-1,
          focusPoint:{ values:[ -1., -1. ], type:Vector2 }, isFragment:0 }
   framesRelTs: [ "0", "260000", "500000", "820000", "1650000",
       "1820000", "1990000", "2180000", "2440000", "2800000", "3080000",
       "3420000", "3740000", "4060000", "4390000", "4720000", "5050000",
       "5370000", "5690000", "6020000", "6340000", "6670000", "7020000",
       "7330000", "7650000", "7980000", "8300000", "8650000", "8970000",
       "9300000", "9640000", "9960000", "10280000", "10600000",
       "10910000", "11230000", "11550000", "11890000", "12220000",
       "12710000", "12980000", "13390000", "13580000", "13860000",
       "14180000", "14560000", "14830000", "15320000", "15640000",
       "15980000", "16300000", "16630000", "16950000", "17280000",
       "17610000", "17940000", "18270000", "18590000", "18920000",
       "19240000", "19570000", "19900000", "20220000", "20540000",
       "20870000", "21210000", "21520000", "21860000", "22200000",
       "22530000", "22830000", "23160000", "23490000", "23820000",
       "24140000", "24470000", "24810000", "25130000", "25450000",
       "25770000", "26140000", "26420000", "26740000", "27080000",
       "27410000", "27740000", "28050000", "28380000", "28700000",
       "29020000", "29350000", "29710000", "30000000", "30320000",
       "30650000", "30970000", "31300000", "31630000", "31960000",
       "32270000", "32600000", "32940000", "33240000", "33560000",
       "33900000", "34230000", "34530000", "34870000", "35210000",
       "35520000", "35850000", "36190000", "36510000", "36830000",
       "37150000", "37480000", "37810000", "38130000", "38460000",
       "38790000", "39100000", "39430000", "39760000", "40090000",
       "40410000", "40730000", "41060000", "41370000", "41700000",
       "42040000", "42340000", "42670000", "43010000", "43340000",
       "43830000", "44020000", "44320000", "44640000", "44960000",
       "45300000", "45620000", "45930000", "46470000", "46770000",
       "47140000", "47410000", "47740000", "47940000", "48310000",
       "48700000", "49040000", "49360000", "49680000", "50000000",
       "50330000", "50650000", "50990000", "51320000", "51640000",
       "51970000", "52300000", "52640000", "52970000", "53300000",
       "53630000", "53970000", "54280000", "54630000" ]
   chunks:
      - { path:"Recordings/Action_20180109T115624/recording.avi",
          startFrameIdx:0 }
