%YAML:1.0
---
recording:
   type: VideoRecording
   recordId: Action_20171121T162419
   channelId: streamed D5803
   timeStamp: "131557550593340000"
   sessionTimestamp: "0"
   width: -1
   height: -1
   frameCount: 106
   fps: 2.9969999999999999e+001
   recordingType: 2000
   frameTransformRect: [ [ -1, -1 ], [ -1, -1 ], [ -1, -1 ], [ -1, -1 ] ]
   trackingMode: 1
   segments:
      - { startFrame:3, stopFrame:25, segmentType:2000, focusFrame:-1,
          focusPoint:{ values:[ -1., -1. ], type:Vector2 }, isFragment:0 }
      - { startFrame:45, stopFrame:71, segmentType:2000, focusFrame:-1,
          focusPoint:{ values:[ -1., -1. ], type:Vector2 }, isFragment:0 }
      - { startFrame:0, stopFrame:99, segmentType:1000, focusFrame:-1,
          focusPoint:{ values:[ -1., -1. ], type:Vector2 }, isFragment:0 }
   framesRelTs: [ "0", "560000", "1730000", "2730000", "3410000",
       "4180000", "4830000", "5460000", "6180000", "6860000", "7490000",
       "8140000", "8830000", "9530000", "10220000", "10900000",
       "11600000", "12340000", "13010000", "13750000", "14370000",
       "15120000", "15840000", "16480000", "17160000", "17790000",
       "18410000", "19100000", "19790000", "20490000", "21160000",
       "21810000", "22500000", "23140000", "23820000", "24500000",
       "25100000", "25800000", "26490000", "27230000", "27910000",
       "28590000", "29220000", "29960000", "30630000", "31270000",
       "31960000", "32650000", "33320000", "34050000", "34690000",
       "35450000", "36140000", "36840000", "37550000", "38240000",
       "38920000", "39540000", "40240000", "41010000", "41720000",
       "42320000", "42970000", "43640000", "44340000", "45040000",
       "45760000", "46430000", "47120000", "47790000", "48540000",
       "49200000", "49920000", "50620000", "51300000", "51950000",
       "52610000", "53320000", "53930000", "54670000", "55330000",
       "55980000", "56660000", "57390000", "58040000", "58750000",
       "59480000", "60200000", "60960000", "61560000", "62240000",
       "62960000", "63620000", "64360000", "65050000", "65710000",
       "66450000", "67100000", "67870000", "68530000", "69160000",
       "69860000", "70560000", "71180000", "71870000", "73010000" ]
   chunks:
      - { path:"Recordings/Action_20171121T162419/recording.avi",
          startFrameIdx:0 }
