<?xml version="1.0"?>
<opencv_storage>
<keyPoints>
  2.8148394775390625e+002 4.6575290679931641e+001
  1.5428571701049805e+001 3.0645989990234375e+002 156. 0 -1
  3.9861233520507812e+002 4.6951110839843750e+001
  1.4300970077514648e+001 3.0822869873046875e+002
  1.3257403564453125e+002 0 -1 2.7926498413085937e+002
  5.2586235046386719e+001 1.4145902633666992e+001
  7.3290939331054687e+001 4.7633636474609375e+001 0 -1
  3.9732525634765625e+002 8.2680580139160156e+001
  1.6391304016113281e+001 3.5962893676757812e+002
  1.1948007202148437e+002 0 -1 2.4741923522949219e+002
  8.3670379638671875e+001 1.4899999618530273e+001
  2.0703004837036133e+001 1.6201666259765625e+002 0 -1
  1.8898718261718750e+002 1.0221152496337891e+002
  1.5396430969238281e+001 2.6620764160156250e+002
  4.2208084106445313e+001 0 -1 2.9354486083984375e+002
  1.0654434967041016e+002 1.3923892974853516e+001
  2.4478799438476562e+002 3.7556442260742188e+001 0 -1
  1.9157600402832031e+002 1.0738861083984375e+002
  1.4414634704589844e+001 2.5309597778320312e+002
  5.1320129394531250e+001 0 -1 2.0015132141113281e+002
  1.0694466400146484e+002 1.1634146690368652e+001
  2.8337954711914062e+002 3.2076225280761719e+001 0 -1
  2.0337109375000000e+002 1.0653820800781250e+002
  1.1128263473510742e+001 2.9531201171875000e+002
  3.9827278137207031e+001 0 -1 4.0693716430664062e+002
  1.0732194519042969e+002 1.3235294342041016e+001
  2.7103265380859375e+002 5.8080886840820312e+001 0 -1
  4.0490075683593750e+002 1.0749844360351562e+002
  1.4250000000000000e+001 2.6485714721679687e+002
  5.9375000000000000e+001 0 -1 2.3824568176269531e+002
  1.5489633178710937e+002 1.4454545974731445e+001
  3.5142163085937500e+002 4.7761367797851563e+001 0 -1
  2.3935951232910156e+002 1.5490821838378906e+002
  1.4295963287353516e+001 3.4672491455078125e+002
  4.0726669311523438e+001 0 -1 2.5005470275878906e+002
  1.5509930419921875e+002 1.2827221870422363e+001
  3.5965649414062500e+002 3.4069168090820312e+001 0 -1
  3.6131958007812500e+002 1.5583448791503906e+002
  1.3539158821105957e+001 1.7697248840332031e+002
  4.3235092163085938e+001 0 -1 4.9780368041992187e+002
  1.7921784973144531e+002 1.3607142448425293e+001
  1.8917765808105469e+002 6.4008926391601562e+001 0 -1
  2.3869540405273438e+002 2.7160269165039063e+002
  1.4852506637573242e+001 6.9580390930175781e+001
  3.4587471008300781e+001 0 -1 2.4904396057128906e+002
  2.7158346557617187e+002 1.3806444168090820e+001
  1.2114475250244141e+001 3.7547027587890625e+001 0 -1
  3.6186120605468750e+002 2.7193759155273438e+002
  1.4333333015441895e+001 1.5542106628417969e+002
  4.5722213745117188e+001 0 -1 3.7346014404296875e+002
  2.7166708374023438e+002 1.3625902175903320e+001
  1.3041083335876465e+001 3.7335273742675781e+001 0 -1
  2.9025918579101563e+002 3.1713708496093750e+002
  1.4400000572204590e+001 2.1618968200683594e+002
  3.2599998474121094e+001 0 -1 3.1561166381835937e+002
  3.1750546264648437e+002 1.3488275527954102e+001
  2.1361526489257812e+002 3.5548332214355469e+001 0 -1
  3.2072460937500000e+002 3.1809832763671875e+002
  1.3434782981872559e+001 3.4433511352539062e+002
  3.3657615661621094e+001 0 -1 2.9122927856445312e+002
  3.2180972290039062e+002 1.4368420600891113e+001
  8.5155563354492188e+001 6.6960525512695313e+001 0 -1
  2.9297824096679687e+002 3.2221466064453125e+002
  1.3865824699401855e+001 6.7832824707031250e+001
  8.0358688354492188e+001 0 -1 3.1638656616210937e+002
  3.2164471435546875e+002 14. 1.0669776916503906e+002
  6.3666664123535156e+001 0 -1 3.1895077514648437e+002
  3.2231747436523437e+002 1.3597655296325684e+001
  7.0800445556640625e+001 8.9359497070312500e+001 0 -1
  2.8080505371093750e+002 4.6435256958007813e+001
  2.0803825378417969e+001 3.1431781005859375e+002
  1.6352087402343750e+002 1 -1 3.9752368164062500e+002
  4.6990154266357422e+001 2.0416000366210937e+001
  2.7824969482421875e+002 1.3446655273437500e+002 1 -1
  1.8895373535156250e+002 1.0238757324218750e+002
  1.6869869232177734e+001 2.6534024047851562e+002
  3.9834129333496094e+001 1 -1 3.0558645629882812e+002
  1.0659408569335938e+002 1.5050355911254883e+001
  2.7295129394531250e+002 3.1827926635742188e+001 1 -1
  1.9214408874511719e+002 1.0841865539550781e+002
  1.7875894546508789e+001 2.4954629516601562e+002
  6.0005752563476563e+001 1 -1 2.9344204711914062e+002
  1.0823052978515625e+002 1.9500000000000000e+001
  2.2968217468261719e+002 4.7625015258789063e+001 1 -1
  2.4536161804199219e+002 1.1322996520996094e+002
  1.9529739379882813e+001 2.8616619110107422e+001
  3.9167648315429687e+001 1 -1 3.6625000000000000e+002
  1.1425000000000000e+002 1.8517242431640625e+001
  2.1263296508789063e+002 3.5107757568359375e+001 1 -1
  2.4101928710937500e+002 1.7120309448242187e+002
  1.9174905776977539e+001 1.7114418029785156e+001
  4.5203918457031250e+001 1 -1 2.4881956481933594e+002
  1.9091195678710937e+002 1.8168411254882812e+001
  5.2820453643798828e+000 3.1333023071289062e+001 1 -1
  2.4937950134277344e+002 2.0138473510742187e+002
  1.6967054367065430e+001 3.5733557128906250e+002
  3.1215240478515625e+001 1 -1 2.4307565307617187e+002
  2.2804598999023437e+002 2.2522968292236328e+001
  3.5658990478515625e+002 4.7401962280273437e+001 1 -1
  2.3844247436523437e+002 2.7151995849609375e+002
  1.4795611381530762e+001 7.7407783508300781e+001
  3.4068721771240234e+001 1 -1 3.7085000610351562e+002
  2.7170892333984375e+002 1.7799999237060547e+001
  1.2052989006042480e+000 3.7008331298828125e+001 1 -1
  2.4251919555664062e+002 2.8633270263671875e+002
  2.2445072174072266e+001 6.4453353881835938e+001
  5.0983276367187500e+001 1 -1 3.6566845703125000e+002
  2.8923501586914063e+002 1.9038249969482422e+001
  9.0045883178710938e+001 4.1457916259765625e+001 1 -1
  2.9049932861328125e+002 3.2167980957031250e+002
  1.8074007034301758e+001 1.0273097229003906e+002
  6.7000778198242187e+001 1 -1 3.1591217041015625e+002
  3.2182373046875000e+002 1.6636436462402344e+001
  7.6946327209472656e+001 6.4189369201660156e+001 1 -1
  2.2931077575683594e+002 5.5315906524658203e+001
  2.8344238281250000e+001 3.2913366699218750e+002
  6.9689231872558594e+001 2 -1 2.0338963317871094e+002
  5.5008155822753906e+001 2.8778236389160156e+001
  3.2488607788085937e+002 5.8263164520263672e+001 2 -1
  2.4610380554199219e+002 8.3659927368164063e+001
  2.4831745147705078e+001 3.2659400939941406e+001
  1.9685942077636719e+002 2 -1 3.9723596191406250e+002
  8.4005310058593750e+001 2.6703409194946289e+001
  2.5876452636718750e+002 1.8147297668457031e+002 2 -1
  2.1248143005371094e+002 1.0059208679199219e+002
  2.6373081207275391e+001 3.5163049316406250e+002
  4.2776348114013672e+001 2 -1 2.1756451416015625e+002
  1.0266397857666016e+002 2.6806451797485352e+001
  3.5903665161132812e+002 3.2130390167236328e+001 2 -1
  2.3331382751464844e+002 1.0639947509765625e+002
  2.6345998764038086e+001 1.8027593612670898e+001
  3.1753103256225586e+001 2 -1 1.9271000671386719e+002
  1.0875000000000000e+002 18. 2.4902561950683594e+002
  5.4122962951660156e+001 2 -1 2.9250000000000000e+002 112. 36.
  1.9678512573242187e+002 59. 2 -1 2.4345008850097656e+002
  1.1329869079589844e+002 2.6545906066894531e+001
  2.6160663604736328e+001 5.1870159149169922e+001 2 -1
  3.6828976440429687e+002 1.1347205352783203e+002
  2.5978723526000977e+001 2.0309931945800781e+002
  4.7794158935546875e+001 2 -1 4.1650000000000000e+002
  1.1375292205810547e+002 3.0282230377197266e+001
  3.5878973388671875e+002 4.2826538085937500e+001 2 -1 319. 121. 36.
  1.6819059371948242e+001 8.8111328125000000e+001 2 -1
  3.9326855468750000e+002 1.2346115112304687e+002
  2.9450920104980469e+001 1.2742819976806641e+002
  6.9659599304199219e+001 2 -1 2.4255220031738281e+002
  1.7146632385253906e+002 2.8182203292846680e+001
  2.2796115875244141e+000 5.7593322753906250e+001 2 -1
  3.6769567871093750e+002 1.7176264953613281e+002
  2.7703910827636719e+001 3.3722363281250000e+002
  5.1860290527343750e+001 2 -1 4.9764306640625000e+002
