%YAML:1.0
---
recording:
   type: VideoRecording
   recordId: Action_20180109T115326
   channelId: main
   timeStamp: "131599724067530000"
   sessionTimestamp: "0"
   width: -1
   height: -1
   frameCount: 112
   fps: 2.9969999999999999e+001
   recordingType: 2000
   frameTransformRect: [ [ -1, -1 ], [ -1, -1 ], [ -1, -1 ], [ -1, -1 ] ]
   trackingMode: 0
   segments:
      - { startFrame:32, stopFrame:49, segmentType:2000, focusFrame:-1,
          focusPoint:{ values:[ -1., -1. ], type:Vector2 }, isFragment:0 }
      - { startFrame:0, stopFrame:105, segmentType:1000, focusFrame:-1,
          focusPoint:{ values:[ -1., -1. ], type:Vector2 }, isFragment:0 }
   framesRelTs: [ "0", "250000", "510000", "850000", "1270000",
       "1480000", "1820000", "2140000", "2470000", "2800000", "3140000",
       "3540000", "3880000", "4150000", "4470000", "4820000", "5140000",
       "5330000", "5640000", "5970000", "6300000", "6640000", "6970000",
       "7300000", "7630000", "7940000", "8280000", "8600000", "8930000",
       "9260000", "9570000", "9910000", "10230000", "10560000",
       "10890000", "11210000", "11710000", "11920000", "12200000",
       "12520000", "12850000", "13170000", "13510000", "13830000",
       "14160000", "14490000", "14810000", "15140000", "15470000",
       "15790000", "16110000", "16470000", "16790000", "17130000",
       "17440000", "17770000", "18100000", "18410000", "18730000",
       "19210000", "19540000", "19880000", "20190000", "20520000",
       "20850000", "21170000", "21510000", "21840000", "22160000",
       "22500000", "22820000", "23150000", "23500000", "23810000",
       "24130000", "24450000", "24780000", "25120000", "25420000",
       "25760000", "26090000", "26410000", "26730000", "27060000",
       "27390000", "27750000", "28060000", "28260000", "28590000",
       "28910000", "29250000", "29570000", "29890000", "30220000",
       "30540000", "30870000", "31210000", "31530000", "31860000",
       "32190000", "32510000", "32840000", "33170000", "33500000",
       "33840000", "34160000", "34480000", "34810000", "35140000",
       "35450000", "35790000", "36100000" ]
   chunks:
      - { path:"Recordings/Action_20180109T115326/recording.avi",
          startFrameIdx:0 }
