%YAML:1.0
---
recording:
   type: VideoRecording
   recordId: Action_20171122T093204
   channelId: main
   timeStamp: "131558167245910000"
   sessionTimestamp: "0"
   width: -1
   height: -1
   frameCount: 66
   fps: 2.9969999999999999e+001
   recordingType: 2000
   frameTransformRect: [ [ -1, -1 ], [ -1, -1 ], [ -1, -1 ], [ -1, -1 ] ]
   trackingMode: 1
   segments:
      - { startFrame:34, stopFrame:58, segmentType:2000, focusFrame:-1,
          focusPoint:{ values:[ -1., -1. ], type:Vector2 }, isFragment:0 }
      - { startFrame:0, stopFrame:59, segmentType:1000, focusFrame:-1,
          focusPoint:{ values:[ -1., -1. ], type:Vector2 }, isFragment:0 }
   framesRelTs: [ "0", "650000", "1290000", "1780000", "3610000",
       "4130000", "4850000", "5590000", "6070000", "6590000", "7110000",
       "7700000", "8220000", "8690000", "9350000", "9890000", "10470000",
       "10950000", "11630000", "12080000", "12740000", "13210000",
       "13880000", "14320000", "14970000", "15390000", "16070000",
       "16560000", "17240000", "17710000", "18370000", "18880000",
       "19510000", "19990000", "20640000", "21230000", "21730000",
       "22160000", "22880000", "23380000", "24030000", "24540000",
       "25230000", "25730000", "26330000", "26820000", "27510000",
       "27960000", "28680000", "29160000", "29820000", "30260000",
       "30950000", "31390000", "32100000", "32660000", "33310000",
       "33820000", "34480000", "34920000", "35680000", "36140000",
       "36920000", "37400000", "38240000", "38990000" ]
   chunks:
      - { path:"Recordings/Action_20171122T093204/recording.avi",
          startFrameIdx:0 }
