%YAML:1.0
---
recording:
   type: VideoRecording
   recordId: Action_20180109T111018
   channelId: main
   timeStamp: "131599698184400000"
   sessionTimestamp: "0"
   width: 0
   height: 0
   frameCount: 171
   fps: 2.9969999999999999e+001
   recordingType: 2000
   frameTransformRect: [ [ -1, -1 ], [ -1, -1 ], [ -1, -1 ], [ -1, -1 ] ]
   trackingMode: 1
   segments:
      - { startFrame:49, stopFrame:101, segmentType:2000, focusFrame:-1,
          focusPoint:{ values:[ -1., -1. ], type:Vector2 }, isFragment:0 }
      - { startFrame:106, stopFrame:139, segmentType:2000, focusFrame:-1,
          focusPoint:{ values:[ -1., -1. ], type:Vector2 }, isFragment:0 }
      - { startFrame:0, stopFrame:164, segmentType:1000, focusFrame:-1,
          focusPoint:{ values:[ -1., -1. ], type:Vector2 }, isFragment:0 }
   framesRelTs: [ "0", "260000", "530000", "850000", "1170000",
       "1580000", "1950000", "2170000", "2350000", "2920000", "3180000",
       "3520000", "3790000", "4110000", "4430000", "4770000", "5090000",
       "5420000", "5750000", "6080000", "6410000", "6760000", "7060000",
       "7380000", "7720000", "8040000", "8360000", "8700000", "9010000",
       "9350000", "9670000", "9990000", "10320000", "10670000",
       "10970000", "11320000", "11640000", "11960000", "12290000",
       "12590000", "12950000", "13250000", "13570000", "13890000",
       "14220000", "14540000", "14870000", "15200000", "15530000",
       "15860000", "16180000", "16510000", "16830000", "17160000",
       "17480000", "17800000", "18130000", "18450000", "18790000",
       "19100000", "19440000", "19760000", "20080000", "20400000",
       "20730000", "21060000", "21380000", "21720000", "22050000",
       "22370000", "22690000", "23020000", "23340000", "23660000",
       "24000000", "24320000", "24640000", "24980000", "25300000",
       "25640000", "25960000", "26280000", "26610000", "26950000",
       "27280000", "27610000", "27920000", "28260000", "28580000",
       "28920000", "29240000", "29580000", "29910000", "30230000",
       "30550000", "30870000", "31200000", "31540000", "31860000",
       "32190000", "32510000", "32840000", "33160000", "33480000",
       "33800000", "34120000", "34450000", "34780000", "35090000",
       "35430000", "35750000", "36070000", "36550000", "36880000",
       "37200000", "37520000", "37850000", "38180000", "38510000",
       "38820000", "39140000", "39470000", "39800000", "40120000",
       "40450000", "40770000", "41100000", "41420000", "41740000",
       "42070000", "42400000", "42720000", "43040000", "43380000",
       "43690000", "44010000", "44330000", "44660000", "44990000",
       "45300000", "45640000", "45950000", "46280000", "46610000",
       "46930000", "47270000", "47580000", "47920000", "48240000",
       "48560000", "48880000", "49200000", "49530000", "49860000",
       "50180000", "50500000", "50830000", "51150000", "51480000",
       "51800000", "52130000", "52450000", "52930000", "53140000",
       "53430000", "53760000", "54100000", "54410000", "54760000",
       "55080000", "55520000" ]
   chunks:
      - { path:"Recordings/Action_20180109T111018/recording.avi",
          startFrameIdx:0 }
