%YAML:1.0
---
recording:
   type: VideoRecording
   recordId: Action_20180109T115612
   channelId: main
   timeStamp: "131599725730050000"
   sessionTimestamp: "0"
   width: 0
   height: 0
   frameCount: 141
   fps: 2.9969999999999999e+001
   recordingType: 2000
   frameTransformRect: [ [ -1, -1 ], [ -1, -1 ], [ -1, -1 ], [ -1, -1 ] ]
   trackingMode: 0
   segments:
      - { startFrame:32, stopFrame:127, segmentType:2000, focusFrame:-1,
          focusPoint:{ values:[ -1., -1. ], type:Vector2 }, isFragment:0 }
      - { startFrame:0, stopFrame:134, segmentType:1000, focusFrame:-1,
          focusPoint:{ values:[ -1., -1. ], type:Vector2 }, isFragment:0 }
   framesRelTs: [ "0", "320000", "650000", "980000", "1300000",
       "1630000", "1960000", "2430000", "2640000", "2950000", "3270000",
       "3590000", "3920000", "4250000", "4570000", "4910000", "5230000",
       "5570000", "5880000", "6210000", "6550000", "6870000", "7200000",
       "7530000", "8010000", "8210000", "8510000", "8840000", "9320000",
       "9650000", "9980000", "10320000", "10620000", "10950000",
       "11270000", "11590000", "11920000", "12260000", "12580000",
       "12910000", "13230000", "13560000", "13890000", "14210000",
       "14540000", "14850000", "15180000", "15510000", "15840000",
       "16160000", "16490000", "16820000", "17140000", "17450000",
       "17780000", "18100000", "18430000", "18750000", "19080000",
       "19410000", "19730000", "20060000", "20380000", "20700000",
       "21010000", "21340000", "21650000", "21980000", "22300000",
       "22640000", "22970000", "23310000", "23620000", "23950000",
       "24270000", "24590000", "24910000", "25230000", "25550000",
       "25880000", "26220000", "26540000", "26860000", "27350000",
       "27670000", "28000000", "28330000", "28670000", "29000000",
       "29350000", "29660000", "29980000", "30310000", "30640000",
       "30960000", "31290000", "31620000", "31940000", "32260000",
       "32590000", "32920000", "33250000", "33580000", "33900000",
       "34220000", "34550000", "34860000", "35200000", "35520000",
       "35860000", "36200000", "36520000", "36850000", "37180000",
       "37520000", "37850000", "38170000", "38500000", "38810000",
       "39150000", "39460000", "39800000", "40110000", "40440000",
       "40760000", "41090000", "41420000", "41740000", "42070000",
       "42390000", "42720000", "43050000", "43370000", "43690000",
       "44000000", "44330000", "44640000", "44980000", "45300000",
       "45620000", "46230000" ]
   chunks:
      - { path:"Recordings/Action_20180109T115612/recording.avi",
          startFrameIdx:0 }
