%YAML:1.0
---
recording:
   type: VideoRecording
   recordId: Action_20180109T153819
   channelId: main
   timeStamp: "131599858995690000"
   sessionTimestamp: "0"
   width: 0
   height: 0
   frameCount: 321
   fps: 2.9969999999999999e+001
   recordingType: 2000
   frameTransformRect: [ [ -1, -1 ], [ -1, -1 ], [ -1, -1 ], [ -1, -1 ] ]
   trackingMode: 0
   segments:
      - { startFrame:197, stopFrame:243, segmentType:2000, focusFrame:-1,
          focusPoint:{ values:[ -1., -1. ], type:Vector2 }, isFragment:0 }
      - { startFrame:0, stopFrame:314, segmentType:1000, focusFrame:-1,
          focusPoint:{ values:[ -1., -1. ], type:Vector2 }, isFragment:0 }
   framesRelTs: [ "0", "250000", "450000", "640000", "810000", "2170000",
       "2340000", "2500000", "2680000", "2830000", "3000000", "3900000",
       "4080000", "4250000", "4430000", "4600000", "4760000", "5650000",
       "5800000", "5970000", "6120000", "6310000", "6630000", "7370000",
       "7530000", "7720000", "7940000", "8270000", "8460000", "9120000",
       "9270000", "9450000", "9760000", "10100000", "10840000",
       "10990000", "11160000", "11400000", "11730000", "12060000",
       "12540000", "12740000", "13060000", "13390000", "13720000",
       "14250000", "14410000", "14710000", "15040000", "15360000",
       "15980000", "16140000", "16350000", "16670000", "17010000",
       "17710000", "17870000", "18030000", "18320000", "18650000",
       "19460000", "19650000", "19840000", "20010000", "20310000",
       "20630000", "21150000", "21320000", "21620000", "21950000",
       "22280000", "22870000", "23040000", "23260000", "23580000",
       "23910000", "24600000", "24760000", "24950000", "25210000",
       "25550000", "25870000", "26340000", "26530000", "26850000",
       "27190000", "27520000", "28060000", "28240000", "28490000",
       "28820000", "29150000", "29800000", "29960000", "30160000",
       "30480000", "30820000", "31500000", "31680000", "31850000",
       "32120000", "32450000", "33260000", "33450000", "33610000",
       "33800000", "34100000", "34450000", "34980000", "35160000",
       "35430000", "35770000", "36080000", "36760000", "36930000",
       "37090000", "37410000", "37730000", "38510000", "38680000",
       "38840000", "39050000", "39380000", "39720000", "40210000",
       "40390000", "40690000", "40880000", "41180000", "41930000",
       "42100000", "42330000", "42650000", "42980000", "43660000",
       "43840000", "44000000", "44280000", "44620000", "45380000",
       "45530000", "45710000", "45930000", "46130000", "46440000",
       "47110000", "47280000", "47460000", "47750000", "48080000",
       "48840000", "49020000", "49180000", "49400000", "49720000",
       "50060000", "50570000", "50770000", "51030000", "51370000",
       "51700000", "52310000", "52480000", "52680000", "53010000",
       "53350000", "54030000", "54200000", "54390000", "54650000",
       "54990000", "55760000", "55960000", "56120000", "56320000",
       "56650000", "56970000", "57510000", "57680000", "57950000",
       "58280000", "58600000", "59250000", "59410000", "59600000",
       "59920000", "60250000", "60970000", "61140000", "61300000",
       "61570000", "61900000", "62660000", "62850000", "63050000",
       "63230000", "63540000", "63870000", "64380000", "64540000",
       "64850000", "65190000", "65520000", "66120000", "66280000",
       "66500000", "66820000", "67140000", "67830000", "67990000",
       "68160000", "68450000", "68780000", "69550000", "69720000",
       "69870000", "70090000", "70420000", "70750000", "71270000",
       "71440000", "71730000", "72060000", "72380000", "73040000",
       "73190000", "73370000", "73700000", "74020000", "74770000",
       "74960000", "75120000", "75330000", "75670000", "76000000",
       "76500000", "76670000", "76970000", "77310000", "77630000",
       "78230000", "78410000", "78620000", "78940000", "79270000",
       "79970000", "80140000", "80300000", "80580000", "80910000",
       "81680000", "81850000", "82010000", "82230000", "82550000",
       "82890000", "83430000", "83600000", "83860000", "84200000",
       "84520000", "85190000", "85350000", "85540000", "85850000",
       "86180000", "86910000", "87080000", "87240000", "87490000",
       "87830000", "88150000", "88610000", "88830000", "89150000",
       "89480000", "89810000", "90350000", "90520000", "90810000",
       "91120000", "91440000", "92080000", "92260000", "92430000",
       "92630000", "92950000", "93280000", "93810000", "93990000",
       "94260000", "94600000", "94920000", "95490000", "95660000",
       "95900000", "96230000", "96560000", "97200000", "97360000",
       "97560000", "97870000", "98200000", "98930000", "99090000",
       "99280000", "99510000", "99840000", "100170000", "100640000",
       "100830000", "101150000", "101490000", "101810000", "102350000",
       "102520000", "102790000", "103130000", "103450000", "104070000",
       "105510000" ]
   chunks:
      - { path:"Recordings/Action_20180109T153819/recording.avi",
          startFrameIdx:0 }
