%YAML:1.0
---
recording:
   type: VideoRecording
   recordId: Action_20171124T115747
   channelId: main
   timeStamp: "131559982679600000"
   sessionTimestamp: "0"
   width: 0
   height: 0
   frameCount: 186
   fps: 2.9969999999999999e+001
   recordingType: 2000
   frameTransformRect: [ [ -1, -1 ], [ -1, -1 ], [ -1, -1 ], [ -1, -1 ] ]
   trackingMode: 1
   segments:
      - { startFrame:57, stopFrame:76, segmentType:2000, focusFrame:-1,
          focusPoint:{ values:[ -1., -1. ], type:Vector2 }, isFragment:0 }
      - { startFrame:81, stopFrame:122, segmentType:2000, focusFrame:-1,
          focusPoint:{ values:[ -1., -1. ], type:Vector2 }, isFragment:0 }
      - { startFrame:0, stopFrame:179, segmentType:1000, focusFrame:-1,
          focusPoint:{ values:[ -1., -1. ], type:Vector2 }, isFragment:0 }
   framesRelTs: [ "0", "210000", "510000", "830000", "1240000",
       "1470000", "1790000", "2110000", "2430000", "2750000", "3080000",
       "3550000", "3880000", "4190000", "4510000", "4830000", "5150000",
       "5470000", "5790000", "6110000", "6430000", "6750000", "7070000",
       "7550000", "7870000", "8190000", "8520000", "8830000", "9150000",
       "9470000", "9790000", "10110000", "10420000", "10740000",
       "11070000", "11390000", "11870000", "12190000", "12510000",
       "12830000", "13150000", "13480000", "13790000", "14110000",
       "14430000", "14750000", "15070000", "15390000", "15990000",
       "16280000", "16530000", "16830000", "17150000", "17630000",
       "17950000", "18280000", "18590000", "18910000", "19230000",
       "19550000", "19870000", "20200000", "20510000", "20830000",
       "21150000", "21470000", "21960000", "22270000", "22590000",
       "23000000", "23300000", "23560000", "23870000", "24190000",
       "24510000", "24830000", "25150000", "25470000", "26140000",
       "26470000", "26630000", "26930000", "27230000", "27550000",
       "27870000", "28190000", "28510000", "28830000", "29150000",
       "29470000", "29950000", "30280000", "30590000", "30920000",
       "31240000", "31550000", "31870000", "32200000", "32510000",
       "32830000", "33150000", "33470000", "33790000", "34270000",
       "34590000", "34910000", "35230000", "35550000", "35870000",
       "36190000", "36510000", "36840000", "37150000", "37470000",
       "37790000", "38270000", "38590000", "38910000", "39230000",
       "39550000", "39870000", "40190000", "40510000", "40830000",
       "41160000", "41470000", "41790000", "42130000", "42590000",
       "42910000", "43230000", "43550000", "43870000", "44190000",
       "44510000", "44830000", "45150000", "45470000", "45790000",
       "46110000", "46590000", "46910000", "47240000", "47550000",
       "47880000", "48190000", "48510000", "48830000", "49160000",
       "49470000", "49790000", "50110000", "50430000", "50910000",
       "51230000", "51550000", "51870000", "52190000", "52510000",
       "52830000", "53150000", "53470000", "53790000", "54120000",
       "54430000", "54910000", "55230000", "55550000", "55870000",
       "56190000", "56510000", "56830000", "57150000", "57470000",
       "57960000", "58110000", "58430000", "58910000", "59230000",
       "59560000", "59880000", "60190000", "60510000", "60830000",
       "61150000", "61470000" ]
   chunks:
      - { path:"Recordings/Action_20171124T115747/recording.avi",
          startFrameIdx:0 }
