<?xml version="1.0"?>
<opencv_storage>
<keyPoints>
  2.6762026977539062e+002 2.8414594650268555e+001
  1.4400074958801270e+001 9.0426284790039063e+001
  3.1866752624511719e+001 0 -1 2.8147573852539062e+002
  4.6584289550781250e+001 1.5568420410156250e+001
  3.0169818115234375e+002 1.5480130004882813e+002 0 -1
  3.9863287353515625e+002 4.6899009704589844e+001
  1.4388888359069824e+001 3.0827700805664062e+002
  1.3356018066406250e+002 0 -1 2.7936303710937500e+002
  5.2612865447998047e+001 1.3424002647399902e+001
  7.9129386901855469e+001 4.9254043579101563e+001 0 -1
  3.9736404418945312e+002 8.2657554626464844e+001
  1.6232875823974609e+001 3.4788737297058105e+000
  1.2116607666015625e+002 0 -1 2.4741047668457031e+002
  8.3731628417968750e+001 15. 2.3210338592529297e+001
  1.6237500000000000e+002 0 -1 2.9356936645507812e+002
  1.0654041290283203e+002 1.3738321304321289e+001
  2.4436672973632812e+002 3.7835968017578125e+001 0 -1
  1.9215722656250000e+002 1.0740850067138672e+002
  1.4700000762939453e+001 2.5379873657226562e+002
  5.2050003051757813e+001 0 -1 2.0020452880859375e+002
  1.0688911437988281e+002 1.1666666030883789e+001
  2.8288708496093750e+002 3.0055557250976563e+001 0 -1
  2.0339025878906250e+002 1.0654467773437500e+002
  1.1153845787048340e+001 2.9446002197265625e+002
  4.0387817382812500e+001 0 -1 4.0699517822265625e+002
  1.0729955291748047e+002 1.3319999694824219e+001
  2.7078372192382812e+002 5.8210006713867187e+001 0 -1
  4.0487893676757812e+002 1.0745980072021484e+002
  1.4004773139953613e+001 2.6453829956054687e+002
  6.0877609252929688e+001 0 -1 2.2040805053710937e+002
  1.2364540863037109e+002 15. 1.4442375183105469e+001
  5.8375000000000000e+001 0 -1 2.3817683410644531e+002
  1.5488537597656250e+002 1.4368420600891113e+001
  3.5082235717773437e+002 4.9960525512695312e+001 0 -1
  2.3936602783203125e+002 1.5489027404785156e+002
  1.4586207389831543e+001 3.4606335449218750e+002
  4.0693969726562500e+001 0 -1 2.5008908081054687e+002
  1.5502360534667969e+002 1.2708923339843750e+001
  3.5925595092773437e+002 3.4808822631835938e+001 0 -1
  3.6149084472656250e+002 1.5576896667480469e+002
  1.3699115753173828e+001 1.7290141296386719e+002
  4.2164962768554687e+001 0 -1 4.9784295654296875e+002
  1.7915896606445312e+002 1.3690908432006836e+001
  1.9013670349121094e+002 6.6184082031250000e+001 0 -1
  2.3859390258789062e+002 2.7155831909179687e+002
  1.4143905639648438e+001 7.6560188293457031e+001
  3.4772514343261719e+001 0 -1 2.4933308410644531e+002
  2.7137969970703125e+002 1.3133426666259766e+001
  1.1849766731262207e+001 3.4577102661132812e+001 0 -1
  3.6190121459960937e+002 2.7191757202148437e+002
  1.4076922416687012e+001 1.5554794311523437e+002
  4.7336547851562500e+001 0 -1 3.7344598388671875e+002
  2.7170504760742187e+002 1.3668457031250000e+001
  1.1905178070068359e+001 3.8433959960937500e+001 0 -1
  2.9049523925781250e+002 3.1708090209960937e+002
  1.4142857551574707e+001 2.2242843627929687e+002
  3.2339286804199219e+001 0 -1 3.1563442993164063e+002
  3.1747525024414062e+002 1.3452579498291016e+001
  2.1414381408691406e+002 3.5304367065429687e+001 0 -1
  3.2070251464843750e+002 3.1804595947265625e+002
  1.3750000000000000e+001 3.4465371704101562e+002
  3.3020835876464844e+001 0 -1 2.9129141235351562e+002
  3.2177154541015625e+002 1.4513513565063477e+001
  8.1514160156250000e+001 6.6246627807617187e+001 0 -1
  2.9306240844726562e+002 3.2216934204101562e+002
  1.3734286308288574e+001 6.6003669738769531e+001
  8.1426635742187500e+001 0 -1 3.1641857910156250e+002
  3.2161856079101563e+002 1.4032257080078125e+001
  1.0426119232177734e+002 6.2778221130371094e+001 0 -1
  3.1901818847656250e+002 3.2228790283203125e+002
  1.3562076568603516e+001 6.7552558898925781e+001
  8.6184020996093750e+001 0 -1 2.8081137084960937e+002
  4.6430866241455078e+001 2.1202896118164063e+001
  3.1176968383789062e+002 1.6224641418457031e+002 1 -1
  3.9755493164062500e+002 4.6968833923339844e+001
  2.0758989334106445e+001 2.8195416259765625e+002
  1.3374008178710937e+002 1 -1 1.8892135620117187e+002
  1.0254125213623047e+002 1.8500318527221680e+001
  2.7223645019531250e+002 3.8608291625976563e+001 1 -1
  1.9220355224609375e+002 1.0844160461425781e+002
  1.7872941970825195e+001 2.4980242919921875e+002
  6.0006027221679688e+001 1 -1 2.9345834350585937e+002
  1.0826220703125000e+002 1.9491603851318359e+001
  2.2919003295898437e+002 4.8614578247070313e+001 1 -1
  2.4544509887695312e+002 1.1290447998046875e+002
  1.9268375396728516e+001 2.8921403884887695e+001
  3.7883728027343750e+001 1 -1 3.6554916381835937e+002
  1.1321678161621094e+002 1.8189382553100586e+001
  2.4178570556640625e+002 3.6856597900390625e+001 1 -1
  2.4106048583984375e+002 1.7096461486816406e+002
  1.9254995346069336e+001 1.7013187408447266e+001
  4.3222671508789063e+001 1 -1 3.6557174682617187e+002
  1.7175033569335937e+002 1.9035476684570313e+001
  6.5011558532714844e+001 3.8934036254882813e+001 1 -1
  2.4880780029296875e+002 1.9097207641601562e+002
  1.7852478027343750e+001 4.8508214950561523e+000
  3.2474601745605469e+001 1 -1 2.4107052612304687e+002
  2.2982971191406250e+002 1.9423076629638672e+001
  6.6616684198379517e-001 4.7169677734375000e+001 1 -1
  3.7102212524414062e+002 2.7178881835937500e+002
  1.8230768203735352e+001 5.0009572505950928e-001
  3.8009613037109375e+001 1 -1 2.4250000000000000e+002
  2.8650000000000000e+002 24. 6.2914913177490234e+001
  5.5333007812500000e+001 1 -1 3.6707788085937500e+002
  2.8628268432617187e+002 2.1284755706787109e+001
  8.6255325317382813e+001 4.5038642883300781e+001 1 -1
  3.6572366333007812e+002 2.8917108154296875e+002
  1.8911670684814453e+001 9.0412635803222656e+001
  4.1266967773437500e+001 1 -1 2.9067056274414062e+002
  3.2166790771484375e+002 1.9160755157470703e+001
  1.0185198974609375e+002 6.6122093200683594e+001 1 -1
  3.1590319824218750e+002 3.2177764892578125e+002
  1.7077077865600586e+001 7.4972152709960938e+001
  6.2034175872802734e+001 1 -1 2.8107830810546875e+002
  4.6650497436523438e+001 2.1826917648315430e+001
  3.5355538940429687e+002 1.6045079040527344e+002 2 -1
  2.0332250976562500e+002 5.5197719573974609e+001
  2.8977024078369141e+001 3.2347769165039062e+002
  5.8035747528076172e+001 2 -1 2.4616607666015625e+002
  8.3645301818847656e+001 2.4792030334472656e+001
  3.2784591674804688e+001 1.9664070129394531e+002 2 -1
  3.9727416992187500e+002 8.3971221923828125e+001
  2.6719619750976562e+001 2.5994201660156250e+002
  1.8059771728515625e+002 2 -1 2.1258433532714844e+002
  1.0054923248291016e+002 2.6040000915527344e+001
  3.5133938598632812e+002 4.1481670379638672e+001 2 -1
  1.8850405883789062e+002 1.0307187652587891e+002
  2.4037609100341797e+001 3.3062326049804687e+002
  3.6025432586669922e+001 2 -1 2.1772222900390625e+002
  1.0372222137451172e+002 2.6333332061767578e+001
  3.5582833862304687e+002 3.1680551528930664e+001 2 -1
  2.3338598632812500e+002 1.0625641632080078e+002
  2.6486829757690430e+001 1.6357801437377930e+001
  3.1806823730468750e+001 2 -1 1.9278218078613281e+002
  1.0875000000000000e+002 18. 2.4935437011718750e+002
  5.4229492187500000e+001 2 -1 2.9250000000000000e+002 112. 36.
  1.9765898132324219e+002 59. 2 -1 2.4343128967285156e+002
  1.1338969421386719e+002 2.6632469177246094e+001
  2.5170923233032227e+001 4.9896465301513672e+001 2 -1
  3.6841760253906250e+002 1.1382524108886719e+002
  2.6417377471923828e+001 2.0251940917968750e+002
  4.6855327606201172e+001 2 -1 319. 121. 36. 1.6814359664916992e+001
  8.9333007812500000e+001 2 -1 3.9364193725585937e+002
  1.2198340606689453e+002 3.1947666168212891e+001
  1.3029626464843750e+002 7.0563102722167969e+001 2 -1
  2.4271560668945312e+002 1.7147479248046875e+002
  2.7953002929687500e+001 2.0682551860809326e+000
  5.7391254425048828e+001 2 -1 3.6783233642578125e+002
  1.7184812927246094e+002 2.7635311126708984e+001
  3.4039074707031250e+002 5.2813781738281250e+001 2 -1
  4.9774493408203125e+002 1.7942486572265625e+002
