<?xml version="1.0"?>
<opencv_storage>
<keyPoints>
  2.6541732788085937e+002 3.4604793548583984e+001
  1.5506601333618164e+001 8.8101966857910156e+001
  3.8545600891113281e+001 0 -1 3.1016967773437500e+002
  3.5621860504150391e+001 1.4428570747375488e+001
  8.6243499755859375e+001 4.8440475463867188e+001 0 -1
  4.1170394897460937e+002 3.6223636627197266e+001
  1.2913043975830078e+001 8.6851974487304688e+001
  4.6532608032226563e+001 0 -1 2.6736880493164062e+002
  3.6600475311279297e+001 1.5442039489746094e+001
  9.1323135375976563e+001 5.3210830688476563e+001 0 -1
  3.8936355590820312e+002 3.6791767120361328e+001
  1.4853658676147461e+001 1.0149958801269531e+002
  6.1637191772460938e+001 0 -1 3.9162985229492187e+002
  3.6718723297119141e+001 1.3500000000000000e+001
  1.0164582061767578e+002 6.3750000000000000e+001 0 -1
  2.7561441040039062e+002 3.8870357513427734e+001
  1.4115386962890625e+001 9.7759620666503906e+001
  3.3326560974121094e+001 0 -1 3.7463265991210937e+002
  5.1498821258544922e+001 1.4414634704589844e+001
  2.0287998962402344e+002 5.0320129394531250e+001 0 -1
  2.8349966430664062e+002 5.8633831024169922e+001
  1.4538461685180664e+001 2.4716455459594727e+001
  3.3326919555664062e+001 0 -1 2.1571781921386719e+002
  1.1081773376464844e+002 1.3173913955688477e+001
  2.8096362304687500e+002 4.1880447387695313e+001 0 -1
  3.9199600219726562e+002 1.1265276336669922e+002
  1.4500000000000000e+001 2.2962763977050781e+002
  3.5083335876464844e+001 0 -1 2.4655973815917969e+002
  1.2126440429687500e+002 1.4975362777709961e+001
  2.9405291748046875e+002 3.8333480834960938e+001 0 -1
  4.1041809082031250e+002 1.2133633422851562e+002
  1.3857143402099609e+001 2.9090713500976562e+002
  3.4005950927734375e+001 0 -1 3.6848730468750000e+002 124.
  1.4823529243469238e+001 2.8749511718750000e+002
  4.4764694213867188e+001 0 -1 4.9162261962890625e+002
  1.3471823120117187e+002 1.3451612472534180e+001
  1.7270643615722656e+002 3.5907257080078125e+001 0 -1
  2.4625000000000000e+002 1.7875000000000000e+002 18.
  5.3345474243164063e+001 3.9222656250000000e+001 0 -1
  4.9753533935546875e+002 1.8729197692871094e+002
  1.3378377914428711e+001 1.8180607604980469e+002
  8.4952697753906250e+001 0 -1 4.9171343994140625e+002
  1.8894955444335937e+002 1.3181818008422852e+001
  1.7055723571777344e+002 3.4640151977539063e+001 0 -1
  2.4034040832519531e+002 2.9404058837890625e+002
  1.3500000000000000e+001 2.2256895446777344e+002
  3.7875000000000000e+001 0 -1 2.9199942016601562e+002
  3.3093026733398437e+002 1.3227450370788574e+001
  2.8667715454101562e+002 8.5574066162109375e+001 0 -1
  2.6670971679687500e+002 3.6052120208740234e+001
  1.7730903625488281e+001 9.2493034362792969e+001
  5.3085430145263672e+001 1 -1 3.0709460449218750e+002
  3.5754188537597656e+001 2.1923349380493164e+001
  8.8335205078125000e+001 5.1976593017578125e+001 1 -1
  3.1136111450195313e+002 9.3973457336425781e+001
  1.8141773223876953e+001 2.7964352416992187e+002
  4.8327728271484375e+001 1 -1 3.0862359619140625e+002
  1.1923557281494141e+002 2.0142856597900391e+001
  2.8776837158203125e+002 4.3339279174804688e+001 1 -1
  4.9125088500976562e+002 1.3386331176757813e+002
  1.6846097946166992e+001 1.8030838012695312e+002
  3.6293830871582031e+001 1 -1 4.9684069824218750e+002
  1.8711619567871094e+002 1.7222127914428711e+001
  1.7923062133789063e+002 8.9211776733398438e+001 1 -1
  2.4480184936523438e+002 2.9494757080078125e+002
  2.0647058486938477e+001 3.3984500122070312e+002
  7.1654403686523438e+001 1 -1 3.9050616455078125e+002
  3.6982250213623047e+001 2.1675193786621094e+001
  9.5484634399414063e+001 6.4513977050781250e+001 2 -1
  3.7457070922851563e+002 5.0738521575927734e+001
  2.3388498306274414e+001 1.1253952789306641e+002
  5.3042682647705078e+001 2 -1 2.7976284790039062e+002
  5.5168025970458984e+001 2.9902973175048828e+001
  8.5641502380371094e+001 2.1496403503417969e+002 2 -1
  3.9728890991210937e+002 5.5412799835205078e+001
  2.8007236480712891e+001 9.1017692565917969e+001
  2.1629631042480469e+002 2 -1 2.4539358520507812e+002
  9.1705810546875000e+001 2.6603462219238281e+001
  3.5560177612304687e+002 1.9894293212890625e+002 2 -1
  3.9558093261718750e+002 9.3794525146484375e+001
  3.0530647277832031e+001 2.5240295410156250e+002
  2.0543528747558594e+002 2 -1 3.1179220581054687e+002
  9.4254409790039063e+001 18. 2.7978848266601562e+002
  4.8492187500000000e+001 2 -1 2.0680738830566406e+002
  1.1810462951660156e+002 3.3488883972167969e+001
  2.9123593139648437e+002 5.1539867401123047e+001 2 -1
  2.9394067382812500e+002 118. 36. 2.3179135131835937e+002
  1.1601171875000000e+002 2 -1 319. 118. 36. 3.2796987915039062e+002
  8.4666992187500000e+001 2 -1 3.9438571166992187e+002 118. 36.
  2.1961297607421875e+002 98. 2 -1 4.1916726684570312e+002
  1.1776666259765625e+002 3.3349105834960938e+001
  3.3384390258789062e+002 8.3786842346191406e+001 2 -1
  4.0486987304687500e+002 1.1980555725097656e+002 28.
  2.7390115356445312e+002 4.9666667938232422e+001 2 -1
  4.0973391723632812e+002 1.1926966094970703e+002
  2.9727272033691406e+001 3.0720758056640625e+002
  6.2011371612548828e+001 2 -1 2.4617330932617187e+002
  1.2541686248779297e+002 2.6242584228515625e+001
  3.4751547241210937e+002 9.0359008789062500e+001 2 -1
  3.6677191162109375e+002 1.2606771850585938e+002
  2.8078609466552734e+001 1.9557495117187500e+002
  8.9365028381347656e+001 2 -1 4.2124291992187500e+002
  1.3103311157226562e+002 2.8339468002319336e+001
  2.5965833663940430e+001 9.7169799804687500e+001 2 -1
  3.6581015014648437e+002 1.5358874511718750e+002
  2.8818012237548828e+001 1.3025218200683594e+002
  2.1636332702636719e+002 2 -1 2.4540888977050781e+002
  1.8110758972167969e+002 2.5377542495727539e+001
  5.4943153381347656e+001 7.2009132385253906e+001 2 -1
  3.6663888549804687e+002 1.8249998474121094e+002
  2.6693683624267578e+001 7.1962196350097656e+001
  8.0368019104003906e+001 2 -1 4.9368862915039062e+002
  1.8730366516113281e+002 2.9112823486328125e+001
  1.8006312561035156e+002 3.4227722167968750e+001 2 -1
  2.4509988403320312e+002 2.3816432189941406e+002
  2.5041606903076172e+001 2.9447109985351562e+002
  7.2054702758789063e+001 2 -1 3.6631561279296875e+002
  2.3942372131347656e+002 2.4091461181640625e+001
  2.8029058837890625e+002 7.9315650939941406e+001 2 -1
  2.4326754760742187e+002 2.6733767700195312e+002
  2.6751716613769531e+001 3.1978625488281250e+002
  1.9624914550781250e+002 2 -1 3.6550802612304688e+002
  2.6767718505859375e+002 2.8308982849121094e+001
  3.0176007080078125e+002 2.0136022949218750e+002 2 -1
  2.4478399658203125e+002 2.9500225830078125e+002 25.
  3.2767471313476562e+002 7.2083335876464844e+001 2 -1
  3.6603414916992187e+002 2.9585995483398438e+002
  2.5434642791748047e+001 3.9888172149658203e+001
  8.2260765075683594e+001 2 -1 2.0122497558593750e+002
  6.2968574523925781e+001 3.8827365875244141e+001
  6.3399818420410156e+001 1.2075662231445312e+002 3 -1
  2.2677166748046875e+002 6.2855216979980469e+001
  4.0148368835449219e+001 7.9328712463378906e+001
  1.2808682250976562e+002 3 -1 2.4593035888671875e+002
  9.1767494201660156e+001 24. 3.5499951171875000e+002
  1.9426855468750000e+002 3 -1 3.9552990722656250e+002
  9.3834457397460938e+001 4.0300109863281250e+001
  2.5630828857421875e+002 1.9487242126464844e+002 3 -1
  1.5860464477539062e+002 1.0720737457275391e+002
  3.9103446960449219e+001 3.6594493865966797e+001
  1.1096983337402344e+002 3 -1 298. 121. 48. 3.1565475463867187e+002 71.
  3 -1 3.1781826782226562e+002 1.2049781036376953e+002
  4.4306324005126953e+001 3.3209814453125000e+002
  9.6060775756835938e+001 3 -1 3.9524932861328125e+002
  1.1995343780517578e+002 4.1022743225097656e+001
  2.1294421386718750e+002 1.0917355346679687e+002 3 -1
  4.0950622558593750e+002 1.1888723754882812e+002 34.
  3.0846307373046875e+002 6.6375000000000000e+001 3 -1
  3.9523217773437500e+002 1.2887384033203125e+002
  4.3274242401123047e+001 1.5222315979003906e+002
