<?xml version="1.0"?>
<opencv_storage>
<keyPoints>
  2.6088562011718750e+002 2.5364280700683594e+001
  1.3648484230041504e+001 8.9010520935058594e+001
  3.4136421203613281e+001 0 -1 2.7159927368164062e+002
  2.5388404846191406e+001 1.5082005500793457e+001
  8.9664474487304688e+001 3.3673606872558594e+001 0 -1
  3.1062091064453125e+002 2.6284774780273438e+001
  1.2299999237060547e+001 8.5624496459960938e+001
  5.7074996948242188e+001 0 -1 315. 2.6806348800659180e+001
  1.2063829421997070e+001 8.2591636657714844e+001
  4.2002655029296875e+001 0 -1 4.1148229980468750e+002
  2.6991794586181641e+001 1.2157894134521484e+001
  8.6820129394531250e+001 5.5019744873046875e+001 0 -1
  2.6731161499023437e+002 2.7843851089477539e+001
  1.3463691711425781e+001 8.9019226074218750e+001
  6.4639862060546875e+001 0 -1 3.8873165893554687e+002
  2.7442945480346680e+001 1.6513011932373047e+001
  9.4999755859375000e+001 5.0229156494140625e+001 0 -1
  3.9157238769531250e+002 2.7721431732177734e+001
  1.3448275566101074e+001 9.4938430786132813e+001
  6.1689651489257813e+001 0 -1 4.1594833374023437e+002
  2.7658510208129883e+001 1.3240264892578125e+001
  8.4734832763671875e+001 3.2849868774414063e+001 0 -1
  2.2600321960449219e+002 2.9448034286499023e+001
  1.2763609886169434e+001 9.3402877807617188e+001
  4.0961730957031250e+001 0 -1 2.5964984130859375e+002
  2.9954389572143555e+001 1.1705883026123047e+001
  8.5705154418945313e+001 3.5061279296875000e+001 0 -1
  2.7533666992187500e+002 2.9788114547729492e+001
  1.3950150489807129e+001 9.3823104858398438e+001
  3.5658126831054687e+001 0 -1 4.1895516967773437e+002
  3.1866281509399414e+001 1.2359999656677246e+001
  7.8004737854003906e+001 3.1044998168945313e+001 0 -1
  3.7462530517578125e+002 4.2307319641113281e+001
  1.4263157844543457e+001 2.1200091552734375e+002
  6.2054840087890625e+001 0 -1 2.8150558471679687e+002
  4.5274864196777344e+001 1.4878787994384766e+001
  3.1552502441406250e+002 1.3339517211914062e+002 0 -1
  3.9849703979492187e+002 4.6197013854980469e+001 15.
  3.3314611816406250e+002 161. 0 -1 2.8342593383789062e+002
  4.9939922332763672e+001 1.3923076629638672e+001
  2.2893268585205078e+001 4.3003204345703125e+001 0 -1
  2.7853262329101562e+002 5.1878490447998047e+001
  1.4762207031250000e+001 8.5627319335937500e+001
  8.3223052978515625e+001 0 -1 2.5084823608398438e+002
  8.0800140380859375e+001 1.3222221374511719e+001
  3.5021426391601562e+002 3.1560180664062500e+001 0 -1
  3.1151489257812500e+002 8.5303512573242187e+001
  1.4744680404663086e+001 8.9895315170288086e+000
  6.3917556762695312e+001 0 -1 4.0180590820312500e+002
  8.5966583251953125e+001 1.3263156890869141e+001
  1.7149869918823242e+001 3.4842102050781250e+001 0 -1
  1.9005191040039062e+002 1.0202998352050781e+002
  1.1572442054748535e+001 2.4404730224609375e+002
  3.3104461669921875e+001 0 -1 2.1579902648925781e+002
  1.0164968872070312e+002 1.3079456329345703e+001
  2.6995458984375000e+002 4.3953033447265625e+001 0 -1
  4.2243106079101562e+002 1.0354273986816406e+002
  1.3539772033691406e+001 2.9645559692382812e+002
  4.3766540527343750e+001 0 -1 2.1147290039062500e+002
  1.0545564270019531e+002 1.1264150619506836e+001
  2.5849325561523437e+002 3.7398574829101563e+001 0 -1
  2.4218827819824219e+002 1.2882963562011719e+002
  1.4689828872680664e+001 3.4554907226562500e+002
  4.2243316650390625e+001 0 -1 3.7455725097656250e+002
  1.3059625244140625e+002 1.6111110687255859e+001
  1.2529309272766113e+001 4.8337966918945313e+001 0 -1
  2.4178807067871094e+002 1.5420613098144531e+002
  1.3928571701049805e+001 2.0420742034912109e+001
  6.1892852783203125e+001 0 -1 3.7631069946289062e+002
  1.5561474609375000e+002 1.3894737243652344e+001
  2.8227588534355164e-001 4.1894729614257813e+001 0 -1
  4.9071606445312500e+002 1.7115197753906250e+002
  1.0166666030883789e+001 6.7326019287109375e+001
  3.4680549621582031e+001 0 -1 4.7269515991210937e+002
  2.1125453186035156e+002 1.2272727012634277e+001
  2.4646960449218750e+002 4.7045455932617188e+001 0 -1
  3.7938247680664062e+002 2.2651821899414062e+002
  1.4612903594970703e+001 2.3884579467773437e+002
  4.8939529418945313e+001 0 -1 404. 2.3545590209960937e+002
  1.4314334869384766e+001 3.1603033447265625e+002
  5.6092391967773438e+001 0 -1 3.7378033447265625e+002
  2.5080650329589844e+002 1.2846153259277344e+001
  2.0017616271972656e+002 3.1387817382812500e+001 0 -1
  2.4117013549804687e+002 2.7438558959960937e+002
  1.2937255859375000e+001 2.0133399963378906e+002
  3.1017044067382813e+001 0 -1 3.1675570678710937e+002
  3.2029562377929687e+002 1.2818181991577148e+001
  1.4239726066589355e+001 3.3102272033691406e+001 0 -1
  2.9197879028320312e+002 3.2179583740234375e+002
  1.2553633689880371e+001 1.3725933837890625e+002
  8.5330642700195313e+001 0 -1 3.1795434570312500e+002
  3.2168801879882813e+002 1.2721518516540527e+001
  1.8965360641479492e+001 9.4571197509765625e+001 0 -1
  3.9724298095703125e+002 4.6161785125732422e+001
  2.1868648529052734e+001 8.0383964538574219e+001
  2.1354211425781250e+002 1 -1 2.7561602783203125e+002
  4.8985565185546875e+001 1.9482839584350586e+001
  1.7750335693359375e+002 6.7362319946289062e+001 1 -1
  2.4537869262695312e+002 8.2405975341796875e+001
  2.3064998626708984e+001 3.2874706268310547e+001
  1.8307550048828125e+002 1 -1 3.1132159423828125e+002
  8.4912948608398438e+001 1.8801012039184570e+001
  2.7922381591796875e+002 6.5842025756835938e+001 1 -1
  2.2050000000000000e+002 1.0650000000000000e+002 24.
  3.2097509765625000e+002 8.2666664123535156e+001 1 -1
  3.1850000000000000e+002 1.0650000000000000e+002 24.
  3.1606207275390625e+002 78. 1 -1 3.0155636596679687e+002
  1.0944319152832031e+002 20. 2.5709652709960937e+002
  6.2333312988281250e+001 1 -1 3.0934838867187500e+002
  1.0949392700195312e+002 1.8510858535766602e+001
  2.8836468505859375e+002 5.4130096435546875e+001 1 -1
  3.7050000000000000e+002 1.1250000000000000e+002 24.
  2.2090527343750000e+002 62. 1 -1 3.7134210205078125e+002
  1.1490576171875000e+002 2.0401138305664063e+001
  2.2457714843750000e+002 5.3333511352539063e+001 1 -1
  3.6576721191406250e+002 1.2990303039550781e+002
  1.9666666030883789e+001 3.2408963012695312e+002
  3.5347221374511719e+001 1 -1 3.7535922241210937e+002
  1.3038687133789063e+002 1.9131698608398438e+001
  4.1758819580078125e+001 5.4358062744140625e+001 1 -1
  2.3182846069335937e+002 1.3331565856933594e+002
  1.8857219696044922e+001 2.0887371063232422e+001
  3.0111129760742187e+001 1 -1 2.4081747436523437e+002
  1.5445336914062500e+002 1.8972755432128906e+001
  1.6492460250854492e+001 5.9297729492187500e+001 1 -1
  3.6515496826171875e+002 1.5558456420898437e+002
  1.8831258773803711e+001 2.3044538497924805e+001
  4.5695632934570313e+001 1 -1 2.5706460571289062e+002
  2.0919476318359375e+002 2.0760044097900391e+001
  1.5420965576171875e+002 3.7509498596191406e+001 1 -1
  3.7864144897460938e+002 2.2474044799804687e+002 18.
  2.4379948425292969e+002 5.1140625000000000e+001 1 -1
  3.8391506958007813e+002 2.2607566833496094e+002 21.
  2.6011715698242187e+002 4.5862075805664063e+001 1 -1
  3.9330923461914062e+002 2.2512654113769531e+002
  1.9235374450683594e+001 2.8859997558593750e+002
  7.9081024169921875e+001 1 -1 3.7914257812500000e+002
  2.3036010742187500e+002 21. 2.3800656127929687e+002
  6.6125000000000000e+001 1 -1 3.6915057373046875e+002
  2.3187390136718750e+002 21. 2.1559683227539062e+002
  5.5714614868164062e+001 1 -1 4.0751599121093750e+002
  2.4027819824218750e+002 1.9005691528320313e+001
  3.1287097167968750e+002 6.4549407958984375e+001 1 -1
  3.7229721069335938e+002 2.5171398925781250e+002 19.
  2.0995954895019531e+002 3.1333328247070313e+001 1 -1
  2.5075000000000000e+002 2.5650000000000000e+002 24.
  2.7598257446289062e+002 53. 1 -1 4.4379516601562500e+002
  2.8902355957031250e+002 1.9588233947753906e+001
  3.4981741333007812e+002 3.3595596313476563e+001 1 -1
  3.7446270751953125e+002 4.1999359130859375e+001
  2.0476272583007812e+001 1.1738219451904297e+002
