<?xml version="1.0"?>
<opencv_storage>
<keyPoints>
  2.8133190917968750e+002 4.6662448883056641e+001
  1.6761676788330078e+001 3.3092153930664062e+002
  1.3993542480468750e+002 0 -1 3.9401004028320312e+002
  4.7541893005371094e+001 1.4847778320312500e+001
  2.1368025207519531e+002 8.7706329345703125e+001 0 -1
  3.9874749755859375e+002 4.7046638488769531e+001
  1.3918032646179199e+001 3.1765246582031250e+002
  1.3123358154296875e+002 0 -1 2.2912500000000000e+002
  5.2750000000000000e+001 18. 2.4657867431640625e+002
  4.2467773437500000e+001 0 -1 2.7951159667968750e+002
  5.2635906219482422e+001 1.3523275375366211e+001
  7.6760749816894531e+001 4.0319229125976563e+001 0 -1
  3.9862628173828125e+002 8.3522445678710938e+001
  1.4134614944458008e+001 2.7824676513671875e+002
  1.1558172607421875e+002 0 -1 2.4749385070800781e+002
  8.4057823181152344e+001 1.3917293548583984e+001
  1.7653160095214844e+002 1.5079040527343750e+002 0 -1
  3.9513476562500000e+002 8.4538459777832031e+001
  1.4779226303100586e+001 1.9117802429199219e+002
  1.6025152587890625e+002 0 -1 3.0239379882812500e+002
  8.6164611816406250e+001 1.4485713958740234e+001
  2.9153826904296875e+002 3.8003570556640625e+001 0 -1
  3.5217944335937500e+002 8.9532493591308594e+001
  1.2840000152587891e+001 2.7260229492187500e+002
  3.2244995117187500e+001 0 -1 3.9517016601562500e+002
  9.0084815979003906e+001 1.3664262771606445e+001
  9.5715148925781250e+001 3.1187667846679688e+001 0 -1
  2.8156533813476562e+002 9.7659248352050781e+001
  1.2592136383056641e+001 2.4598872375488281e+002
  3.9578750610351563e+001 0 -1 1.6140264892578125e+002
  9.9834106445312500e+001 1.4812500000000000e+001
  2.9877979278564453e+001 5.0515625000000000e+001 0 -1
  2.0376586914062500e+002 1.0451371765136719e+002 15.
  2.8634472656250000e+002 3.8125000000000000e+001 0 -1
  2.8317385864257812e+002 1.0373831939697266e+002
  1.2545454025268555e+001 2.2713423156738281e+002
  4.0181808471679688e+001 0 -1 4.7498385620117187e+002
  1.0718073272705078e+002 1.3133333206176758e+001
  2.6951934814453125e+002 4.2802780151367188e+001 0 -1
  4.6884204101562500e+002 1.0819052886962891e+002
  1.1816326141357422e+001 2.6565368652343750e+002
  3.4022964477539062e+001 0 -1 4.5657989501953125e+002
  1.0916728973388672e+002 1.4159036636352539e+001
  2.6759719848632813e+002 4.2972000122070312e+001 0 -1
  4.2096984863281250e+002 1.1383238220214844e+002 13.
  1.8870231628417969e+002 5.9791656494140625e+001 0 -1
  1.9591589355468750e+002 1.1577285766601562e+002 13.
  3.2412402343750000e+002 3.2416671752929688e+001 0 -1
  4.7410116577148437e+002 1.1684268951416016e+002
  1.3954935073852539e+001 8.1167526245117187e+001
  4.6416091918945313e+001 0 -1 4.1944747924804687e+002
  1.1730081176757812e+002 1.4417772293090820e+001
  1.7292886352539062e+002 1.1670138549804687e+002 0 -1
  4.6044735717773437e+002 1.1743386077880859e+002
  1.6165130615234375e+001 7.9063827514648437e+001
  3.7929000854492188e+001 0 -1 4.6605313110351562e+002
  1.1766018676757812e+002 1.2931034088134766e+001
  8.1222434997558594e+001 3.3349136352539062e+001 0 -1
  1.8799285888671875e+002 1.1884721374511719e+002
  1.1850000381469727e+001 8.4440185546875000e+001
  3.2012504577636719e+001 0 -1 4.0582702636718750e+002
  1.1945081329345703e+002 1.2428571701049805e+001
  1.8595771789550781e+002 5.0125000000000000e+001 0 -1
  4.4734881591796875e+002 1.1983279418945312e+002
  1.4750000000000000e+001 8.0456275939941406e+001
  3.4520828247070312e+001 0 -1 1.8167614746093750e+002
  1.2057971954345703e+002 1.2669076919555664e+001
  8.7334457397460938e+001 5.2697738647460938e+001 0 -1
  4.2244924926757812e+002 1.2069330596923828e+002
  1.2669891357421875e+001 1.5395314025878906e+002
  4.2437881469726563e+001 0 -1 1.7559732055664062e+002
  1.2167346954345703e+002 1.1823529243469238e+001
  7.8449798583984375e+001 3.1014701843261719e+001 0 -1
  4.0894653320312500e+002 1.2537688446044922e+002
  1.3421052932739258e+001 1.4453347778320312e+002
  4.1065780639648438e+001 0 -1 2.3698579406738281e+002
  1.4150553894042969e+002 1.4671442031860352e+001
  3.1687976074218750e+002 4.8875366210937500e+001 0 -1
  2.3870698547363281e+002 1.4354919433593750e+002
  1.4478260993957520e+001 3.2528948974609375e+002
  3.2961959838867188e+001 0 -1 2.4770344543457031e+002
  1.4534628295898437e+002 1.3245283126831055e+001
  1.6488586664199829e+000 1.2428302001953125e+002 0 -1
  2.5431112670898438e+002 1.4670191955566406e+002
  1.0948425292968750e+001 1.0172492218017578e+002
  3.5642974853515625e+001 0 -1 2.6045642089843750e+002
  1.4553811645507812e+002 1.2151013374328613e+001
  1.3564105224609375e+002 5.8756622314453125e+001 0 -1
  2.1032882690429687e+002 1.4789727783203125e+002
  1.2800001144409180e+001 1.7164883422851562e+002
  3.2266670227050781e+001 0 -1 2.4561857604980469e+002
  1.4765173339843750e+002 1.4289891242980957e+001
  4.4609161376953125e+001 6.2764419555664063e+001 0 -1
  1.4285704040527344e+002 1.5706306457519531e+002
  1.2710144042968750e+001 2.7880655288696289e+001
  3.2249198913574219e+001 0 -1 3.0522805786132813e+002
  1.5638691711425781e+002 1.7030231475830078e+001
  2.4892312622070312e+002 8.0078826904296875e+001 0 -1
  2.4507971191406250e+002 1.6138487243652344e+002
  1.4280000686645508e+001 4.7911960601806641e+001
  3.1804992675781250e+001 0 -1 4.9132708740234375e+002
  1.8143844604492188e+002 1.4368420600891113e+001
  2.7185272216796875e+002 4.7960525512695312e+001 0 -1
  2.8674291992187500e+002 1.8868664550781250e+002
  1.2056604385375977e+001 1.5172923278808594e+002
  3.9002365112304688e+001 0 -1 4.8240151977539062e+002
  1.9268627929687500e+002 1.3248083114624023e+001
  3.1065106201171875e+002 4.3061538696289063e+001 0 -1
  4.9684484863281250e+002 1.9346633911132812e+002
  1.2260869979858398e+001 3.0434130859375000e+002
  5.3043472290039062e+001 0 -1 2.7821438598632812e+002
  2.6464797973632812e+002 1.3617843627929688e+001
  1.1581775665283203e+002 4.8407691955566406e+001 0 -1
  2.0865191650390625e+002 2.8871719360351562e+002
  1.5113207817077637e+001 3.1385345458984375e+002
  9.4134429931640625e+001 0 -1 2.6030154418945312e+002
  3.0422180175781250e+002 1.2771429061889648e+001
  2.4209872436523437e+002 4.5289291381835938e+001 0 -1
  2.0805850219726562e+002 3.0458093261718750e+002
  1.2692307472229004e+001 2.4531707763671875e+001
  1.0877883911132812e+002 0 -1 2.0902215576171875e+002
  3.1000378417968750e+002 1.2047618865966797e+001
  4.1005981445312500e+001 6.4001983642578125e+001 0 -1
  2.2224034118652344e+002 3.1039797973632812e+002
  1.4804347991943359e+001 3.5163717651367187e+002
  1.7104891967773437e+002 0 -1 2.6374990844726562e+002
  3.1054241943359375e+002 1.2387096405029297e+001
  2.6619366455078125e+002 8.4129028320312500e+001 0 -1
  2.6046612548828125e+002 3.1426046752929687e+002
  1.2804878234863281e+001 2.2989494323730469e+002
  3.3368896484375000e+001 0 -1 2.2252413940429687e+002
  3.1644210815429687e+002 1.4911401748657227e+001
  2.2741346359252930e+001 1.7333502197265625e+002 0 -1
  2.5610263061523437e+002 3.1597116088867187e+002
  1.4580833435058594e+001 2.0441053771972656e+002
  1.5782269287109375e+002 0 -1 3.6008544921875000e+002
  3.1676702880859375e+002 1.3220085144042969e+001
  1.5994258117675781e+002 5.3923629760742187e+001 0 -1
  2.5845556640625000e+002 3.1759783935546875e+002
  1.4526315689086914e+001 2.0223777770996094e+002
  7.1368423461914062e+001 0 -1 2.6326422119140625e+002
  3.1659542846679687e+002 1.4006021499633789e+001
  2.6719866943359375e+002 9.2927978515625000e+001 0 -1
  3.4827932739257812e+002 3.1757293701171875e+002
  1.3285713195800781e+001 3.1508721923828125e+002
  4.2964294433593750e+001 0 -1 2.1483485412597656e+002
  3.1784075927734375e+002 1.2176470756530762e+001
  5.2155361175537109e+001 4.5022048950195313e+001 0 -1
  3.5161697387695312e+002 3.1860717773437500e+002
  1.4520000457763672e+001 2.6350701904296875e+002
  4.3205001831054688e+001 0 -1 2.8095895385742187e+002
  4.6374790191650391e+001 2.0863546371459961e+001
