<?xml version="1.0"?>
<opencv_storage>
<keyPoints>
  2.8147399902343750e+002 4.6521579742431641e+001
  1.5521739006042480e+001 3.0377017211914062e+002
  1.5284780883789063e+002 0 -1 3.9861233520507812e+002
  4.6824752807617188e+001 1.4454545974731445e+001
  3.0623419189453125e+002 1.3420455932617187e+002 0 -1
  2.7926806640625000e+002 5.2472194671630859e+001
  1.3497968673706055e+001 7.9580261230468750e+001
  4.5147903442382812e+001 0 -1 2.0247305297851562e+002
  1.0345478820800781e+002 1.5220495223999023e+001
  3.1224096679687500e+002 9.6497497558593750e+001 0 -1
  1.9586749267578125e+002 1.0400495910644531e+002
  1.1454545021057129e+001 2.8729727172851563e+002
  3.2181808471679688e+001 0 -1 2.3147059631347656e+002
  1.0407929992675781e+002 12. 3.5346566772460937e+002 31. 0 -1
  3.6025881958007813e+002 1.0608585357666016e+002
  1.3472674369812012e+001 3.1992391967773438e+002
  3.6278656005859375e+001 0 -1 2.3204132080078125e+002
  1.0691454315185547e+002 1.2272727012634277e+001
  3.5434338378906250e+002 3.0045455932617188e+001 0 -1
  1.5590525817871094e+002 1.1021984863281250e+002
  1.0384615898132324e+001 2.4451892089843750e+002
  3.2413459777832031e+001 0 -1 1.6139398193359375e+002
  1.0994785308837891e+002 1.1861538887023926e+001
  3.2053533935546875e+002 5.0017318725585938e+001 0 -1
  1.6665481567382812e+002 1.0995944213867187e+002
  1.1682353019714355e+001 3.1047857666015625e+002
  5.7119110107421875e+001 0 -1 1.7194010925292969e+002
  1.1001862335205078e+002 1.1343750000000000e+001
  2.9487982177734375e+002 4.0382812500000000e+001 0 -1
  2.2945526123046875e+002 1.1067249298095703e+002
  1.3364046096801758e+001 3.4888665771484375e+002
  4.2504104614257813e+001 0 -1 1.5640507507324219e+002
  1.1412375640869141e+002 1.2764705657958984e+001
  1.1613397979736328e+002 6.6414215087890625e+001 0 -1
  1.6555465698242187e+002 1.1351721954345703e+002
  9.1999998092651367e+000 7.0274353027343750e+001
  3.7266666412353516e+001 0 -1 1.7726150512695312e+002
  1.1400679779052734e+002 1.2243242263793945e+001
  9.2372184753417969e+001 3.1030403137207031e+001 0 -1
  1.8882528686523437e+002 1.1410608673095703e+002
  1.1347826004028320e+001 8.8342735290527344e+001
  3.9271743774414062e+001 0 -1 1.9518397521972656e+002
  1.1412120819091797e+002 1.3448081016540527e+001
  1.3618065834045410e+001 5.5520004272460938e+001 0 -1
  1.8708049011230469e+002 1.1721023559570312e+002
  1.1207547187805176e+001 9.8211425781250000e+001
  8.4924530029296875e+001 0 -1 1.6704537963867187e+002
  1.1778767395019531e+002 1.2042253494262695e+001
  8.1132392883300781e+001 7.7001754760742188e+001 0 -1
  1.7179869079589844e+002 1.1779219818115234e+002
  9.5625000000000000e+000 8.5774917602539062e+001
  5.7640625000000000e+001 0 -1 1.7528797912597656e+002
  1.1784473419189453e+002 1.1653017044067383e+001
  9.0209228515625000e+001 9.1181518554687500e+001 0 -1
  1.8176069641113281e+002 1.1761508178710937e+002
  1.2244897842407227e+001 9.7101646423339844e+001
  9.9081634521484375e+001 0 -1 2.0038867187500000e+002
  1.2012500000000000e+002 15. 4.1159351348876953e+001
  8.3625000000000000e+001 0 -1 2.5404693603515625e+002
  1.2375116729736328e+002 1.3838714599609375e+001
  2.6631445312500000e+002 4.2688552856445313e+001 0 -1
  4.8641577148437500e+002 1.2405300140380859e+002 12.
  3.4391900634765625e+002 35. 0 -1 3.8514944458007812e+002
  1.2468413543701172e+002 1.4639587402343750e+001
  2.6597137451171875e+002 4.1921569824218750e+001 0 -1
  3.6345046997070312e+002 1.2631690979003906e+002
  1.5717576980590820e+001 3.1326931762695312e+002
  3.6457580566406250e+001 0 -1 4.7922976684570312e+002
  1.2805627441406250e+002 1.3551724433898926e+001
  3.4989807128906250e+002 4.0969825744628906e+001 0 -1
  2.0387855529785156e+002 1.3040995788574219e+002
  1.2115009307861328e+001 7.9202598571777344e+001
  7.9094543457031250e+001 0 -1 2.2792192077636719e+002
  1.3037161254882813e+002 1.3325582504272461e+001
  3.2379531860351562e+002 5.2049407958984375e+001 0 -1
  2.5347016906738281e+002 1.2941917419433594e+002
  1.1274934768676758e+001 2.7251885986328125e+002
  4.1365890502929688e+001 0 -1 2.5891412353515625e+002
  1.2949700927734375e+002 1.3166666030883789e+001
  2.8605239868164062e+002 3.8680557250976562e+001 0 -1
  3.8471969604492187e+002 1.3013632202148437e+002
  1.2044776916503906e+001 2.7320504760742187e+002
  7.8001876831054688e+001 0 -1 4.7396804809570312e+002
  1.2969226074218750e+002 1.1235294342041016e+001
  1.5793138122558594e+002 3.9414215087890625e+001 0 -1
  4.8601718139648437e+002 1.2953735351562500e+002
  1.2687137603759766e+001 3.5669522094726562e+002
  3.9256118774414063e+001 0 -1 2.0074308776855469e+002
  1.3068508911132812e+002 1.1549999237060547e+001
  9.5082099914550781e+001 4.7112495422363281e+001 0 -1
  3.9217608642578125e+002 1.3080395507812500e+002 13.
  2.7872515869140625e+002 4.8708328247070313e+001 0 -1
  2.0640722656250000e+002 1.3137992858886719e+002
  1.3166666030883789e+001 7.1578948974609375e+001
  4.0680557250976562e+001 0 -1 2.6408822631835937e+002
  1.3196524047851563e+002 12. 3.1851116943359375e+002 31. 0 -1
  1.4805032348632812e+002 1.3321003723144531e+002
  1.3072963714599609e+001 1.1328945922851562e+002
  4.3730194091796875e+001 0 -1 2.0208576965332031e+002
  1.3397177124023437e+002 1.2454545021057129e+001
  1.0477746582031250e+002 4.4189392089843750e+001 0 -1
  2.5773245239257812e+002 1.3462510681152344e+002
  1.3567977905273437e+001 3.3616360473632812e+002
  7.7225311279296875e+001 0 -1 2.5869265747070312e+002
  1.3452391052246094e+002 1.5258909225463867e+001
  3.3903851318359375e+002 8.5049926757812500e+001 0 -1
  2.6604858398437500e+002 1.3423033142089844e+002
  1.2807692527770996e+001 3.2055291533470154e-001
  6.7471145629882813e+001 0 -1 3.5791687011718750e+002
  1.3430430603027344e+002 1.1914285659790039e+001
  3.0349871826171875e+002 3.9003570556640625e+001 0 -1
  2.5224147033691406e+002 1.3453591918945313e+002
  1.0859154701232910e+001 3.1202581787109375e+002
  5.1283447265625000e+001 0 -1 2.6170730590820312e+002
  1.3471640014648437e+002 1.2844659805297852e+001
  3.5684237670898437e+002 1.0002062988281250e+002 0 -1
  3.8257336425781250e+002 1.3562370300292969e+002
  1.0913043975830078e+001 3.1462490844726562e+002
  5.1132247924804688e+001 0 -1 3.9048309326171875e+002
  1.3507489013671875e+002 1.4710844039916992e+001
  3.3973577880859375e+002 1.2647140502929687e+002 0 -1
  4.7716659545898437e+002 1.3550617980957031e+002
  1.3054054260253906e+001 5.4172737121582031e+001
  4.7570945739746094e+001 0 -1 2.0069314575195312e+002
  1.3640495300292969e+002 1.3064516067504883e+001
  1.0841925048828125e+002 3.1487907409667969e+001 0 -1 228.
  1.3675000000000000e+002 18. 1.6317440032958984e+001 68. 0 -1
  2.3434350585937500e+002 1.3638021850585937e+002
  1.4230770111083984e+001 3.1304800415039062e+002
  9.6391021728515625e+001 0 -1 2.3899536132812500e+002
  1.3589868164062500e+002 1.2254238128662109e+001
  2.8190713500976562e+002 4.9052963256835938e+001 0 -1
  3.9548846435546875e+002 1.3546852111816406e+002
  1.3989449501037598e+001 1.7319328308105469e+001
  1.2652789306640625e+002 0 -1 4.7978601074218750e+002
  1.3568304443359375e+002 1.2399999618530273e+001
  3.2045787811279297e+001 4.2066665649414063e+001 0 -1
  2.3726564025878906e+002 1.3961640930175781e+002
  1.6339876174926758e+001 4.2565093994140625e+001
  5.5987464904785156e+001 0 -1 2.4872117614746094e+002
  1.3939552307128906e+002 1.3510994911193848e+001
  2.2715621948242187e+001 1.1033978271484375e+002 0 -1
  3.7785192871093750e+002 1.3969900512695312e+002
  1.3575000762939453e+001 2.7252025604248047e+001
  8.7756256103515625e+001 0 -1 2.3775323486328125e+002
  1.4431477355957031e+002 1.4348720550537109e+001
  7.6988929748535156e+001 5.6008148193359375e+001 0 -1
  2.4754490661621094e+002 1.4440805053710937e+002 15.
  6.1143321990966797e+001 4.3250000000000000e+001 0 -1
  3.7813275146484375e+002 1.4479562377929687e+002
  1.2555555343627930e+001 6.3923534393310547e+001
