<?xml version="1.0"?>
<opencv_storage>
<keyPoints>
  2.6068447875976562e+002 2.5297588348388672e+001
  1.3170001983642578e+001 8.9493072509765625e+001
  3.1138793945312500e+001 0 -1 2.7141537475585938e+002
  2.5359533309936523e+001 1.4576116561889648e+001
  8.9592658996582031e+001 3.1884391784667969e+001 0 -1
  3.0912500000000000e+002 27. 15. 8.8363998413085938e+001
  4.0500000000000000e+001 0 -1 3.1430471801757812e+002
  2.6958728790283203e+001 1.1844408035278320e+001
  8.1684883117675781e+001 3.7147106170654297e+001 0 -1
  4.1119494628906250e+002 2.7149755477905273e+001
  1.1250000000000000e+001 8.5381477355957031e+001
  3.7250000000000000e+001 0 -1 2.6720919799804687e+002
  2.7704790115356445e+001 1.3278654098510742e+001
  8.9494789123535156e+001 5.0923446655273437e+001 0 -1
  3.8864486694335937e+002 2.7498376846313477e+001
  1.6363636016845703e+001 9.4518135070800781e+001
  5.2818183898925781e+001 0 -1 3.9074462890625000e+002
  2.7577327728271484e+001 1.5042039871215820e+001
  9.4425476074218750e+001 5.7084274291992188e+001 0 -1
  4.0240716552734375e+002 2.7669553756713867e+001
  1.4166666984558105e+001 9.1467330932617188e+001
  4.6347213745117188e+001 0 -1 2.2544062805175781e+002
  2.9910177230834961e+001 1.3929809570312500e+001
  9.1288574218750000e+001 3.4365310668945313e+001 0 -1
  2.5907278442382812e+002 3.0183240890502930e+001
  1.2689314842224121e+001 8.7140380859375000e+001
  3.8047958374023438e+001 0 -1 2.7476721191406250e+002
  3.0055685043334961e+001 1.4428570747375488e+001
  9.3071105957031250e+001 3.6720237731933594e+001 0 -1
  3.7438095092773437e+002 4.2681518554687500e+001
  1.4188571929931641e+001 1.8408012390136719e+002
  4.8020507812500000e+001 0 -1 3.9827548217773437e+002
  4.6500389099121094e+001 1.4175696372985840e+001
  8.6508693695068359e+000 1.5812921142578125e+002 0 -1
  4.3935577392578125e+002 4.6750000000000000e+001 18.
  2.6867962646484375e+002 146. 0 -1 2.7571340942382812e+002
  4.8319458007812500e+001 1.6043478012084961e+001
  1.3664205932617188e+002 5.4222824096679688e+001 0 -1
  2.7858746337890625e+002 5.1977214813232422e+001
  1.3706192016601563e+001 8.2054016113281250e+001
  5.5606765747070312e+001 0 -1 4.2666500854492188e+002
  6.2504337310791016e+001 1.4560976028442383e+001
  1.8531240844726562e+002 1.2146951293945312e+002 0 -1
  4.3994186401367187e+002 6.2410697937011719e+001
  1.4377708435058594e+001 6.0699619293212891e+001
  1.2794546508789063e+002 0 -1 2.0285816955566406e+002
  7.1146110534667969e+001 1.3656000137329102e+001
  3.0278594970703125e+002 1.5876101684570312e+002 0 -1
  2.0276649475097656e+002 7.5695968627929688e+001
  1.3002628326416016e+001 2.8129483032226562e+002
  1.2440020751953125e+002 0 -1 2.6596203613281250e+002
  7.5786674499511719e+001 1.3810811996459961e+001
  2.7704135131835937e+002 1.3605520629882812e+002 0 -1
  4.2661920166015625e+002 7.6846054077148438e+001
  1.4750000000000000e+001 1.3542434692382812e+002
  1.0156250000000000e+002 0 -1 3.2416253662109375e+002
  8.3397644042968750e+001 1.2985247611999512e+001
  2.7008233642578125e+002 3.2571609497070312e+001 0 -1
  2.3508648681640625e+002 9.5434616088867188e+001
  1.5157894134521484e+001 2.8731382369995117e+001
  5.3263153076171875e+001 0 -1 3.7675000000000000e+002
  9.7750000000000000e+001 18. 2.6977893066406250e+002
  6.4111328125000000e+001 0 -1 3.7946438598632812e+002
  1.0044443511962891e+002 14. 1.2598552703857422e+002
  5.1666656494140625e+001 0 -1 2.4039688110351562e+002
  1.5903971862792969e+002 1.4538461685180664e+001
  1.9444276428222656e+002 3.5326919555664062e+001 0 -1
  2.3425000000000000e+002 1.6075000000000000e+002 18.
  2.4134603881835937e+002 61. 0 -1 3.8041918945312500e+002
  1.6599879455566406e+002 1.3909090042114258e+001
  2.3134686279296875e+002 4.5227279663085938e+001 0 -1
  3.7663040161132812e+002 2.9374038696289062e+002
  1.4450054168701172e+001 6.3668856620788574e+000
  5.3572677612304687e+001 0 -1 3.8058233642578125e+002
  2.9760330200195312e+002 1.3354839324951172e+001
  2.2202957153320312e+002 4.9580657958984375e+001 0 -1
  3.8103890991210937e+002 3.0113909912109375e+002
  1.3064516067504883e+001 2.2753494262695312e+002
  3.5487907409667969e+001 0 -1 3.9701358032226562e+002
  3.2217126464843750e+002 1.1612893104553223e+001
  2.9715728759765625e+002 3.2057350158691406e+001 0 -1
  2.5999182128906250e+002 2.5560789108276367e+001
  1.4793312072753906e+001 8.9213584899902344e+001
  3.1380615234375000e+001 1 -1 3.8995153808593750e+002
  2.8065170288085937e+001 1.7204076766967773e+001
  9.4011383056640625e+001 5.5506607055664063e+001 1 -1
  2.7995565795898437e+002 4.5997722625732422e+001
  2.3223346710205078e+001 7.6412162780761719e+001
  2.0156561279296875e+002 1 -1 3.9685382080078125e+002
  4.6303314208984375e+001 2.1584838867187500e+001
  8.5152534484863281e+001 2.0659051513671875e+002 1 -1
  2.6598077392578125e+002 7.2077461242675781e+001
  1.6179286956787109e+001 2.7859335327148437e+002
  1.4122921752929687e+002 1 -1 4.2631304931640625e+002
  7.6698997497558594e+001 1.8599998474121094e+001
  1.5036669921875000e+002 1.0005000305175781e+002 1 -1
  3.7743499755859375e+002 9.8241699218750000e+001
  1.8367729187011719e+001 2.7481347656250000e+002
  6.6377700805664063e+001 1 -1 2.4067160034179687e+002
  1.5958317565917969e+002 19. 2.2518414306640625e+002
  3.5041667938232422e+001 1 -1 3.7707116699218750e+002
  2.3051522827148437e+002 2.1932025909423828e+001
  3.3096969604492188e+002 6.7791030883789063e+001 1 -1
  3.7428332519531250e+002 4.2318542480468750e+001 22.
  1.0959999847412109e+002 5.1333332061767578e+001 2 -1
  2.7927978515625000e+002 4.5950889587402344e+001
  2.8074237823486328e+001 8.5489913940429688e+001
  2.0660105895996094e+002 2 -1 3.9611785888671875e+002
  4.6953071594238281e+001 2.7771907806396484e+001
  9.3610336303710938e+001 2.0561778259277344e+002 2 -1
  4.4025692749023437e+002 4.7267627716064453e+001
  2.5000652313232422e+001 7.6599800109863281e+001
  1.7402259826660156e+002 2 -1 2.0305462646484375e+002
  5.4282318115234375e+001 2.9566711425781250e+001
  6.8271278381347656e+001 8.1939903259277344e+001 2 -1
  4.2688269042968750e+002 6.3145011901855469e+001
  2.3842105865478516e+001 1.9758917236328125e+002
  1.2600438690185547e+002 2 -1 4.3975195312500000e+002
  6.1570369720458984e+001 2.9403434753417969e+001
  3.4722976684570312e+002 1.4321162414550781e+002 2 -1
  2.0291958618164062e+002 7.1645874023437500e+001
  2.1580644607543945e+001 2.5826416015625000e+002
  1.2984004211425781e+002 2 -1 2.3591758728027344e+002
  9.7524978637695313e+001 2.7095756530761719e+001
  2.8687249755859375e+002 6.4667968750000000e+001 2 -1
  3.7789135742187500e+002 9.8963462829589844e+001
  1.9399143218994141e+001 2.7865847778320312e+002
  6.2830402374267578e+001 2 -1 3.8451916503906250e+002
  9.7715789794921875e+001 2.4272727966308594e+001
  2.8536608886718750e+002 3.4007579803466797e+001 2 -1
  2.3557829284667969e+002 1.6366940307617187e+002
  2.7047441482543945e+001 2.7535733032226562e+002
  7.4627136230468750e+001 2 -1 2.4221417236328125e+002
  1.6292356872558594e+002 2.4724140167236328e+001
  2.5833572387695312e+002 4.3070392608642578e+001 2 -1
  3.7800576782226562e+002 1.6466313171386719e+002
  2.4117656707763672e+001 3.0290820312500000e+002
  6.2606807708740234e+001 2 -1 3.8263198852539062e+002
  2.2760290527343750e+002 24. 3.3817352294921875e+002 31. 2 -1
  2.3502732849121094e+002 2.2954003906250000e+002
  2.7909755706787109e+001 2.9479086303710937e+002
  8.5551605224609375e+001 2 -1 3.7735226440429687e+002
  2.3120013427734375e+002 2.6725908279418945e+001
  3.3164971923828125e+002 6.6589607238769531e+001 2 -1
  2.3454817199707031e+002 2.9570922851562500e+002
  2.8406862258911133e+001 3.0560000610351562e+002
  8.8125297546386719e+001 2 -1 3.7746981811523438e+002
  2.9683554077148437e+002 2.5194808959960937e+001
  3.2213519287109375e+002 7.4270744323730469e+001 2 -1
  4.2676080322265625e+002 7.4904968261718750e+001
  3.1090908050537109e+001 2.1646910095214844e+002
