<?xml version="1.0"?>
<opencv_storage>
<keyPoints>
  2.6838833618164062e+002 3.0401199340820313e+001
  1.4327922821044922e+001 8.8587440490722656e+001
  7.1171234130859375e+001 0 -1 3.8891647338867188e+002
  3.0026929855346680e+001 1.1250000000000000e+001
  1.9595451354980469e+002 3.1375000000000000e+001 0 -1
  2.7958160400390625e+002 5.1330883026123047e+001
  1.6356828689575195e+001 2.9851043701171875e+002
  1.2861196899414062e+002 0 -1 2.7956631469726562e+002
  5.5739421844482422e+001 1.3554576873779297e+001
  7.7738250732421875e+001 4.6593338012695312e+001 0 -1
  4.3077514648437500e+002 6.8446464538574219e+001
  1.4984416007995605e+001 2.1705256652832031e+002
  8.6581207275390625e+001 0 -1 4.4148016357421875e+002
  6.8660263061523437e+001 1.6388532638549805e+001
  2.7404443740844727e+001 5.6385467529296875e+001 0 -1
  2.0498432922363281e+002 7.4055397033691406e+001
  1.3451824188232422e+001 3.3175666332244873e+000
  1.2927484130859375e+002 0 -1 2.6824581909179687e+002
  7.5603981018066406e+001 1.3583504676818848e+001
  2.8937387084960937e+002 1.3109603881835937e+002 0 -1
  2.0490377807617187e+002 7.8542945861816406e+001
  1.3006475448608398e+001 4.8884632110595703e+001
  1.1609762573242187e+002 0 -1 2.6789166259765625e+002
  7.9757194519042969e+001 1.3235294342041016e+001
  2.9511883544921875e+002 1.2752206420898437e+002 0 -1
  4.3122116088867187e+002 8.3606636047363281e+001
  1.4106382369995117e+001 8.6485099792480469e+001
  5.7896286010742188e+001 0 -1 2.3628309631347656e+002
  1.0097573852539062e+002 1.4376546859741211e+001
  6.3979965209960938e+001 3.8373619079589844e+001 0 -1
  3.7954248046875000e+002 1.0555065155029297e+002
  1.3789847373962402e+001 2.8530932617187500e+002
  3.6490661621093750e+001 0 -1 2.3459802246093750e+002
  1.6641531372070312e+002 1.2683490753173828e+001
  2.1108448791503906e+002 3.5061653137207031e+001 0 -1
  2.4275543212890625e+002 1.6789804077148437e+002
  1.3500000000000000e+001 3.4824896240234375e+002 38. 0 -1
  3.7836724853515625e+002 1.7155131530761719e+002
  1.4454530715942383e+001 2.1284371948242187e+002
  3.9570785522460938e+001 0 -1 1.5819230651855469e+002
  1.7925695800781250e+002 1.1787401199340820e+001
  2.0422636413574219e+002 9.1079742431640625e+001 0 -1
  1.5268096923828125e+002 2.3793664550781250e+002
  1.2315790176391602e+001 7.3484870910644531e+001
  3.6052635192871094e+001 0 -1 1.5349554443359375e+002
  2.4151048278808594e+002 1.4499908447265625e+001
  8.3400840759277344e+001 8.1188293457031250e+001 0 -1
  4.7166699218750000e+002 2.5887707519531250e+002
  1.2633427619934082e+001 1.9610914611816406e+002
  3.6266860961914062e+001 0 -1 4.7616220092773437e+002
  2.6185971069335937e+002 1.3063772201538086e+001
  4.5550777435302734e+001 3.5452781677246094e+001 0 -1
  3.7530880737304687e+002 3.0352420043945313e+002
  1.5838457107543945e+001 1.2737345123291016e+002
  3.6206802368164063e+001 0 -1 2.6788122558593750e+002
  7.7252738952636719e+001 1.8281576156616211e+001
  3.0251049804687500e+002 1.1067775726318359e+002 1 -1
  3.4265539550781250e+002 8.1662033081054687e+001
  1.6813953399658203e+001 1.5916476440429687e+002
  1.7084011840820312e+002 1 -1 3.7909347534179687e+002
  1.0357982635498047e+002 1.9275959014892578e+001
  3.1859881591796875e+002 3.5287506103515625e+001 1 -1
  3.7753192138671875e+002 1.6979840087890625e+002
  1.8888231277465820e+001 2.0917460632324219e+002
  3.6447685241699219e+001 1 -1 1.5558264160156250e+002
  1.7841551208496094e+002 2.0980628967285156e+001
  1.6178549194335937e+002 1.2990386962890625e+002 1 -1
  1.4891307067871094e+002 2.3115670776367188e+002
  1.8111112594604492e+001 1.2786808013916016e+002
  1.0100463867187500e+002 1 -1 1.5341714477539062e+002
  2.4144821166992187e+002 1.5898366928100586e+001
  8.5464340209960938e+001 7.9531028747558594e+001 1 -1
  4.7758923339843750e+002 2.5710226440429687e+002
  1.9519660949707031e+001 3.3436767578125000e+002
  9.4546279907226563e+001 1 -1 4.7011212158203125e+002
  2.5875247192382812e+002 1.7462116241455078e+001
  2.0458500671386719e+002 3.1129470825195313e+001 1 -1
  4.6968469238281250e+002 2.6576824951171875e+002
  1.8298261642456055e+001 1.2147573089599609e+002
  7.4011238098144531e+001 1 -1 3.7517727661132812e+002
  3.0282720947265625e+002 1.6859359741210938e+001
  1.1979943084716797e+002 3.3395668029785156e+001 1 -1
  2.8060269165039062e+002 4.9995140075683594e+001
  2.5274616241455078e+001 1.2464230537414551e+001
  1.6385491943359375e+002 2 -1 3.9745089721679687e+002
  5.2808757781982422e+001 2.4320222854614258e+001
  3.7825912475585938e+001 1.6010932922363281e+002 2 -1
  4.4338006591796875e+002 5.3482440948486328e+001
  2.5876802444458008e+001 2.8456265258789063e+002
  6.9676307678222656e+001 2 -1 2.2930838012695312e+002
  5.7347862243652344e+001 3.0006961822509766e+001
  3.2522155761718750e+002 7.4630859375000000e+001 2 -1
  2.0345213317871094e+002 5.7263160705566406e+001
  2.9256895065307617e+001 2.9554675292968750e+002
  7.0648559570312500e+001 2 -1 4.3008816528320312e+002
  6.9396690368652344e+001 2.6784751892089844e+001
  2.2453971862792969e+002 9.3166236877441406e+001 2 -1
  4.4330456542968750e+002 6.7512573242187500e+001
  2.7696559906005859e+001 3.3299423217773437e+002
  6.6897239685058594e+001 2 -1 2.0512091064453125e+002
  7.5034019470214844e+001 2.2526893615722656e+001
  5.5032131195068359e+001 9.9217781066894531e+001 2 -1
  2.6841754150390625e+002 7.6816520690917969e+001
  2.6837837219238281e+001 3.1988476562500000e+002
  1.3275898742675781e+002 2 -1 3.4504898071289062e+002
  8.0777740478515625e+001 2.9818353652954102e+001
  1.5615991210937500e+002 2.0346398925781250e+002 2 -1
  2.3644493103027344e+002 1.0011231994628906e+002
  2.2714286804199219e+001 5.3931152343750000e+001
  3.6160717010498047e+001 2 -1 3.7954544067382812e+002
  1.0375443267822266e+002 2.2483892440795898e+001
  3.2976644897460937e+002 3.5152912139892578e+001 2 -1
  2.4206924438476562e+002 1.6832072448730469e+002
  2.5114284515380859e+001 1.6182657241821289e+001
  4.0201190948486328e+001 2 -1 3.7823922729492187e+002
  1.6915194702148437e+002 2.3837644577026367e+001
  2.4587930297851563e+002 3.7662677764892578e+001 2 -1
  1.5665197753906250e+002 1.7834802246093750e+002
  2.7647628784179688e+001 1.2574566650390625e+002
  1.5867243957519531e+002 2 -1 1.5578924560546875e+002
  1.7983659362792969e+002 2.4470146179199219e+001
  1.3215925598144531e+002 1.2519307708740234e+002 2 -1
  1.6006977844238281e+002 1.8165589904785156e+002
  2.7690265655517578e+001 9.6031051635742188e+001
  2.0112426757812500e+002 2 -1 1.4987699890136719e+002
  2.3065922546386719e+002 2.2500000000000000e+001
  1.0873885345458984e+002 9.5250000000000000e+001 2 -1
  4.7648306274414062e+002 2.5701391601562500e+002
  2.6857463836669922e+001 3.5424053955078125e+002
  1.0628948974609375e+002 2 -1 4.7045855712890625e+002
  2.6575683593750000e+002 21. 1.0783820343017578e+002
  7.0708335876464844e+001 2 -1 4.4376812744140625e+002
  5.2500000000000000e+001 24. 2.8151306152343750e+002
  6.8719726562500000e+001 3 -1 2.0258250427246094e+002
  5.7723587036132813e+001 3.4724288940429687e+001
  4.3863452911376953e+001 6.8081344604492188e+001 3 -1
  2.2838169860839844e+002 5.7596603393554687e+001
  3.3647651672363281e+001 2.0015634536743164e+001
  7.0836967468261719e+001 3 -1 4.2967321777343750e+002
  7.1676925659179687e+001 3.6628494262695312e+001
  4.6189319610595703e+001 8.5024513244628906e+001 3 -1
  4.2983306884765625e+002 8.1026870727539062e+001
  3.4500000000000000e+001 9.2822013854980469e+001
  8.7062500000000000e+001 3 -1 3.7835504150390625e+002
  1.6945068359375000e+002 4.5272727966308594e+001
  3.4072012329101562e+002 3.1189392089843750e+001 4 -1
  1.5081579589843750e+002 233. 36. 1.0785329437255859e+002 75. 4 -1
  4.7544619750976562e+002 2.5807620239257812e+002
  4.3043479919433594e+001 1.3641236877441406e+002
  9.3961952209472656e+001 4 -1</keyPoints>
