%YAML:1.0
---
recording:
   type: VideoRecording
   recordId: Action_20180109T110955
   channelId: main
   timeStamp: "131599697954240000"
   sessionTimestamp: "0"
   width: 0
   height: 0
   frameCount: 114
   fps: 2.9969999999999999e+001
   recordingType: 2000
   frameTransformRect: [ [ -1, -1 ], [ -1, -1 ], [ -1, -1 ], [ -1, -1 ] ]
   trackingMode: 1
   segments:
      - { startFrame:26, stopFrame:47, segmentType:2000, focusFrame:-1,
          focusPoint:{ values:[ -1., -1. ], type:Vector2 }, isFragment:0 }
      - { startFrame:67, stopFrame:93, segmentType:2000, focusFrame:-1,
          focusPoint:{ values:[ -1., -1. ], type:Vector2 }, isFragment:0 }
      - { startFrame:0, stopFrame:107, segmentType:1000, focusFrame:-1,
          focusPoint:{ values:[ -1., -1. ], type:Vector2 }, isFragment:0 }
   framesRelTs: [ "0", "330000", "650000", "970000", "1290000",
       "1620000", "1940000", "2260000", "2580000", "2900000", "3220000",
       "3550000", "3880000", "4200000", "4700000", "5010000", "5350000",
       "5670000", "5990000", "6320000", "6650000", "6990000", "7310000",
       "7630000", "7970000", "8280000", "8610000", "8950000", "9290000",
       "9600000", "9920000", "10240000", "10580000", "10890000",
       "11240000", "11550000", "11870000", "12200000", "12520000",
       "12850000", "13170000", "13490000", "13820000", "14140000",
       "14480000", "14800000", "15130000", "15440000", "15770000",
       "16100000", "16430000", "16740000", "17080000", "17390000",
       "17720000", "18040000", "18360000", "18680000", "19010000",
       "19330000", "19670000", "19980000", "20300000", "20630000",
       "20960000", "21280000", "21610000", "21930000", "22260000",
       "22580000", "22900000", "23230000", "23570000", "23890000",
       "24380000", "24690000", "25020000", "25350000", "25670000",
       "26010000", "26320000", "26660000", "26980000", "27310000",
       "27630000", "27960000", "28270000", "28600000", "28940000",
       "29260000", "29590000", "29910000", "30230000", "30570000",
       "30890000", "31220000", "31540000", "31870000", "32190000",
       "32530000", "32850000", "33180000", "33500000", "33830000",
       "34160000", "34500000", "34820000", "35140000", "35470000",
       "35790000", "36110000", "36440000", "36760000", "37080000" ]
   chunks:
      - { path:"Recordings/Action_20180109T110955/recording.avi",
          startFrameIdx:0 }
