%YAML:1.0
---
recording:
   type: VideoRecording
   recordId: Action_20180109T150337
   channelId: main
   timeStamp: "131599838172550000"
   sessionTimestamp: "0"
   width: -1
   height: -1
   frameCount: 475
   fps: 2.9969999999999999e+001
   recordingType: 2000
   frameTransformRect: [ [ -1, -1 ], [ -1, -1 ], [ -1, -1 ], [ -1, -1 ] ]
   trackingMode: 0
   segments:
      - { startFrame:351, stopFrame:376, segmentType:2000, focusFrame:-1,
          focusPoint:{ values:[ -1., -1. ], type:Vector2 }, isFragment:0 }
      - { startFrame:0, stopFrame:468, segmentType:1000, focusFrame:-1,
          focusPoint:{ values:[ -1., -1. ], type:Vector2 }, isFragment:0 }
   framesRelTs: [ "0", "230000", "480000", "800000", "1130000",
       "1460000", "1790000", "2120000", "2450000", "2780000", "3120000",
       "3430000", "3770000", "3980000", "4440000", "4770000", "5100000",
       "5300000", "5590000", "6080000", "6400000", "6740000", "7060000",
       "7390000", "7720000", "8050000", "8250000", "8540000", "9030000",
       "9360000", "9540000", "9850000", "10180000", "10520000",
       "10850000", "11170000", "11500000", "11830000", "12160000",
       "12500000", "12820000", "13160000", "13480000", "13810000",
       "14140000", "14470000", "14800000", "15120000", "15460000",
       "15780000", "16100000", "16450000", "16760000", "17090000",
       "17430000", "17750000", "18080000", "18420000", "18740000",
       "19080000", "19420000", "19730000", "20070000", "20390000",
       "20730000", "21070000", "21400000", "21730000", "22070000",
       "22390000", "22720000", "23050000", "23400000", "23710000",
       "24050000", "24380000", "24710000", "25040000", "25370000",
       "25700000", "26040000", "26360000", "26680000", "27020000",
       "27340000", "27670000", "27990000", "28320000", "28650000",
       "28980000", "29300000", "29630000", "29960000", "30290000",
       "30630000", "30950000", "31290000", "31610000", "31950000",
       "32140000", "32440000", "32990000", "33300000", "33500000",
       "33760000", "34090000", "34430000", "34760000", "35100000",
       "35430000", "35750000", "36080000", "36400000", "36750000",
       "37070000", "37420000", "37730000", "38060000", "38390000",
       "38730000", "39050000", "39390000", "39700000", "40040000",
       "40360000", "40680000", "41010000", "41340000", "41670000",
       "41990000", "42340000", "42670000", "43000000", "43330000",
       "43650000", "43990000", "44310000", "44650000", "44970000",
       "45300000", "45650000", "45950000", "46300000", "46620000",
       "46950000", "47270000", "47600000", "47930000", "48250000",
       "48590000", "48920000", "49250000", "49590000", "49920000",
       "50250000", "50570000", "50910000", "51260000", "51570000",
       "51900000", "52220000", "52550000", "52870000", "53210000",
       "53540000", "53870000", "54200000", "54530000", "54850000",
       "55200000", "55520000", "55850000", "56190000", "56510000",
       "56840000", "57180000", "57500000", "57690000", "57990000",
       "58320000", "58650000", "58980000", "59310000", "59700000",
       "60140000", "60350000", "60660000", "60960000", "61290000",
       "61620000", "61970000", "62300000", "62620000", "62960000",
       "63280000", "63700000", "63970000", "64300000", "64610000",
       "64930000", "65290000", "65610000", "65920000", "66270000",
       "66590000", "66920000", "67250000", "67580000", "67910000",
       "68240000", "68600000", "68900000", "69230000", "69560000",
       "69880000", "70210000", "70540000", "70870000", "71200000",
       "71530000", "71860000", "72200000", "72510000", "72840000",
       "73170000", "73510000", "73840000", "74170000", "74500000",
       "74820000", "75180000", "75470000", "75800000", "76150000",
       "76470000", "76820000", "77130000", "77470000", "77800000",
       "78130000", "78460000", "78790000", "79110000", "79450000",
       "79770000", "80090000", "80420000", "80750000", "80940000",
       "81250000", "81600000", "81940000", "82240000", "82570000",
       "82900000", "83230000", "83570000", "83900000", "84220000",
       "84550000", "84890000", "85210000", "85530000", "85860000",
       "86180000", "86520000", "86840000", "87170000", "87550000",
       "87850000", "88190000", "88510000", "88950000", "89180000",
       "89510000", "89830000", "90160000", "90500000", "90800000",
       "91130000", "91500000", "91790000", "92120000", "92450000",
       "92780000", "93110000", "93440000", "93780000", "94120000",
       "94430000", "94770000", "95090000", "95420000", "95760000",
       "96090000", "96420000", "96730000", "97070000", "97410000",
       "97720000", "98050000", "98380000", "98700000", "99030000",
       "99380000", "99690000", "100020000", "100360000", "100680000",
       "101000000", "101340000", "101660000", "101990000", "102330000",
       "102640000", "102980000", "103310000", "103630000", "103950000",
       "104290000", "104610000", "104930000", "105270000", "105590000",
       "105920000", "106250000", "106580000", "106920000", "107250000",
       "107570000", "107920000", "108240000", "108560000", "108890000",
       "109220000", "109540000", "109880000", "110210000", "110530000",
       "110860000", "111190000", "111510000", "111850000", "112170000",
       "112500000", "112840000", "113170000", "113490000", "113820000",
       "114150000", "114480000", "114800000", "115140000", "115470000",
       "115650000", "115960000", "116460000", "116640000", "116950000",
       "117280000", "117620000", "118130000", "118440000", "118640000",
       "118920000", "119270000", "119580000", "119910000", "120240000",
       "120570000", "120910000", "121250000", "121560000", "121900000",
       "122230000", "122550000", "122870000", "123210000", "123530000",
       "123860000", "124210000", "124520000", "124860000", "125190000",
       "125520000", "125850000", "126210000", "126530000", "126830000",
       "127170000", "127500000", "127830000", "128150000", "128550000",
       "128810000", "129150000", "129480000", "129800000", "130120000",
       "130460000", "130780000", "131110000", "131440000", "131770000",
       "132100000", "132440000", "132760000", "133090000", "133420000",
       "133740000", "134070000", "134390000", "134710000", "135060000",
       "135380000", "135710000", "136030000", "136370000", "136730000",
       "137080000", "137480000", "137730000", "138020000", "138350000",
       "138680000", "139010000", "139340000", "139650000", "139980000",
       "140330000", "140640000", "140970000", "141290000", "141620000",
       "141960000", "142290000", "142610000", "142940000", "143290000",
       "143610000", "143930000", "144270000", "144610000", "144940000",
       "145270000", "145600000", "145930000", "146110000", "146430000",
       "146750000", "147090000", "147410000", "147750000", "148080000",
       "148400000", "148810000", "149090000", "149400000", "149720000",
       "150050000", "150380000", "150700000", "151190000", "151390000",
       "151700000", "152050000", "152360000", "152690000", "153010000",
       "153350000", "153670000", "154000000", "154330000", "154670000",
       "154990000" ]
   chunks:
      - { path:"Recordings/Action_20180109T150337/recording.avi",
          startFrameIdx:0 }
