%YAML:1.0
---
recording:
   type: VideoRecording
   recordId: Action_20180109T150710
   channelId: main
   timeStamp: "131599840305520000"
   sessionTimestamp: "0"
   width: -1
   height: -1
   frameCount: 183
   fps: 2.9969999999999999e+001
   recordingType: 2000
   frameTransformRect: [ [ -1, -1 ], [ -1, -1 ], [ -1, -1 ], [ -1, -1 ] ]
   trackingMode: 0
   segments:
      - { startFrame:36, stopFrame:115, segmentType:2000, focusFrame:-1,
          focusPoint:{ values:[ -1., -1. ], type:Vector2 }, isFragment:0 }
      - { startFrame:114, stopFrame:153, segmentType:2000, focusFrame:-1,
          focusPoint:{ values:[ -1., -1. ], type:Vector2 }, isFragment:0 }
      - { startFrame:0, stopFrame:176, segmentType:1000, focusFrame:-1,
          focusPoint:{ values:[ -1., -1. ], type:Vector2 }, isFragment:0 }
   framesRelTs: [ "0", "260000", "510000", "830000", "1180000",
       "1600000", "1810000", "2150000", "2490000", "2810000", "3140000",
       "3470000", "3790000", "4120000", "4450000", "4790000", "5110000",
       "5440000", "5780000", "6110000", "6450000", "6760000", "7100000",
       "7420000", "7750000", "8100000", "8400000", "8750000", "9060000",
       "9400000", "9720000", "10050000", "10390000", "10730000",
       "11040000", "11370000", "11720000", "12030000", "12360000",
       "12710000", "13020000", "13360000", "13670000", "14010000",
       "14340000", "14680000", "15000000", "15320000", "15660000",
       "15970000", "16310000", "16630000", "16970000", "17300000",
       "17630000", "17950000", "18280000", "18610000", "18940000",
       "19270000", "19610000", "19930000", "20130000", "20600000",
       "20800000", "21090000", "21420000", "21760000", "22070000",
       "22410000", "22740000", "23060000", "23390000", "23710000",
       "24040000", "24380000", "24720000", "25030000", "25370000",
       "25690000", "26030000", "26360000", "26680000", "27030000",
       "27350000", "27680000", "28010000", "28340000", "28680000",
       "29000000", "29330000", "29660000", "29980000", "30310000",
       "30630000", "30970000", "31300000", "31630000", "31960000",
       "32280000", "32610000", "32940000", "33270000", "33600000",
       "33920000", "34250000", "34580000", "34910000", "35240000",
       "35570000", "35890000", "36230000", "36560000", "36880000",
       "37220000", "37540000", "37870000", "38190000", "38520000",
       "38840000", "39170000", "39500000", "39830000", "40160000",
       "40480000", "40800000", "41130000", "41460000", "41790000",
       "42110000", "42440000", "42770000", "43100000", "43430000",
       "43760000", "44090000", "44420000", "44750000", "45080000",
       "45470000", "45760000", "46070000", "46400000", "46730000",
       "47130000", "47420000", "47720000", "48050000", "48390000",
       "48710000", "49040000", "49370000", "49690000", "50020000",
       "50360000", "50690000", "51020000", "51340000", "51670000",
       "52010000", "52330000", "52660000", "53000000", "53320000",
       "53650000", "53970000", "54310000", "54650000", "54970000",
       "55310000", "55630000", "55970000", "56290000", "56610000",
       "56830000", "57110000", "57440000", "57770000", "58100000",
       "58440000", "58770000", "59120000", "59430000" ]
   chunks:
      - { path:"Recordings/Action_20180109T150710/recording.avi",
          startFrameIdx:0 }
