<?xml version="1.0"?>
<opencv_storage>
<keyPoints>
  2.8148611450195313e+002 4.6630870819091797e+001
  1.5638298034667969e+001 3.0259963989257812e+002
  1.5428189086914062e+002 0 -1 3.9861892700195312e+002
  4.6953464508056641e+001 1.4485713958740234e+001
  3.0886956787109375e+002 1.3401071166992187e+002 0 -1
  2.7942565917968750e+002 5.2605922698974609e+001
  1.3644622802734375e+001 7.6803512573242187e+001
  4.7092361450195313e+001 0 -1 3.9728540039062500e+002
  8.2705329895019531e+001 1.6714286804199219e+001
  3.2884619140625000e+002 1.1944644165039062e+002 0 -1
  1.8900685119628906e+002 1.0219773101806641e+002
  1.5293008804321289e+001 2.6843087768554687e+002
  4.2020721435546875e+001 0 -1 2.9357009887695312e+002
  1.0656211853027344e+002 1.4106307983398438e+001
  2.4347412109375000e+002 3.6298095703125000e+001 0 -1
  1.9239393615722656e+002 1.0737781524658203e+002
  1.4318181991577148e+001 2.5627532958984375e+002
  5.2284088134765625e+001 0 -1 2.0060876464843750e+002
  1.0692749786376953e+002 1.1666666030883789e+001
  2.8695010375976562e+002 3.4069442749023438e+001 0 -1
  2.0341699218750000e+002 1.0665983581542969e+002
  1.1446537017822266e+001 2.9445874023437500e+002
  4.1866127014160156e+001 0 -1 4.0700619506835937e+002
  1.0732685852050781e+002 1.3440000534057617e+001
  2.7088455200195312e+002 5.7440002441406250e+001 0 -1
  4.0491806030273437e+002 1.0753077697753906e+002
  1.3945007324218750e+001 2.6493905639648437e+002
  6.1741333007812500e+001 0 -1 2.2044842529296875e+002
  1.1746508789062500e+002 15. 3.4356802368164062e+002
  3.2625000000000000e+001 0 -1 2.3829785156250000e+002
  1.5486233520507812e+002 1.4314285278320313e+001
  3.5971847534179687e+002 4.6603561401367188e+001 0 -1
  3.6155477905273437e+002 1.5595964050292969e+002
  1.3743671417236328e+001 1.7068815612792969e+002
  4.4658142089843750e+001 0 -1 3.6305603027343750e+002
  1.5564379882812500e+002 1.3344827651977539e+001
  1.6177999877929687e+002 3.0728454589843750e+001 0 -1
  4.9780310058593750e+002 1.7924517822265625e+002
  1.4076922416687012e+001 1.8546768188476562e+002
  6.3115371704101563e+001 0 -1 2.4325000000000000e+002
  1.9675000000000000e+002 18. 3.0455624389648437e+002
  1.1544433593750000e+002 0 -1 3.6775000000000000e+002
  1.9675000000000000e+002 18. 2.7231439208984375e+002 77. 0 -1
  3.6969500732421875e+002 1.9646093750000000e+002
  1.5296840667724609e+001 2.9806607055664062e+002
  5.6746856689453125e+001 0 -1 2.3737138366699219e+002
  1.9641265869140625e+002 1.4152399063110352e+001
  2.1060046386718750e+002 6.5896087646484375e+001 0 -1
  2.4836051940917969e+002 1.9666273498535156e+002
  1.3295389175415039e+001 3.3708636474609375e+002
  9.1018402099609375e+001 0 -1 3.6296203613281250e+002
  1.9749650573730469e+002 1.3297298431396484e+001
  2.0755886840820312e+002 7.6729736328125000e+001 0 -1
  2.3792274475097656e+002 1.9924037170410156e+002
  1.2333333969116211e+001 1.8206129455566406e+002
  6.5083328247070312e+001 0 -1 2.3909362792968750e+002
  2.0209143066406250e+002 1.1673267364501953e+001
  1.3533833312988281e+002 6.9149749755859375e+001 0 -1
  2.4728155517578125e+002 2.0214260864257812e+002
  1.1886075973510742e+001 3.7372081756591797e+001
  6.6014236450195313e+001 0 -1 3.6262786865234375e+002
  2.0442994689941406e+002 1.4189188957214355e+001
  1.3832286071777344e+002 3.7462844848632813e+001 0 -1
  3.7053195190429687e+002 2.0460765075683594e+002
  1.1621176719665527e+001 6.5483123779296875e+001
  4.0852523803710938e+001 0 -1 3.7454742431640625e+002
  2.0481173706054687e+002 1.3325582504272461e+001
  3.8208366394042969e+001 3.8049407958984375e+001 0 -1
  2.3863775634765625e+002 2.7156219482421875e+002
  1.4222766876220703e+001 1.2595803070068359e+002
  3.5250923156738281e+001 0 -1 2.4942808532714844e+002
  2.7151632690429688e+002 1.3434508323669434e+001
  1.0992294311523438e+001 3.3265106201171875e+001 0 -1
  3.6197909545898437e+002 2.7203323364257812e+002
  1.3799999237060547e+001 1.5585086059570312e+002
  4.7800003051757813e+001 0 -1 3.7358889770507812e+002
  2.7189059448242187e+002 1.3516992568969727e+001
  1.1603352546691895e+001 3.7384109497070313e+001 0 -1
  2.3635342407226562e+002 2.7728097534179687e+002
  1.2599999427795410e+001 1.4134529113769531e+002
  3.0125000000000000e+001 0 -1 2.9053381347656250e+002
  3.1711056518554687e+002 1.4142857551574707e+001
  2.3707254028320312e+002 3.3339286804199219e+001 0 -1
  3.1569372558593750e+002 3.1743780517578125e+002
  1.3563471794128418e+001 2.1784121704101562e+002
  3.4343673706054687e+001 0 -1 3.2080682373046875e+002
  3.1806280517578125e+002 1.3434782981872559e+001
  3.4311041259765625e+002 3.3657615661621094e+001 0 -1
  2.9122570800781250e+002 3.2180258178710937e+002
  1.4217777252197266e+001 8.3579452514648437e+001
  7.2063613891601563e+001 0 -1 2.9304647827148437e+002
  3.2226910400390625e+002 1.3673071861267090e+001
  6.6691314697265625e+001 7.9055450439453125e+001 0 -1
  3.1645867919921875e+002 3.2161865234375000e+002
  1.4076922416687012e+001 1.0729483032226562e+002
  6.0557685852050781e+001 0 -1 3.1890606689453125e+002
  3.2238076782226562e+002 1.3846176147460938e+001
  7.2729598999023437e+001 8.4282135009765625e+001 0 -1
  2.8088409423828125e+002 4.6489662170410156e+001
  2.0724287033081055e+001 3.1118090820312500e+002
  1.6202525329589844e+002 1 -1 3.9757037353515625e+002
  4.7028503417968750e+001 2.0959518432617188e+001
  2.8048883056640625e+002 1.3509536743164062e+002 1 -1
  3.0537835693359375e+002 1.0656645965576172e+002
  1.5788804054260254e+001 2.7281442260742187e+002
  3.1094619750976563e+001 1 -1 1.9218218994140625e+002
  1.0849984741210937e+002 1.7834272384643555e+001
  2.5116162109375000e+002 6.0010116577148438e+001 1 -1
  2.9351910400390625e+002 1.0837219238281250e+002
  1.9800001144409180e+001 2.2974121093750000e+002
  4.8900009155273438e+001 1 -1 2.4541546630859375e+002
  1.1346166229248047e+002 1.9495182037353516e+001
  3.1889904022216797e+001 3.7655227661132812e+001 1 -1
  2.4094192504882812e+002 1.7113984680175781e+002
  1.8596847534179688e+001 3.0209219360351562e+002
  4.0252044677734375e+001 1 -1 3.6542706298828125e+002
  1.7227609252929687e+002 1.8426815032958984e+001
  2.6560678100585937e+002 4.0128753662109375e+001 1 -1
  3.7403967285156250e+002 1.9695951843261719e+002
  1.5363636016845703e+001 3.3549761962890625e+002
  6.3185607910156250e+001 1 -1 2.3680349731445312e+002
  2.0409542846679687e+002 1.7438737869262695e+001
  1.2863346862792969e+002 3.3095825195312500e+001 1 -1
  2.4272741699218750e+002 2.0362329101562500e+002 18.
  7.5607765197753906e+001 1.0940429687500000e+002 1 -1
  3.6268838500976563e+002 2.0500288391113281e+002
  1.6551158905029297e+001 1.3299121093750000e+002
  3.5388534545898437e+001 1 -1 3.7437445068359375e+002
  2.0519100952148437e+002 1.5231788635253906e+001
  3.9241313934326172e+001 3.6141601562500000e+001 1 -1
  2.4318426513671875e+002 2.2807051086425781e+002
  2.2786617279052734e+001 5.4118412017822266e+001
  4.3243515014648438e+001 1 -1 3.7123553466796875e+002
  2.7196359252929687e+002 1.8692306518554687e+001
  3.5804299926757812e+002 3.6086540222167969e+001 1 -1
  2.4250000000000000e+002 2.8650000000000000e+002 24.
  7.6570396423339844e+001 5.1888671875000000e+001 1 -1
  3.6556039428710937e+002 2.8866995239257812e+002
  1.8966899871826172e+001 9.3156639099121094e+001
  4.4099670410156250e+001 1 -1 2.4253393554687500e+002
  2.8858721923828125e+002 2.3391441345214844e+001
  7.9470390319824219e+001 5.1190200805664062e+001 1 -1
  2.9063391113281250e+002 3.2165032958984375e+002
  1.7383224487304687e+001 9.9291847229003906e+001
  6.6035057067871094e+001 1 -1 3.1598059082031250e+002
  3.2182852172851562e+002 1.8176834106445313e+001
  7.0189498901367188e+001 6.1001640319824219e+001 1 -1
  2.8127029418945312e+002 4.6778480529785156e+001
  2.1150732040405273e+001 3.0998754882812500e+002
  1.5961943054199219e+002 2 -1 2.2939184570312500e+002
  5.5372600555419922e+001 2.8344676971435547e+001
  3.2654534912109375e+002 7.0684913635253906e+001 2 -1
