<?xml version="1.0"?>
<opencv_storage>
<keyPoints>
  3.9081503295898437e+002 2.9169815063476563e+001
  1.3698644638061523e+001 9.2146255493164063e+001
  3.9261337280273438e+001 0 -1 3.9872399902343750e+002
  4.7831203460693359e+001 1.3904348373413086e+001
  3.0312927246093750e+002 1.3279238891601562e+002 0 -1 230.
  5.3777778625488281e+001 1.7333332061767578e+001
  3.1114459228515625e+002 4.0111106872558594e+001 0 -1
  2.7935525512695312e+002 5.3426979064941406e+001
  1.3639789581298828e+001 7.5172691345214844e+001
  4.1212303161621094e+001 0 -1 4.2142388916015625e+002
  6.1551956176757812e+001 1.4888889312744141e+001
  2.5110852050781250e+002 7.9259262084960938e+001 0 -1
  1.9832574462890625e+002 6.9646118164062500e+001
  1.4128049850463867e+001 9.0502998352050781e+001
  1.1779632568359375e+002 0 -1 2.6306301879882813e+002
  7.0390594482421875e+001 1.4454545974731445e+001
  3.1782791137695312e+002 1.4044320678710937e+002 0 -1
  1.9848696899414062e+002 7.3479934692382813e+001
  1.3389813423156738e+001 8.9261505126953125e+001
  1.0121322631835937e+002 0 -1 2.4324758911132812e+002
  1.6377571105957031e+002 1.4666666030883789e+001
  1.9727133178710937e+002 3.3777778625488281e+001 0 -1
  2.6678375244140625e+002 2.8470611572265625e+001 17.
  9.0664779663085937e+001 3.7083332061767578e+001 1 -1
  2.8100137329101563e+002 4.7195945739746094e+001
  2.1317802429199219e+001 3.0114706420898437e+002
  1.4399005126953125e+002 1 -1 399. 4.7812122344970703e+001 12.
  3.3176632690429687e+002 1.2086935424804688e+002 1 -1
  1.9841131591796875e+002 6.9643890380859375e+001
  1.4653438568115234e+001 9.0050926208496094e+001
  1.1576464843750000e+002 1 -1 2.6302755737304687e+002
  7.0502967834472656e+001 15. 3.2279141235351562e+002
  1.3625000000000000e+002 1 -1 3.8189846801757813e+002
  9.6937606811523438e+001 2.1442619323730469e+001
  4.7844837188720703e+001 3.3231338500976563e+001 1 -1
  2.3645736694335937e+002 1.6017199707031250e+002
  2.0699998855590820e+001 2.4737979125976562e+002
  4.0024993896484375e+001 1 -1 2.3937207031250000e+002
  1.6139851379394531e+002 2.0684211730957031e+001
  2.3102899169921875e+002 4.2901321411132813e+001 1 -1
  2.3942478942871094e+002 2.2995924377441406e+002
  2.1791545867919922e+001 9.2954269409179687e+001
  3.3071395874023438e+001 1 -1 2.2930035400390625e+002
  5.5666385650634766e+001 2.7975330352783203e+001
  3.3778210449218750e+002 7.5814674377441406e+001 2 -1
  2.0362907409667969e+002 5.5900211334228516e+001
  2.6727272033691406e+001 3.0419363403320312e+002
  6.0757579803466797e+001 2 -1 4.2109390258789063e+002
  6.3208667755126953e+001 2.8855056762695313e+001
  2.5603033447265625e+002 8.7624092102050781e+001 2 -1
  1.9860865783691406e+002 7.0353332519531250e+001
  2.1765956878662109e+001 7.2143760681152344e+001
  1.1508599090576172e+002 2 -1 3.2191311645507812e+002
  7.3307579040527344e+001 3.1324707031250000e+001
  1.3816337585449219e+002 1.5873205566406250e+002 2 -1
  2.3784713745117187e+002 9.5219734191894531e+001
  2.7518640518188477e+001 5.8064224243164063e+001
  4.3847515106201172e+001 2 -1 2.3765454101562500e+002
  1.6171118164062500e+002 3.0894327163696289e+001
  2.9306784057617187e+002 4.5613231658935547e+001 2 -1
  3.8176083374023437e+002 1.6335049438476562e+002
  2.6675434112548828e+001 2.8941744995117187e+002
  3.8681182861328125e+001 2 -1 3.8231542968750000e+002
  2.2977256774902344e+002 2.9847627639770508e+001
  1.0017537689208984e+002 3.4859531402587891e+001 2 -1
  2.3766252136230469e+002 2.2957144165039062e+002
  2.8492168426513672e+001 9.0518638610839844e+001
  3.2243381500244141e+001 2 -1 3.8251284790039062e+002
  2.9791146850585937e+002 2.7457901000976563e+001
  8.6941818237304687e+001 3.2414276123046875e+001 2 -1
  2.2887663269042969e+002 5.5628364562988281e+001
  2.9287128448486328e+001 3.3773904418945312e+002
  7.2919662475585937e+001 3 -1 4.1935745239257812e+002
  6.5189895629882813e+001 4.0930702209472656e+001
  8.9541885375976563e+001 9.0842010498046875e+001 3 -1
  3.2314813232421875e+002 7.2632446289062500e+001
  3.6857147216796875e+001 1.3282893371582031e+002
  1.6308929443359375e+002 3 -1 4.1961080932617187e+002
  6.7296394348144531e+001 42. 9.0326904296875000e+001
  8.8958335876464844e+001 4 -1 2.3855603027343750e+002
  9.5284675598144531e+001 36. 4.4942028045654297e+001
  4.1555664062500000e+001 4 -1</keyPoints>
