%YAML:1.0
---
recording:
   type: VideoRecording
   recordId: Action_20180109T151902
   channelId: main
   timeStamp: "131599847421790000"
   sessionTimestamp: "0"
   width: 0
   height: 0
   frameCount: 293
   fps: 2.9969999999999999e+001
   recordingType: 2000
   frameTransformRect: [ [ -1, -1 ], [ -1, -1 ], [ -1, -1 ], [ -1, -1 ] ]
   trackingMode: 0
   segments:
      - { startFrame:67, stopFrame:86, segmentType:2000, focusFrame:-1,
          focusPoint:{ values:[ -1., -1. ], type:Vector2 }, isFragment:0 }
      - { startFrame:0, stopFrame:120, segmentType:1000, focusFrame:-1,
          focusPoint:{ values:[ -1., -1. ], type:Vector2 }, isFragment:0 }
      - { startFrame:236, stopFrame:281, segmentType:2000, focusFrame:-1,
          focusPoint:{ values:[ -1., -1. ], type:Vector2 }, isFragment:0 }
      - { startFrame:130, stopFrame:286, segmentType:1000, focusFrame:-1,
          focusPoint:{ values:[ -1., -1. ], type:Vector2 }, isFragment:0 }
   framesRelTs: [ "0", "250000", "460000", "690000", "1830000",
       "2010000", "2180000", "2360000", "2540000", "2710000", "3350000",
       "3520000", "3680000", "3960000", "4280000", "4880000", "5040000",
       "5270000", "5590000", "5920000", "6380000", "6570000", "6900000",
       "7230000", "7550000", "7890000", "8220000", "8550000", "8870000",
       "9390000", "9580000", "9860000", "10180000", "10510000",
       "10890000", "11170000", "11500000", "11830000", "12380000",
       "12560000", "12820000", "13150000", "13470000", "13900000",
       "14140000", "14460000", "14800000", "15350000", "15550000",
       "15780000", "16120000", "16440000", "16880000", "17110000",
       "17430000", "17770000", "18320000", "18520000", "18760000",
       "19070000", "19400000", "19850000", "20070000", "20390000",
       "20720000", "21050000", "21380000", "21700000", "22040000",
       "22370000", "22840000", "23040000", "23350000", "23680000",
       "24000000", "24370000", "24670000", "24990000", "25310000",
       "25850000", "26040000", "26300000", "26640000", "26950000",
       "27410000", "27620000", "27940000", "28270000", "28600000",
       "28940000", "29260000", "29590000", "29930000", "30410000",
       "30610000", "30910000", "31250000", "31570000", "31930000",
       "32230000", "32550000", "32880000", "33430000", "33620000",
       "33860000", "34200000", "34520000", "34920000", "35180000",
       "35500000", "35830000", "36160000", "36490000", "36810000",
       "37140000", "37480000", "38010000", "38210000", "38410000",
       "38640000", "38960000", "39470000", "39690000", "39950000",
       "40290000", "40630000", "41020000", "41280000", "41620000",
       "41940000", "42500000", "42710000", "42940000", "43280000",
       "43600000", "44010000", "44260000", "44590000", "44910000",
       "45490000", "45690000", "45920000", "46230000", "46560000",
       "47000000", "47220000", "47550000", "47880000", "48210000",
       "48540000", "48880000", "49190000", "49510000", "49970000",
       "50190000", "50510000", "50840000", "51170000", "51500000",
       "51840000", "52160000", "52480000", "52980000", "53190000",
       "53460000", "53790000", "54120000", "54470000", "54780000",
       "55100000", "55430000", "55990000", "56180000", "56410000",
       "56740000", "57070000", "57500000", "57720000", "58050000",
       "58390000", "58720000", "59050000", "59390000", "59720000",
       "60040000", "60450000", "60700000", "61020000", "61350000",
       "61920000", "62120000", "62330000", "62660000", "62980000",
       "63440000", "63650000", "63960000", "64300000", "64630000",
       "64960000", "65280000", "65610000", "65940000", "66480000",
       "66670000", "66940000", "67250000", "67580000", "67970000",
       "68240000", "68560000", "68890000", "69460000", "69660000",
       "69880000", "70220000", "70540000", "70970000", "71200000",
       "71520000", "71840000", "72170000", "72540000", "72830000",
       "73150000", "73490000", "74030000", "74240000", "74470000",
       "74810000", "75120000", "75610000", "75810000", "76110000",
       "76440000", "76780000", "77160000", "77440000", "77750000",
       "77950000", "78620000", "78840000", "79010000", "79410000",
       "79600000", "80140000", "80320000", "80550000", "80880000",
       "81200000", "81650000", "81860000", "82190000", "82520000",
       "82850000", "83180000", "83520000", "83840000", "84170000",
       "84610000", "84820000", "85150000", "85490000", "85810000",
       "86130000", "86470000", "86800000", "87120000", "87600000",
       "87790000", "88110000", "88440000", "88770000", "89100000",
       "89430000", "89760000", "90080000", "90550000", "90750000",
       "91070000", "91410000", "91750000", "92080000", "92420000",
       "92740000", "93080000", "93620000", "93810000", "94050000",
       "94390000", "94710000", "95080000", "96280000" ]
   chunks:
      - { path:"Recordings/Action_20180109T151902/recording.avi",
          startFrameIdx:0 }
