%YAML:1.0
---
recording:
   type: VideoRecording
   recordId: Action_20171122T094223
   channelId: main
   timeStamp: "131558173439640000"
   sessionTimestamp: "0"
   width: -1
   height: -1
   frameCount: 67
   fps: 2.9969999999999999e+001
   recordingType: 2000
   frameTransformRect: [ [ -1, -1 ], [ -1, -1 ], [ -1, -1 ], [ -1, -1 ] ]
   trackingMode: 1
   segments:
      - { startFrame:0, stopFrame:50, segmentType:2000, focusFrame:-1,
          focusPoint:{ values:[ -1., -1. ], type:Vector2 }, isFragment:0 }
      - { startFrame:0, stopFrame:60, segmentType:1000, focusFrame:-1,
          focusPoint:{ values:[ -1., -1. ], type:Vector2 }, isFragment:0 }
   framesRelTs: [ "0", "600000", "1060000", "2410000", "2850000",
       "3920000", "4360000", "5030000", "5550000", "6040000", "6600000",
       "7130000", "7660000", "8200000", "8670000", "9170000", "9670000",
       "10220000", "10780000", "11260000", "11720000", "12280000",
       "12720000", "13360000", "13870000", "14340000", "14770000",
       "15400000", "15910000", "16360000", "16850000", "17390000",
       "17870000", "18400000", "18920000", "19410000", "19950000",
       "20360000", "20940000", "21510000", "22120000", "22670000",
       "23260000", "23850000", "24490000", "25020000", "25560000",
       "26080000", "26670000", "27160000", "27700000", "28220000",
       "28750000", "29290000", "29830000", "30470000", "31060000",
       "31570000", "32110000", "32710000", "33250000", "33700000",
       "34260000", "34830000", "35340000", "35820000", "36370000" ]
   chunks:
      - { path:"Recordings/Action_20171122T094223/recording.avi",
          startFrameIdx:0 }
