<?xml version="1.0"?>
<opencv_storage>
<keyPoints>
  3.1013818359375000e+002 2.6516559600830078e+001
  1.3864864349365234e+001 8.7451042175292969e+001
  4.3787155151367188e+001 0 -1 3.1488778686523437e+002
  2.6566188812255859e+001 1.2428571701049805e+001
  8.3371803283691406e+001 3.7107131958007813e+001 0 -1
  4.1142379760742187e+002 2.6977294921875000e+001
  1.2081081390380859e+001 8.7349571228027344e+001
  3.6003379821777344e+001 0 -1 2.6582357788085937e+002
  2.7388965606689453e+001 1.6234313964843750e+001
  9.1220962524414063e+001 4.6782905578613281e+001 0 -1
  2.6702816772460937e+002 2.7601400375366211e+001 14.
  9.0241851806640625e+001 5.7333328247070313e+001 0 -1
  3.8873898315429687e+002 2.7416349411010742e+001
  1.5877326965332031e+001 9.4409637451171875e+001
  5.0918441772460938e+001 0 -1 3.9156851196289062e+002
  2.7528379440307617e+001 1.2960000991821289e+001
  9.4167518615722656e+001 5.8639999389648438e+001 0 -1
  4.0261801147460938e+002 2.7426687240600586e+001
  1.4199998855590820e+001 9.1120201110839844e+001
  3.8016662597656250e+001 0 -1 3.7459548950195312e+002
  4.2374271392822266e+001 1.4285714149475098e+001
  1.9288940429687500e+002 4.9047622680664062e+001 0 -1
  4.3950820922851562e+002 4.6728141784667969e+001
  1.7653846740722656e+001 2.6892068481445312e+002
  1.4508651733398438e+002 0 -1 3.9840966796875000e+002
  4.6007438659667969e+001 1.4529113769531250e+001
  3.5750817871093750e+002 1.6723657226562500e+002 0 -1
  2.7532275390625000e+002 4.8600162506103516e+001
  1.4443849563598633e+001 1.4560781860351562e+002
  5.1834152221679688e+001 0 -1 2.7874923706054687e+002
  5.1717205047607422e+001 1.3578922271728516e+001
  8.3713813781738281e+001 5.8926666259765625e+001 0 -1
  4.2725054931640625e+002 6.2320621490478516e+001
  1.4649830818176270e+001 1.8558956909179687e+002
  1.0429472351074219e+002 0 -1 2.0299163818359375e+002
  7.1066543579101563e+001 1.3894737243652344e+001
  2.9351666259765625e+002 1.5468420410156250e+002 0 -1
  2.6640750122070312e+002 7.1552986145019531e+001
  1.2742321014404297e+001 2.7634024047851562e+002
  1.3689370727539062e+002 0 -1 2.0292109680175781e+002
  7.5584671020507813e+001 1.3182835578918457e+001
  2.7768066406250000e+002 1.2441891479492187e+002 0 -1
  2.6610888671875000e+002 7.5708778381347656e+001
  1.3889090538024902e+001 2.7621212768554687e+002
  1.2997390747070312e+002 0 -1 3.2408093261718750e+002
  8.3365592956542969e+001 1.3802061080932617e+001
  2.7138244628906250e+002 3.2704521179199219e+001 0 -1
  2.3575000000000000e+002 9.4750000000000000e+001 18.
  2.9103381347656250e+002 5.2111328125000000e+001 0 -1
  3.7725006103515625e+002 9.6381347656250000e+001
  1.4796154022216797e+001 2.5394412231445312e+002
  5.7036056518554687e+001 0 -1 2.3814279174804687e+002
  9.8505844116210938e+001 15. 2.0359321594238281e+002
  4.0875000000000000e+001 0 -1 3.7695367431640625e+002
  1.6160177612304687e+002 15. 2.1960905075073242e+001
  4.8875000000000000e+001 0 -1 2.4224977111816406e+002
  1.6316427612304687e+002 1.3058822631835938e+001
  1.9478797912597656e+002 3.3529411315917969e+001 0 -1
  2.3639099121093750e+002 1.6562402343750000e+002 15.
  2.3049090576171875e+002 6.0500000000000000e+001 0 -1
  2.3414514160156250e+002 2.2674192810058594e+002
  1.7913059234619141e+001 3.2949761962890625e+002
  6.5056747436523438e+001 0 -1 3.7736669921875000e+002
  2.2776971435546875e+002 1.5162162780761719e+001
  1.0009158325195312e+002 4.7138519287109375e+001 0 -1
  2.3429809570312500e+002 2.9264126586914063e+002
  1.7070989608764648e+001 5.8758354187011719e+001
  6.7009887695312500e+001 0 -1 3.7732000732421875e+002
  2.9352734375000000e+002 1.4880000114440918e+001
  3.4411187744140625e+002 5.6759994506835938e+001 0 -1
  3.8149688720703125e+002 2.9673654174804687e+002
  1.3206062316894531e+001 2.1913427734375000e+002
  4.2261276245117187e+001 0 -1 3.8106707763671875e+002
  3.0105535888671875e+002 13. 2.3620617675781250e+002
  3.3375000000000000e+001 0 -1 3.9707427978515625e+002
  3.2202114868164062e+002 1.1302299499511719e+001
  2.8958752441406250e+002 3.2193817138671875e+001 0 -1
  2.6701605224609375e+002 2.7215627670288086e+001 15.
  9.0833869934082031e+001 5.6250000000000000e+001 1 -1
  3.7433349609375000e+002 4.1906555175781250e+001
  2.0379665374755859e+001 1.1397915649414062e+002
  4.7624160766601563e+001 1 -1 3.9732586669921875e+002
  4.6248908996582031e+001 2.1757783889770508e+001
  8.3448211669921875e+001 2.1010015869140625e+002 1 -1
  3.9450000000000000e+002 4.7076519012451172e+001 24.
  9.2911720275878906e+001 1.6909082031250000e+002 1 -1
  4.2672396850585937e+002 7.6775909423828125e+001
  1.7263679504394531e+001 1.4560342407226562e+002
  9.1119750976562500e+001 1 -1 3.8326138305664062e+002
  9.4915451049804688e+001 1.8750000000000000e+001
  2.8154028320312500e+002 3.0062500000000000e+001 1 -1
  3.7756231689453125e+002 9.8057800292968750e+001
  1.9270542144775391e+001 2.7173147583007812e+002
  6.3661315917968750e+001 1 -1 3.7693017578125000e+002
  1.6311918640136719e+002 1.9611621856689453e+001
  3.0982299804687500e+002 5.7472564697265625e+001 1 -1
  2.3448864746093750e+002 2.2777571105957031e+002
  2.0805479049682617e+001 2.9697830200195312e+002
  7.1728134155273438e+001 1 -1 3.7675720214843750e+002
  2.2910501098632812e+002 1.9682365417480469e+001
  3.1508998870849609e+000 6.1463790893554688e+001 1 -1
  3.7814157104492187e+002 2.3182199096679687e+002
  2.0652631759643555e+001 3.3999505615234375e+002
  5.7696060180664062e+001 1 -1 3.7731274414062500e+002
  2.9516961669921875e+002 2.0532472610473633e+001
  3.3984185791015625e+002 6.5286285400390625e+001 1 -1
  3.7882513427734375e+002 2.9610250854492188e+002
  2.1018224716186523e+001 3.4188983154296875e+002
  6.8742218017578125e+001 1 -1 3.7463388061523437e+002
  4.2180721282958984e+001 2.0651147842407227e+001
  1.1428353118896484e+002 4.7949676513671875e+001 2 -1
  2.7957861328125000e+002 4.5671043395996094e+001
  2.8815692901611328e+001 8.5442146301269531e+001
  2.0740830993652344e+002 2 -1 3.9728286743164062e+002
  4.6483768463134766e+001 2.5304027557373047e+001
  9.2241836547851563e+001 2.0887538146972656e+002 2 -1
  4.4023760986328125e+002 4.7286811828613281e+001
  2.5551723480224609e+001 8.3033218383789063e+001
  1.7596984863281250e+002 2 -1 2.0317999267578125e+002
  5.4292121887207031e+001 2.9880001068115234e+001
  6.1921047210693359e+001 8.6005004882812500e+001 2 -1
  2.2909020996093750e+002 5.3205268859863281e+001
  2.9875061035156250e+001 5.5933219909667969e+001
  9.3511070251464844e+001 2 -1 4.2758239746093750e+002
  6.3231018066406250e+001 2.4735694885253906e+001
  1.9984561157226562e+002 1.1316626739501953e+002 2 -1
  4.3977157592773437e+002 6.1562644958496094e+001
  2.9526313781738281e+001 4.8305597305297852e+000
  1.4137280273437500e+002 2 -1 2.6649295043945312e+002
  7.2651893615722656e+001 2.1857143402099609e+001
  2.7629760742187500e+002 1.3733927917480469e+002 2 -1
  2.3613594055175781e+002 9.7031318664550781e+001
  2.6748153686523438e+001 2.8958084106445312e+002
  6.2888427734375000e+001 2 -1 3.7801348876953125e+002
  9.8463104248046875e+001 2.2056589126586914e+001
  2.7666146850585937e+002 6.4574523925781250e+001 2 -1
  3.8427563476562500e+002 9.8205169677734375e+001
  2.3984134674072266e+001 2.8414709472656250e+002
  3.4000019073486328e+001 2 -1 2.3986694335937500e+002
  1.6044853210449219e+002 2.5235294342041016e+001
  2.6524996948242187e+002 3.1120101928710938e+001 2 -1
  2.3571887207031250e+002 1.6333860778808594e+002
  2.6744853973388672e+001 2.7672619628906250e+002
  7.2758964538574219e+001 2 -1 2.4224645996093750e+002
  1.6303153991699219e+002 25. 2.5673211669921875e+002
  4.1125000000000000e+001 2 -1 3.7791790771484375e+002
  1.6442745971679687e+002 2.4798637390136719e+001
  3.0665545654296875e+002 5.9665950775146484e+001 2 -1
  2.3529078674316406e+002 2.2956983947753906e+002
  2.6690946578979492e+001 2.9283410644531250e+002
  7.9710670471191406e+001 2 -1 3.7745138549804687e+002
