%YAML:1.0
---
recording:
   type: VideoRecording
   recordId: Action_20180109T111133
   channelId: main
   timeStamp: "131599698931180000"
   sessionTimestamp: "0"
   width: 0
   height: 0
   frameCount: 140
   fps: 2.9969999999999999e+001
   recordingType: 2000
   frameTransformRect: [ [ -1, -1 ], [ -1, -1 ], [ -1, -1 ], [ -1, -1 ] ]
   trackingMode: 1
   segments:
      - { startFrame:47, stopFrame:71, segmentType:2000, focusFrame:-1,
          focusPoint:{ values:[ -1., -1. ], type:Vector2 }, isFragment:0 }
      - { startFrame:69, stopFrame:102, segmentType:2000, focusFrame:-1,
          focusPoint:{ values:[ -1., -1. ], type:Vector2 }, isFragment:0 }
      - { startFrame:0, stopFrame:133, segmentType:1000, focusFrame:-1,
          focusPoint:{ values:[ -1., -1. ], type:Vector2 }, isFragment:0 }
   framesRelTs: [ "0", "330000", "740000", "990000", "1300000",
       "1620000", "1960000", "2270000", "2600000", "2920000", "3240000",
       "3580000", "4060000", "4380000", "4700000", "5030000", "5360000",
       "5680000", "6010000", "6330000", "6650000", "6980000", "7300000",
       "7650000", "7970000", "8290000", "8610000", "8940000", "9250000",
       "9570000", "9910000", "10230000", "10560000", "10890000",
       "11200000", "11530000", "11850000", "12180000", "12500000",
       "12820000", "13150000", "13470000", "13790000", "14100000",
       "14480000", "14770000", "15080000", "15410000", "15740000",
       "16100000", "16400000", "16720000", "17040000", "17350000",
       "17710000", "18080000", "18490000", "18710000", "18990000",
       "19410000", "19630000", "19960000", "20280000", "20610000",
       "20940000", "21290000", "21750000", "22080000", "22290000",
       "22750000", "22990000", "23380000", "23700000", "24030000",
       "24380000", "24600000", "25020000", "25340000", "25660000",
       "25990000", "26330000", "26650000", "26970000", "27300000",
       "27630000", "27960000", "28310000", "28620000", "28930000",
       "29260000", "29650000", "30070000", "30270000", "30550000",
       "30890000", "31200000", "31530000", "31840000", "32170000",
       "32490000", "32810000", "33130000", "33450000", "33780000",
       "34100000", "34430000", "34750000", "35070000", "35400000",
       "35720000", "36040000", "36360000", "36680000", "37020000",
       "37340000", "37660000", "38020000", "38310000", "38630000",
       "38940000", "39270000", "39630000", "39940000", "40420000",
       "40740000", "41070000", "41380000", "41720000", "42070000",
       "42380000", "42680000", "43010000", "43330000", "43680000",
       "43980000", "44290000", "44610000", "44940000", "45290000",
       "45800000" ]
   chunks:
      - { path:"Recordings/Action_20180109T111133/recording.avi",
          startFrameIdx:0 }
