%YAML:1.0
---
recording:
   type: VideoRecording
   recordId: Action_20180109T152743
   channelId: main
   timeStamp: "131599852632390000"
   sessionTimestamp: "0"
   width: -1
   height: -1
   frameCount: 293
   fps: 2.9969999999999999e+001
   recordingType: 2000
   frameTransformRect: [ [ -1, -1 ], [ -1, -1 ], [ -1, -1 ], [ -1, -1 ] ]
   trackingMode: 0
   segments:
      - { startFrame:17, stopFrame:47, segmentType:2000, focusFrame:-1,
          focusPoint:{ values:[ -1., -1. ], type:Vector2 }, isFragment:0 }
      - { startFrame:92, stopFrame:114, segmentType:2000, focusFrame:-1,
          focusPoint:{ values:[ -1., -1. ], type:Vector2 }, isFragment:0 }
      - { startFrame:0, stopFrame:286, segmentType:1000, focusFrame:-1,
          focusPoint:{ values:[ -1., -1. ], type:Vector2 }, isFragment:0 }
   framesRelTs: [ "0", "420000", "1080000", "1280000", "1450000",
       "1630000", "1810000", "1970000", "3120000", "3290000", "3460000",
       "3630000", "3800000", "3970000", "4700000", "4880000", "5030000",
       "5210000", "5350000", "5530000", "6290000", "6460000", "6610000",
       "6780000", "7080000", "7390000", "7920000", "8090000", "8390000",
       "8720000", "9050000", "9490000", "9700000", "10020000",
       "10340000", "10520000", "11080000", "11340000", "11660000",
       "12010000", "12180000", "12700000", "12870000", "13170000",
       "13490000", "13810000", "14280000", "14470000", "14800000",
       "15130000", "15450000", "15860000", "16110000", "16440000",
       "16760000", "17100000", "17480000", "17750000", "18070000",
       "18400000", "18730000", "19080000", "19390000", "19710000",
       "20040000", "20670000", "20820000", "21030000", "21350000",
       "21690000", "22270000", "22430000", "22680000", "23000000",
       "23340000", "23870000", "24040000", "24330000", "24660000",
       "24990000", "25440000", "25640000", "25970000", "26300000",
       "26620000", "27040000", "27280000", "27610000", "27940000",
       "28280000", "28640000", "28950000", "29260000", "29580000",
       "30230000", "30390000", "30600000", "30920000", "31250000",
       "31860000", "32020000", "32230000", "32560000", "32890000",
       "33440000", "33600000", "33860000", "34200000", "34520000",
       "35050000", "35230000", "35510000", "35840000", "36160000",
       "36640000", "36840000", "37150000", "37480000", "37810000",
       "38230000", "38460000", "38790000", "39130000", "39450000",
       "39860000", "40110000", "40440000", "40780000", "41100000",
       "41490000", "41770000", "42090000", "42420000", "42740000",
       "43130000", "43400000", "43720000", "44060000", "44380000",
       "44740000", "45060000", "45370000", "45700000", "46370000",
       "46530000", "46710000", "47010000", "47340000", "47950000",
       "48120000", "48330000", "48660000", "48990000", "49540000",
       "49710000", "49980000", "50310000", "50630000", "51180000",
       "51350000", "51630000", "51960000", "52260000", "52780000",
       "52950000", "53250000", "53590000", "53920000", "54360000",
       "54570000", "54760000", "55060000", "55390000", "55940000",
       "56220000", "56410000", "56700000", "57030000", "57590000",
       "57850000", "58170000", "58500000", "59170000", "59340000",
       "59540000", "59810000", "60130000", "60800000", "60960000",
       "61140000", "61440000", "61780000", "62430000", "62620000",
       "62840000", "63000000", "63250000", "63730000", "64120000",
       "64400000", "64720000", "65050000", "65710000", "65880000",
       "66060000", "66240000", "66550000", "66870000", "67360000",
       "67540000", "67840000", "68180000", "68500000", "69000000",
       "69180000", "69490000", "69830000", "70150000", "70600000",
       "70800000", "71130000", "71450000", "71790000", "72240000",
       "72440000", "72770000", "73110000", "73430000", "73820000",
       "74090000", "74410000", "74730000", "75390000", "75550000",
       "75740000", "76070000", "76390000", "76970000", "77130000",
       "77370000", "77700000", "78030000", "78570000", "78740000",
       "79010000", "79350000", "79670000", "80220000", "80380000",
       "80660000", "80990000", "81300000", "81840000", "82010000",
       "82290000", "82630000", "82940000", "83430000", "83620000",
       "83930000", "84260000", "84600000", "85030000", "85250000",
       "85570000", "85900000", "86230000", "86620000", "86890000",
       "87210000", "87550000", "88210000", "88390000", "88560000",
       "88850000", "89190000", "89760000", "89940000", "90180000",
       "90500000", "90840000", "91370000", "91550000", "91810000",
       "92140000", "92470000", "92990000", "93160000", "93460000",
       "93790000", "94130000", "94540000", "95310000" ]
   chunks:
      - { path:"Recordings/Action_20180109T152743/recording.avi",
          startFrameIdx:0 }
