%YAML:1.0
---
recording:
   type: VideoRecording
   recordId: Action_20180109T151627
   channelId: main
   timeStamp: "131599845874980000"
   sessionTimestamp: "0"
   width: -1
   height: -1
   frameCount: 115
   fps: 2.9969999999999999e+001
   recordingType: 2000
   frameTransformRect: [ [ -1, -1 ], [ -1, -1 ], [ -1, -1 ], [ -1, -1 ] ]
   trackingMode: 0
   segments:
      - { startFrame:0, stopFrame:108, segmentType:1000, focusFrame:-1,
          focusPoint:{ values:[ -1., -1. ], type:Vector2 }, isFragment:0 }
   framesRelTs: [ "0", "240000", "460000", "720000", "1050000",
       "1860000", "2050000", "2220000", "2400000", "2720000", "3030000",
       "3370000", "3700000", "4020000", "4350000", "4680000", "5010000",
       "5340000", "5660000", "5990000", "6320000", "6650000", "6980000",
       "7310000", "7650000", "7970000", "8310000", "8620000", "8960000",
       "9280000", "9600000", "9940000", "10270000", "10590000",
       "10920000", "11140000", "11430000", "11750000", "12230000",
       "12560000", "12760000", "13060000", "13390000", "13870000",
       "14070000", "14370000", "14700000", "15100000", "15360000",
       "15690000", "16020000", "16440000", "16680000", "17000000",
       "17330000", "17660000", "17980000", "18310000", "18650000",
       "18980000", "19310000", "19630000", "19970000", "20290000",
       "20630000", "20950000", "21290000", "21610000", "21950000",
       "22280000", "22610000", "22930000", "23260000", "23590000",
       "23920000", "24240000", "24570000", "24900000", "25230000",
       "25560000", "25930000", "26210000", "26530000", "26870000",
       "27250000", "27520000", "27830000", "28170000", "28490000",
       "28830000", "29160000", "29500000", "29810000", "30150000",
       "30470000", "30800000", "31210000", "31460000", "31780000",
       "32120000", "32430000", "32760000", "33090000", "33410000",
       "33740000", "34080000", "34400000", "34730000", "35050000",
       "35380000", "35710000", "36050000", "36360000", "36690000",
       "37070000" ]
   chunks:
      - { path:"Recordings/Action_20180109T151627/recording.avi",
          startFrameIdx:0 }
