<?xml version="1.0"?>
<opencv_storage>
<keyPoints>
  2.2055322265625000e+002 2.9885431289672852e+001
  1.3428571701049805e+001 8.5086387634277344e+001
  4.7190475463867188e+001 0 -1 2.6835327148437500e+002
  3.0326902389526367e+001 1.4288941383361816e+001
  8.8773735046386719e+001 7.1526504516601563e+001 0 -1
  3.8868795776367187e+002 3.0007600784301758e+001
  1.1375000000000000e+001 1.9038043212890625e+002
  3.0260421752929687e+001 0 -1 3.9864276123046875e+002
  5.2658348083496094e+001 1.5341766357421875e+001
  3.4590766906738281e+001 1.4695587158203125e+002 0 -1
  4.4425000000000000e+002 5.2750000000000000e+001 18.
  2.7884448242187500e+002 5.8888671875000000e+001 0 -1
  2.7959527587890625e+002 5.5704948425292969e+001
  1.3471687316894531e+001 7.9309547424316406e+001
  4.7611175537109375e+001 0 -1 4.3055584716796875e+002
  6.8418685913085938e+001 1.5543441772460937e+001
  2.1577215576171875e+002 8.6195724487304688e+001 0 -1
  4.4487899780273437e+002 6.8510742187500000e+001
  1.4744024276733398e+001 2.4276325225830078e+001
  3.7380516052246094e+001 0 -1 2.0493719482421875e+002
  7.3982963562011719e+001 1.3593355178833008e+001
  1.7198167800903320e+001 1.2809924316406250e+002 0 -1
  2.6834881591796875e+002 7.5547218322753906e+001
  1.3709253311157227e+001 2.9408966064453125e+002
  1.3223336791992187e+002 0 -1 2.0491192626953125e+002
  7.8328857421875000e+001 1.2954909324645996e+001
  6.2424766540527344e+001 1.1476098632812500e+002 0 -1
  2.6785986328125000e+002 7.9673645019531250e+001
  1.3205608367919922e+001 3.0250759887695312e+002
  1.2416006469726562e+002 0 -1 351. 8.2750000000000000e+001 18.
  1.0495354461669922e+002 45. 0 -1 4.3123220825195312e+002
  8.3491661071777344e+001 1.4159999847412109e+001
  8.6652015686035156e+001 5.7239990234375000e+001 0 -1
  3.7935156250000000e+002 1.0504206085205078e+002
  1.4531867980957031e+001 3.0243347167968750e+002
  3.4750625610351563e+001 0 -1 2.3461560058593750e+002
  1.6658586120605469e+002 1.2793205261230469e+001
  2.0925251770019531e+002 3.6816978454589844e+001 0 -1
  2.4279785156250000e+002 1.6750205993652344e+002
  1.3062507629394531e+001 3.2617807006835937e+002
  3.3516281127929687e+001 0 -1 3.7791519165039062e+002
  1.7150807189941406e+002 1.4200805664062500e+001
  2.0234738159179687e+002 3.7378250122070313e+001 0 -1
  3.7685711669921875e+002 2.3771363830566406e+002
  1.3796390533447266e+001 7.0624893188476563e+001
  3.3606994628906250e+001 0 -1 2.8114892578125000e+002
  4.9783020019531250e+001 2.0554513931274414e+001
  2.9825692749023437e+002 1.5709222412109375e+002 1 -1
  3.9625000000000000e+002 5.2871948242187500e+001
  2.0951324462890625e+001 3.7777351379394531e+001
  1.3554290771484375e+002 1 -1 4.4238433837890625e+002
  6.6771171569824219e+001 2.2979049682617188e+001
  3.3878732299804687e+002 6.0652832031250000e+001 1 -1
  2.6779522705078125e+002 7.7844581604003906e+001
  1.7248092651367188e+001 3.0143826293945312e+002
  1.1163125610351562e+002 1 -1 3.7899722290039062e+002
  1.0359493255615234e+002 1.9072811126708984e+001
  3.2174255371093750e+002 3.5543151855468750e+001 1 -1
  3.7747604370117187e+002 1.6973841857910156e+002
  1.8611625671386719e+001 2.0174812316894531e+002
  3.6933876037597656e+001 1 -1 4.2209854125976562e+002
  2.6144808959960937e+002 2.2506414413452148e+001
  2.2572052001953125e+002 4.3156288146972656e+001 1 -1
  3.9751605224609375e+002 5.2775218963623047e+001
  2.4815727233886719e+001 3.8153060913085938e+001
  1.6163377380371094e+002 2 -1 4.4350506591796875e+002
  5.3396213531494141e+001 2.6055599212646484e+001
  2.8604827880859375e+002 7.1937355041503906e+001 2 -1
  2.2934236145019531e+002 5.7318885803222656e+001
  3.0066461563110352e+001 3.2605749511718750e+002
  7.4475120544433594e+001 2 -1 2.0334869384765625e+002
  5.7677829742431641e+001 2.9213607788085938e+001
  2.9652270507812500e+002 6.9320617675781250e+001 2 -1
  4.3017620849609375e+002 6.9329307556152344e+001
  2.5963600158691406e+001 2.1485197448730469e+002
  9.2489387512207031e+001 2 -1 4.4341397094726562e+002
  6.7582824707031250e+001 2.7026775360107422e+001
  3.3841882324218750e+002 6.7317497253417969e+001 2 -1
  2.0512547302246094e+002 7.4976043701171875e+001
  2.1646598815917969e+001 5.2552993774414062e+001
  9.8524894714355469e+001 2 -1 2.6841030883789062e+002
  7.6760223388671875e+001 2.6717948913574219e+001
  3.2119512939453125e+002 1.3034458923339844e+002 2 -1
  3.4508822631835937e+002 8.0695701599121094e+001
  2.9059597015380859e+001 1.5383236694335938e+002
  2.0114662170410156e+002 2 -1 2.3644680786132812e+002
  1.0016924285888672e+002 2.1947368621826172e+001
  5.3682571411132813e+001 3.6370616912841797e+001 2 -1
  3.7875000000000000e+002 1.0425000000000000e+002 18.
  3.2045254516601562e+002 3.5222656250000000e+001 2 -1
  2.4211392211914062e+002 1.6838858032226562e+002
  2.4272727966308594e+001 6.6155748367309570e+000
  3.4007579803466797e+001 2 -1 3.7832656860351562e+002
  1.6876918029785156e+002 2.3937952041625977e+001
  2.3799031066894531e+002 3.7919155120849609e+001 2 -1
  4.8450000000000000e+002 232. 36. 2.7843145751953125e+002 53. 2 -1
  4.5585275268554687e+002 2.3540869140625000e+002
  2.9571426391601563e+001 2.5133886718750000e+002
  4.8017864227294922e+001 2 -1 4.2850000000000000e+002 268. 36.
  2.1248698425292969e+002 45. 2 -1 4.4387985229492187e+002
  5.2500000000000000e+001 24. 2.8232159423828125e+002
  7.0044784545898438e+001 3 -1 2.0249809265136719e+002
  5.7781639099121094e+001 3.5259216308593750e+001
  4.1666584014892578e+001 6.7028015136718750e+001 3 -1
  2.2848355102539062e+002 5.7554489135742188e+001
  3.3534469604492188e+001 2.0247444152832031e+001
  7.0456611633300781e+001 3 -1 4.2960073852539062e+002
  7.1565948486328125e+001 3.6463203430175781e+001
  4.8317489624023438e+001 8.6014533996582031e+001 3 -1
  4.2982080078125000e+002 8.0941024780273437e+001
  3.4799999237060547e+001 8.3486167907714844e+001
  8.7050003051757813e+001 3 -1 4.5350000000000000e+002
  2.3750000000000000e+002 48. 2.5050875854492187e+002
  7.0333007812500000e+001 3 -1 4.6484893798828125e+002
  2.3482920837402344e+002 3.8470588684082031e+001
  2.6220648193359375e+002 7.5360298156738281e+001 3 -1
  4.2062768554687500e+002 2.6110675048828125e+002
  3.8028015136718750e+001 2.1393228149414062e+002
  6.1388305664062500e+001 3 -1 4.3976565551757813e+002
  2.6375201416015625e+002 3.8210525512695313e+001
  2.1888104248046875e+002 4.8322372436523438e+001 3 -1
  3.9951562500000000e+002 2.8809744262695312e+002
  3.4391525268554688e+001 1.8861849975585937e+002
  4.2587722778320312e+001 3 -1 3.7282690429687500e+002
  2.9427862548828125e+002 3.8082759857177734e+001
  1.8645915222167969e+002 6.8245979309082031e+001 3 -1
  3.7842227172851562e+002 1.6942063903808594e+002
  4.3714286804199219e+001 3.2712283325195312e+002
  3.1446426391601563e+001 4 -1 4.8260586547851562e+002
  2.3634556579589844e+002 7.0328926086425781e+001
  2.4349954223632812e+002 1.3816149902343750e+002 4 -1
  4.5215783691406250e+002 2.3739643859863281e+002
  5.1356170654296875e+001 2.4835058593750000e+002
  7.0841590881347656e+001 4 -1 4.4207699584960937e+002
  2.6567059326171875e+002 4.8857147216796875e+001
  2.1916444396972656e+002 5.3035705566406250e+001 4 -1
  4.2750845336914062e+002 2.7062179565429687e+002
  5.5371429443359375e+001 2.0492915344238281e+002
  6.9201171875000000e+001 4 -1 4.4452770996093750e+002
  2.3990429687500000e+002 72. 2.3301278686523437e+002
  7.3082305908203125e+001 5 -1 4.6456469726562500e+002
  2.3645266723632812e+002 72. 2.3961006164550781e+002
  4.6116020202636719e+001 5 -1 4.8233676147460938e+002
  2.3697036743164062e+002 72. 2.4348324584960937e+002
  1.3661608886718750e+002 5 -1 4.4502954101562500e+002
  2.4547409057617187e+002 72. 2.3070764160156250e+002
  7.4389915466308594e+001 5 -1</keyPoints>
