<?xml version="1.0"?>
<opencv_storage>
<keyPoints>
  2.7955859375000000e+002 5.5770320892333984e+001
  1.3361772537231445e+001 7.8629844665527344e+001
  4.5190170288085938e+001 0 -1 4.3159283447265625e+002
  6.8391647338867188e+001 1.3541871070861816e+001
  2.2569900512695312e+002 7.6964309692382812e+001 0 -1
  4.4224993896484375e+002 6.8452308654785156e+001
  1.6160032272338867e+001 2.5309858322143555e+001
  5.5243942260742188e+001 0 -1 4.4564196777343750e+002
  6.8869026184082031e+001 1.4032257080078125e+001
  2.4136217117309570e+001 3.8778213500976562e+001 0 -1
  2.0551435852050781e+002 7.4078872680664063e+001
  1.3647247314453125e+001 5.7494387626647949e+000
  1.2498983764648437e+002 0 -1 2.6859197998046875e+002
  7.5756011962890625e+001 1.3839520454406738e+001
  2.9159133911132812e+002 1.3952456665039062e+002 0 -1
  2.0537644958496094e+002 7.8536697387695313e+001
  1.2667827606201172e+001 2.6736358642578125e+001
  1.1364376831054687e+002 0 -1 2.6837362670898437e+002
  7.9725227355957031e+001 1.3278261184692383e+001
  3.0018621826171875e+002 1.2060977172851562e+002 0 -1
  4.3155911254882812e+002 8.3712280273437500e+001
  1.3641509056091309e+001 8.5096443176269531e+001
  6.5983489990234375e+001 0 -1 1.8367535400390625e+002
  9.8544227600097656e+001 1.4823529243469238e+001
  2.6042639160156250e+002 4.0764694213867188e+001 0 -1
  2.3647415161132812e+002 1.0097747039794922e+002
  1.3344918251037598e+001 6.4363403320312500e+001
  3.5727523803710937e+001 0 -1 1.9262156677246094e+002
  1.0589424133300781e+002 1.1845861434936523e+001
  1.0970223999023437e+002 6.0027832031250000e+001 0 -1
  3.7957485961914062e+002 1.0552632141113281e+002
  1.3686816215515137e+001 2.8485809326171875e+002
  3.6109725952148438e+001 0 -1 1.9569042968750000e+002
  1.0698448944091797e+002 1.2259258270263672e+001
  1.0119898223876953e+002 5.9075592041015625e+001 0 -1
  1.7481967163085937e+002 1.1203972625732422e+002
  1.3745412826538086e+001 2.9649124145507812e+001
  3.2551467895507813e+001 0 -1 2.0249569702148437e+002
  1.1156347656250000e+002 1.3733886718750000e+001
  3.5165676879882812e+002 5.8481933593750000e+001 0 -1
  2.0567770385742187e+002 1.1214414215087891e+002
  1.3864864349365234e+001 3.5284008789062500e+002
  3.1787155151367188e+001 0 -1 1.9934095764160156e+002
  1.2154786682128906e+002 1.4333333015441895e+001
  5.5688388824462891e+001 3.4722213745117188e+001 0 -1
  1.7497654724121094e+002 1.2265636444091797e+002
  1.4099999427795410e+001 5.0937618255615234e+001
  5.1449996948242187e+001 0 -1 1.7504942321777344e+002
  1.2417898559570312e+002 1.3243902206420898e+001
  3.2132240295410156e+001 4.6881088256835938e+001 0 -1
  1.7231581115722656e+002 1.2754766082763672e+002
  1.5272727012634277e+001 1.3451907348632812e+002
  3.5272727966308594e+001 0 -1 198. 1.3193750000000000e+002
  1.2187500000000000e+001 4.6882358551025391e+001
  3.1015625000000000e+001 0 -1 1.9188896179199219e+002
  1.3299827575683594e+002 1.2521739006042480e+001
  4.3640987396240234e+001 3.6173904418945313e+001 0 -1
  1.9586968994140625e+002 1.5082171630859375e+002
  1.4111111640930176e+001 3.3602746582031250e+002
  3.4671302795410156e+001 0 -1 1.9761746215820313e+002
  1.5209580993652344e+002 1.3833333969116211e+001
  3.2489065551757813e+002 4.2680557250976562e+001 0 -1
  1.9525044250488281e+002 1.5606466674804687e+002
  1.3086962699890137e+001 1.0408481597900391e+002
  5.7987716674804688e+001 0 -1 1.9855014038085937e+002
  1.5845053100585937e+002 1.3536584854125977e+001
  5.9208015441894531e+001 3.7344512939453125e+001 0 -1
  2.0491569519042969e+002 1.5769087219238281e+002
  1.2391304969787598e+001 3.3045083618164062e+002
  5.1097824096679688e+001 0 -1 1.7100714111328125e+002
  1.5878315734863281e+002 1.4393042564392090e+001
  2.1098416137695312e+002 6.9043853759765625e+001 0 -1
  1.4830603027343750e+002 1.6120689392089844e+002
  1.4379309654235840e+001 3.3252584838867187e+002
  3.9280166625976563e+001 0 -1 1.7402680969238281e+002
  1.6111903381347656e+002 1.1800000190734863e+001
  2.1548228454589844e+002 3.1025009155273438e+001 0 -1
  1.4593583679199219e+002 1.6396502685546875e+002
  1.1461538314819336e+001 3.4148095703125000e+002
  3.2157051086425781e+001 0 -1 2.3458030700683594e+002
  1.6607312011718750e+002 1.3872161865234375e+001
  2.1026684570312500e+002 3.5438781738281250e+001 0 -1
  2.4294967651367187e+002 1.6781935119628906e+002
  1.3896203041076660e+001 3.5470059204101562e+002
  3.4223937988281250e+001 0 -1 2.0134407043457031e+002
  1.6984051513671875e+002 1.5827587127685547e+001
  3.4755654907226562e+002 3.9900863647460938e+001 0 -1
  3.7804739379882812e+002 1.7101092529296875e+002
  1.5706272125244141e+001 1.9955421447753906e+002
  3.9995681762695312e+001 0 -1 1.4425000000000000e+002
  1.7275000000000000e+002 18. 6.5390625000000000e+000
  5.0333007812500000e+001 0 -1 2.0378427124023437e+002
  1.7240135192871094e+002 1.5894927978515625e+001
  7.8940534591674805e+000 5.9848785400390625e+001 0 -1
  1.7838737487792969e+002 1.7314337158203125e+002
  1.2056604385375977e+001 3.2825885009765625e+002
  7.1004730224609375e+001 0 -1 1.4536959838867187e+002
  1.7658790588378906e+002 1.3913678169250488e+001
  9.4300432205200195e+000 4.0089942932128906e+001 0 -1
  1.7769380187988281e+002 1.7635185241699219e+002
  1.2346090316772461e+001 2.3376498413085937e+002
  4.6939804077148437e+001 0 -1 1.7573190307617187e+002
  1.8107998657226562e+002 1.1812500000000000e+001
  1.3566056823730469e+002 3.6015625000000000e+001 0 -1
  1.5048167419433594e+002 1.8292315673828125e+002
  1.3615385055541992e+001 3.3563507080078125e+001
  3.2942306518554687e+001 0 -1 2.0664912414550781e+002
  1.8156811523437500e+002 1.3319999694824219e+001
  3.9201072692871094e+001 3.6605003356933594e+001 0 -1
  1.9545312500000000e+002 2.2159278869628906e+002
  1.5359999656677246e+001 2.8463565063476562e+002
  6.3839996337890625e+001 0 -1 2.0475711059570312e+002
  2.2920712280273437e+002 1.2724157333374023e+001
  3.1015957641601562e+002 4.1305068969726562e+001 0 -1
  1.7313208007812500e+002 2.3077088928222656e+002
  1.4052631378173828e+001 2.0732672119140625e+002
  5.3335540771484375e+001 0 -1 1.9655886840820312e+002
  2.2941886901855469e+002 1.3875000000000000e+001
  1.5044380187988281e+002 6.9343750000000000e+001 0 -1
  2.1039299011230469e+002 2.3567318725585937e+002
  1.7005605697631836e+001 3.4918499755859375e+002
  1.4564672851562500e+002 0 -1 1.7205903625488281e+002
  2.3732775878906250e+002 1.2096774101257324e+001
  1.8741772460937500e+002 3.1004035949707031e+001 0 -1
  3.7686523437500000e+002 2.3774197387695312e+002
  1.3652501106262207e+001 6.8198318481445312e+001
  3.3531387329101562e+001 0 -1 1.7728826904296875e+002
  2.4545207214355469e+002 1.4954107284545898e+001
  1.5993469238281250e+002 9.6505584716796875e+001 0 -1
  2.0412500000000000e+002 246. 15. 2.0316761016845703e+001
  4.0125000000000000e+001 0 -1 1.7789160156250000e+002 248.
  1.4010673522949219e+001 1.4816831970214844e+002
  5.7574722290039063e+001 0 -1 1.9385504150390625e+002
  2.5277636718750000e+002 1.3058822631835938e+001
  2.6643487548828125e+002 4.7058807373046875e+001 0 -1
  1.8317984008789062e+002 2.5382435607910156e+002 15.
  1.2007868957519531e+002 5.2125000000000000e+001 0 -1
  1.8626699829101562e+002 2.6274542236328125e+002
  1.6791156768798828e+001 9.8155494689941406e+001
  5.0120262145996094e+001 0 -1 3.7493032836914062e+002
  3.0366571044921875e+002 1.4117102622985840e+001
  1.5292178344726562e+002 3.4418197631835938e+001 0 -1
  3.4264813232421875e+002 8.1645629882812500e+001
  1.6857143402099609e+001 1.5893914794921875e+002
  1.7076190185546875e+002 1 -1 3.7932199096679687e+002
  1.0349424743652344e+002 2.0785268783569336e+001
  3.2415106201171875e+002 3.2555671691894531e+001 1 -1
  1.9938894653320312e+002 1.1531489562988281e+002
  1.8857133865356445e+001 6.8205142021179199e+000
  5.1444427490234375e+001 1 -1 2.0142953491210937e+002
  1.2042576599121094e+002 1.6194292068481445e+001
  2.3883790969848633e+001 5.4413497924804688e+001 1 -1
