%YAML:1.0
---
recording:
   type: VideoRecording
   recordId: Action_20180109T110846
   channelId: main
   timeStamp: "131599697263860000"
   sessionTimestamp: "0"
   width: 0
   height: 0
   frameCount: 109
   fps: 2.9969999999999999e+001
   recordingType: 2000
   frameTransformRect: [ [ -1, -1 ], [ -1, -1 ], [ -1, -1 ], [ -1, -1 ] ]
   trackingMode: 1
   segments:
      - { startFrame:17, stopFrame:42, segmentType:2000, focusFrame:-1,
          focusPoint:{ values:[ -1., -1. ], type:Vector2 }, isFragment:0 }
      - { startFrame:60, stopFrame:88, segmentType:2000, focusFrame:-1,
          focusPoint:{ values:[ -1., -1. ], type:Vector2 }, isFragment:0 }
      - { startFrame:0, stopFrame:102, segmentType:1000, focusFrame:-1,
          focusPoint:{ values:[ -1., -1. ], type:Vector2 }, isFragment:0 }
   framesRelTs: [ "0", "330000", "660000", "980000", "1310000",
       "1630000", "1950000", "2280000", "2610000", "2950000", "3270000",
       "3580000", "3940000", "4240000", "4580000", "4900000", "5230000",
       "5550000", "5900000", "6230000", "6540000", "6880000", "7210000",
       "7540000", "7860000", "8200000", "8510000", "8850000", "9180000",
       "9510000", "9830000", "10160000", "10480000", "10800000",
       "11140000", "11460000", "11780000", "12110000", "12450000",
       "12770000", "13100000", "13420000", "13750000", "14070000",
       "14400000", "14730000", "15060000", "15380000", "15690000",
       "16030000", "16350000", "16660000", "17000000", "17330000",
       "17660000", "17980000", "18310000", "18640000", "18970000",
       "19290000", "19620000", "19950000", "20270000", "20610000",
       "20930000", "21250000", "21580000", "21910000", "22240000",
       "22570000", "22890000", "23230000", "23560000", "23880000",
       "24210000", "24530000", "24880000", "25200000", "25520000",
       "25850000", "26180000", "26510000", "26830000", "27160000",
       "27480000", "27820000", "28140000", "28470000", "28810000",
       "29110000", "29440000", "29770000", "30090000", "30420000",
       "30750000", "31070000", "31390000", "31730000", "32060000",
       "32380000", "32710000", "33050000", "33360000", "33680000",
       "34020000", "34330000", "34670000", "34990000", "35510000" ]
   chunks:
      - { path:"Recordings/Action_20180109T110846/recording.avi",
          startFrameIdx:0 }
