%YAML:1.0
---
recording:
   type: VideoRecording
   recordId: Action_20180109T110912
   channelId: main
   timeStamp: "131599697526300000"
   sessionTimestamp: "0"
   width: 0
   height: 0
   frameCount: 139
   fps: 2.9969999999999999e+001
   recordingType: 2000
   frameTransformRect: [ [ -1, -1 ], [ -1, -1 ], [ -1, -1 ], [ -1, -1 ] ]
   trackingMode: 1
   segments:
      - { startFrame:0, stopFrame:132, segmentType:1000, focusFrame:-1,
          focusPoint:{ values:[ -1., -1. ], type:Vector2 }, isFragment:0 }
   framesRelTs: [ "0", "260000", "520000", "860000", "1170000",
       "1500000", "1830000", "2140000", "2470000", "2800000", "3120000",
       "3460000", "3780000", "4100000", "4430000", "4750000", "5080000",
       "5420000", "5760000", "6080000", "6400000", "6720000", "7060000",
       "7390000", "7720000", "8040000", "8370000", "8700000", "9020000",
       "9330000", "9660000", "9990000", "10320000", "10640000",
       "10960000", "11300000", "11620000", "11960000", "12280000",
       "12630000", "12950000", "13270000", "13590000", "13920000",
       "14240000", "14570000", "14900000", "15230000", "15560000",
       "15900000", "16220000", "16550000", "16870000", "17200000",
       "17530000", "17850000", "18190000", "18520000", "18840000",
       "19170000", "19510000", "19830000", "20150000", "20490000",
       "20800000", "21120000", "21610000", "21930000", "22260000",
       "22580000", "22910000", "23240000", "23570000", "23970000",
       "24180000", "24410000", "24730000", "25070000", "25400000",
       "25730000", "26050000", "26530000", "26730000", "27030000",
       "27350000", "27680000", "28000000", "28330000", "28810000",
       "29040000", "29310000", "29800000", "30130000", "30450000",
       "30770000", "31100000", "31430000", "31750000", "32080000",
       "32410000", "32730000", "33080000", "33400000", "33730000",
       "34050000", "34380000", "34700000", "35030000", "35340000",
       "35670000", "36000000", "36340000", "36670000", "37000000",
       "37310000", "37650000", "37990000", "38310000", "38520000",
       "38970000", "39290000", "39610000", "39950000", "40280000",
       "40610000", "40940000", "41250000", "41580000", "41910000",
       "42240000", "42570000", "42900000", "43110000", "43550000",
       "43770000", "44050000", "44370000", "44700000", "45240000" ]
   chunks:
      - { path:"Recordings/Action_20180109T110912/recording.avi",
          startFrameIdx:0 }
