%YAML:1.0
---
recording:
   type: VideoRecording
   recordId: Action_20180109T154915
   channelId: main
   timeStamp: "131599865556870000"
   sessionTimestamp: "0"
   width: -1
   height: -1
   frameCount: 248
   fps: 2.9969999999999999e+001
   recordingType: 2000
   frameTransformRect: [ [ -1, -1 ], [ -1, -1 ], [ -1, -1 ], [ -1, -1 ] ]
   trackingMode: 0
   segments:
      - { startFrame:0, stopFrame:241, segmentType:1000, focusFrame:-1,
          focusPoint:{ values:[ -1., -1. ], type:Vector2 }, isFragment:0 }
   framesRelTs: [ "0", "250000", "460000", "640000", "830000", "2270000",
       "2440000", "2610000", "2830000", "3000000", "3170000", "4020000",
       "4200000", "4380000", "4570000", "4740000", "4900000", "5810000",
       "5990000", "6160000", "6330000", "6480000", "6650000", "7640000",
       "7800000", "8000000", "8180000", "8370000", "8530000", "9430000",
       "9590000", "9750000", "9910000", "10080000", "10330000",
       "11230000", "11390000", "11580000", "11770000", "11980000",
       "12310000", "13040000", "13200000", "13360000", "13610000",
       "13940000", "14780000", "14940000", "15120000", "15300000",
       "15580000", "15900000", "16610000", "16780000", "16950000",
       "17210000", "17550000", "18410000", "18590000", "18760000",
       "18930000", "19200000", "19510000", "20220000", "20380000",
       "20540000", "20830000", "21160000", "22030000", "22190000",
       "22350000", "22530000", "22810000", "23130000", "23840000",
       "24010000", "24170000", "24440000", "24780000", "25610000",
       "25780000", "25940000", "26120000", "26290000", "26610000",
       "27420000", "27620000", "27790000", "27970000", "28240000",
       "28570000", "29240000", "29400000", "29570000", "29880000",
       "30210000", "31010000", "31200000", "31370000", "31550000",
       "31840000", "32170000", "32800000", "32950000", "33170000",
       "33480000", "33810000", "34600000", "34780000", "34950000",
       "35150000", "35480000", "35810000", "36410000", "36560000",
       "36800000", "37120000", "37450000", "38250000", "38420000",
       "38580000", "38790000", "39110000", "39430000", "40120000",
       "40280000", "40440000", "40750000", "41080000", "41920000",
       "42080000", "42240000", "42410000", "42730000", "43060000",
       "43680000", "43830000", "44060000", "44370000", "44710000",
       "45500000", "45660000", "45820000", "46030000", "46360000",
       "46690000", "47300000", "47480000", "47690000", "48010000",
       "48330000", "49120000", "49290000", "49450000", "49650000",
       "49990000", "50320000", "50960000", "51170000", "51330000",
       "51510000", "51810000", "52140000", "52780000", "52940000",
       "53140000", "53450000", "53790000", "54560000", "54780000",
       "54950000", "55130000", "55440000", "55770000", "56310000",
       "56490000", "56750000", "57090000", "57400000", "58150000",
       "58330000", "58500000", "58720000", "59050000", "59370000",
       "59940000", "60100000", "60360000", "60680000", "61020000",
       "61770000", "61910000", "62080000", "62330000", "62650000",
       "62980000", "63620000", "63780000", "64000000", "64320000",
       "64640000", "65420000", "65590000", "65750000", "65960000",
       "66290000", "66630000", "67240000", "67410000", "67630000",
       "67940000", "68260000", "69230000", "69390000", "69580000",
       "69740000", "69940000", "70270000", "71050000", "71230000",
       "71400000", "71590000", "71930000", "72240000", "72850000",
       "73020000", "73230000", "73560000", "73880000", "74660000",
       "74850000", "75030000", "75220000", "75540000", "75870000",
       "76440000", "76640000", "76800000", "77190000", "77510000",
       "78280000", "78470000", "78680000", "78840000", "79020000",
       "79330000", "80090000", "81640000" ]
   chunks:
      - { path:"Recordings/Action_20180109T154915/recording.avi",
          startFrameIdx:0 }
