<?xml version="1.0"?>
<opencv_storage>
<keyPoints>
  3.8911941528320312e+002 2.8806123733520508e+001
  1.3645160675048828e+001 1.6813867187500000e+002
  3.8165321350097656e+001 0 -1 3.8878210449218750e+002
  3.1662395477294922e+001 1.1588234901428223e+001
  2.1024705505371094e+002 3.2120101928710937e+001 0 -1
  3.9875009155273438e+002 4.7358524322509766e+001
  1.3666666030883789e+001 3.7965595245361328e+001
  1.3016668701171875e+002 0 -1 2.7926296997070312e+002
  5.2843593597412109e+001 1.4064384460449219e+001
  6.8317520141601562e+001 4.1565124511718750e+001 0 -1
  4.3195523071289062e+002 6.2520690917968750e+001
  1.4084745407104492e+001 2.1415994262695312e+002
  8.4561447143554687e+001 0 -1 4.4585900878906250e+002
  6.2666164398193359e+001 1.3600000381469727e+001
  2.9669260025024414e+001 4.2066665649414063e+001 0 -1
  2.0603605651855469e+002 7.2128623962402344e+001
  1.4333333015441895e+001 2.3912025451660156e+001
  1.3148611450195312e+002 0 -1 2.6937887573242187e+002
  7.2456489562988281e+001 1.3569143295288086e+001
  2.9259155273437500e+002 1.3037399291992187e+002 0 -1
  2.0634745788574219e+002 7.6268409729003906e+001
  1.3488601684570313e+001 5.4735519409179688e+001
  1.1506600952148437e+002 0 -1 2.6909240722656250e+002
  7.6562942504882813e+001 1.3853933334350586e+001
  3.0461355590820312e+002 1.2224859619140625e+002 0 -1
  3.5363088989257812e+002 7.7960601806640625e+001
  1.4849999427795410e+001 1.0164894866943359e+002
  4.3512496948242187e+001 0 -1 4.3247833251953125e+002
  7.7608047485351563e+001 1.4280000686645508e+001
  8.5652252197265625e+001 6.4609985351562500e+001 0 -1
  2.4472058105468750e+002 9.7330879211425781e+001
  1.4294116973876953e+001 3.4451052856445312e+002
  3.7485290527343750e+001 0 -1 2.3668269348144531e+002
  1.0124267578125000e+002 1.1612902641296387e+001
  2.0024436950683594e+002 4.2129028320312500e+001 0 -1
  2.4405091857910156e+002 1.0121893310546875e+002
  1.2690533638000488e+001 3.5134967041015625e+002
  4.2323013305664063e+001 0 -1 3.8118911743164062e+002
  1.0055054473876953e+002 1.4070295333862305e+001
  2.8684127807617187e+002 3.7080718994140625e+001 0 -1
  2.3940217590332031e+002 1.0374267578125000e+002
  1.2601644515991211e+001 2.8863272094726562e+002
  7.1309967041015625e+001 0 -1 3.8078494262695312e+002
  1.6651443481445312e+002 1.4278671264648438e+001
  2.4942474365234375e+002 3.7583786010742187e+001 0 -1
  2.3731480407714844e+002 2.0097492980957031e+002
  1.2054545402526855e+001 1.0362816619873047e+002
  5.9002273559570313e+001 0 -1 2.8084494018554687e+002
  4.6660987854003906e+001 1.9895294189453125e+001
  2.9322973632812500e+002 1.5473934936523437e+002 1 -1
  3.9625000000000000e+002 4.7820083618164063e+001
  1.8666244506835937e+001 4.0321193695068359e+001
  9.2095100402832031e+001 1 -1 399. 47. 12. 3.6758838653564453e+001 128.
  1 -1 2.6935601806640625e+002 7.2548583984375000e+001
  1.4829971313476562e+001 2.9669503784179687e+002
  1.2805419921875000e+002 1 -1 3.4593844604492188e+002
  7.7165016174316406e+001 2.0771522521972656e+001
  1.5461534118652344e+002 1.7180163574218750e+002 1 -1
  2.3883381652832031e+002 9.4082252502441406e+001
  2.0820941925048828e+001 2.8908825683593750e+002
  1.5328213500976562e+002 1 -1 2.4250000000000000e+002
  9.4500000000000000e+001 24. 3.1505386352539062e+002
  7.7111328125000000e+001 1 -1 3.8114334106445312e+002
  9.9045059204101563e+001 1.9836410522460937e+001
  3.1593566894531250e+002 3.6639183044433594e+001 1 -1
  2.3943728637695312e+002 1.0470629882812500e+002
  1.5303726196289063e+001 3.0230264282226562e+002
  7.1658859252929688e+001 1 -1 3.8069110107421875e+002
  1.6500048828125000e+002 2.0196193695068359e+001
  2.6482846069335937e+002 3.8226631164550781e+001 1 -1 238. 201. 12.
  2.0308851242065430e+001 5.5333332061767578e+001 1 -1
  2.3756608581542969e+002 2.0192504882812500e+002
  1.7181818008422852e+001 7.0432846069335938e+001
  3.7306808471679688e+001 1 -1 2.3697570800781250e+002
  2.1115847778320312e+002 1.7506446838378906e+001
  9.1837951660156250e+001 6.8083282470703125e+001 1 -1
  3.9779699707031250e+002 4.7747257232666016e+001
  2.2784320831298828e+001 4.4885921478271484e+001
  1.2342966461181641e+002 2 -1 2.0355497741699219e+002
  5.5168777465820313e+001 2.8102748870849609e+001
  3.0407415771484375e+002 6.6327026367187500e+001 2 -1
  4.3149731445312500e+002 6.3597976684570312e+001
  2.4223941802978516e+001 2.0672151184082031e+002
  9.4372497558593750e+001 2 -1 4.4349978637695312e+002
  6.1649639129638672e+001 2.7539859771728516e+001
  3.2790328979492187e+002 6.6994628906250000e+001 2 -1
  3.4764721679687500e+002 7.6349082946777344e+001
  2.8894737243652344e+001 1.5443928527832031e+002
  1.9632238769531250e+002 2 -1 4.3151525878906250e+002
  7.6285995483398438e+001 2.6759210586547852e+001
  9.9646034240722656e+001 8.4229469299316406e+001 2 -1
  2.3871099853515625e+002 9.4888671875000000e+001
  2.7411663055419922e+001 3.0930087280273437e+002
  1.6590815734863281e+002 2 -1 2.3925000000000000e+002
  1.0575000000000000e+002 18. 3.1000366210937500e+002
  6.7888671875000000e+001 2 -1 2.3912300109863281e+002
  1.4161042785644531e+002 2.7352941513061523e+001
  6.6011848449707031e+001 3.8654418945312500e+001 2 -1
  2.4050000000000000e+002 202. 36. 7.4058204650878906e+001 35. 2 -1
  2.3718339538574219e+002 2.2839286804199219e+002
  2.8354860305786133e+001 8.8590415954589844e+001
  9.0699668884277344e+001 2 -1 3.8114727783203125e+002
  2.3001148986816406e+002 2.4766769409179688e+001
  8.8254501342773438e+001 3.3742141723632813e+001 2 -1
  3.8076348876953125e+002 2.9676513671875000e+002
  2.4801286697387695e+001 8.1095642089843750e+001
  3.2331295013427734e+001 2 -1 4.4391809082031250e+002
  6.1921455383300781e+001 24. 3.5066897583007812e+002
  6.5419921875000000e+001 3 -1 4.3250000000000000e+002
  6.4500000000000000e+001 24. 1.9322941589355469e+002
  8.6777343750000000e+001 3 -1 3.4917767333984375e+002
  7.5858581542968750e+001 3.4500000000000000e+001
  1.5618809509277344e+002 2.0050000000000000e+002 3 -1
  4.3160574340820312e+002 7.5874366760253906e+001
  2.9227083206176758e+001 9.7932052612304688e+001
  8.1356986999511719e+001 3 -1 2.3768649291992187e+002
  2.0651753234863281e+002 4.1076927185058594e+001
  8.3008316040039063e+001 5.3326919555664062e+001 3 -1
  2.6956472778320312e+002 7.4440872192382812e+001
  4.7142856597900391e+001 1.7935205459594727e+001
  9.2059532165527344e+001 4 -1 350. 77. 36. 1.5110169982910156e+002
  1.9211132812500000e+002 4 -1 3.8109289550781250e+002
  1.6473667907714844e+002 4.3293666839599609e+001
  3.2295974731445312e+002 3.0469558715820313e+001 4 -1
  2.3719451904296875e+002 2.2512998962402344e+002
  5.1403274536132812e+001 8.3254203796386719e+001
  9.3785926818847656e+001 4 -1</keyPoints>
