%YAML:1.0
---
recording:
   type: VideoRecording
   recordId: Action_20180109T151235
   channelId: main
   timeStamp: "131599843556320000"
   sessionTimestamp: "0"
   width: 0
   height: 0
   frameCount: 113
   fps: 2.9969999999999999e+001
   recordingType: 2000
   frameTransformRect: [ [ -1, -1 ], [ -1, -1 ], [ -1, -1 ], [ -1, -1 ] ]
   trackingMode: 0
   segments:
      - { startFrame:0, stopFrame:106, segmentType:1000, focusFrame:-1,
          focusPoint:{ values:[ -1., -1. ], type:Vector2 }, isFragment:0 }
   framesRelTs: [ "0", "230000", "530000", "860000", "1360000",
       "1540000", "1850000", "2180000", "2510000", "2840000", "3160000",
       "3490000", "3820000", "4140000", "4490000", "4810000", "5130000",
       "5450000", "5800000", "6120000", "6460000", "6770000", "7100000",
       "7430000", "7770000", "8100000", "8420000", "8750000", "9080000",
       "9400000", "9730000", "10070000", "10390000", "10720000",
       "11040000", "11380000", "11760000", "12040000", "12360000",
       "12700000", "13030000", "13350000", "13690000", "14000000",
       "14330000", "14660000", "14980000", "15320000", "15640000",
       "15980000", "16310000", "16640000", "16970000", "17290000",
       "17620000", "17960000", "18280000", "18610000", "18940000",
       "19250000", "19590000", "19920000", "20240000", "20580000",
       "20900000", "21240000", "21560000", "21880000", "22210000",
       "22540000", "22860000", "23200000", "23530000", "23860000",
       "24180000", "24530000", "24840000", "25170000", "25510000",
       "25840000", "26170000", "26490000", "26830000", "27150000",
       "27480000", "27810000", "28140000", "28460000", "28810000",
       "29120000", "29450000", "29780000", "30120000", "30460000",
       "30770000", "31100000", "31420000", "31750000", "32090000",
       "32430000", "32760000", "33080000", "33420000", "33740000",
       "34070000", "34400000", "34730000", "35050000", "35240000",
       "35560000", "35890000", "36230000", "36540000" ]
   chunks:
      - { path:"Recordings/Action_20180109T151235/recording.avi",
          startFrameIdx:0 }
