%YAML:1.0
---
recording:
   type: VideoRecording
   recordId: Action_20171122T133339
   channelId: main
   timeStamp: "131558312197790000"
   sessionTimestamp: "0"
   width: 0
   height: 0
   frameCount: 55
   fps: 2.9969999999999999e+001
   recordingType: 2000
   frameTransformRect: [ [ -1, -1 ], [ -1, -1 ], [ -1, -1 ], [ -1, -1 ] ]
   trackingMode: 1
   segments:
      - { startFrame:0, stopFrame:48, segmentType:1000, focusFrame:-1,
          focusPoint:{ values:[ -1., -1. ], type:Vector2 }, isFragment:0 }
   framesRelTs: [ "0", "470000", "1110000", "1880000", "2870000",
       "3940000", "5000000", "5870000", "6850000", "8010000", "8980000",
       "9920000", "10900000", "11970000", "12980000", "13980000",
       "15030000", "16100000", "16940000", "18190000", "18900000",
       "19970000", "21000000", "21940000", "23050000", "24010000",
       "24970000", "25940000", "26890000", "28140000", "28940000",
       "30140000", "30890000", "31990000", "32940000", "33900000",
       "35080000", "36010000", "37200000", "37970000", "38860000",
       "40000000", "41080000", "41930000", "42860000", "44000000",
       "44920000", "45890000", "46890000", "47980000", "48950000",
       "49930000", "50880000", "52190000", "53400000" ]
   chunks:
      - { path:"Recordings/Action_20171122T133339/recording.avi",
          startFrameIdx:0 }
