<?xml version="1.0"?>
<opencv_storage>
<keyPoints>
  2.8146347045898437e+002 4.6587882995605469e+001
  1.5510638236999512e+001 3.0404516601562500e+002
  1.5309042358398437e+002 0 -1 3.9863995361328125e+002
  4.6968502044677734e+001 1.4242718696594238e+001
  3.0707534790039062e+002 1.3019540405273437e+002 0 -1
  2.7936358642578125e+002 5.2600334167480469e+001
  1.3485082626342773e+001 7.8798751831054688e+001
  5.0010391235351563e+001 0 -1 3.9735543823242187e+002
  8.2653396606445313e+001 1.6200000762939453e+001
  3.3283535766601562e+002 1.1914999389648437e+002 0 -1
  1.9208110046386719e+002 1.0731874084472656e+002
  1.4441860198974609e+001 2.5135089111328125e+002
  5.2561050415039063e+001 0 -1 4.0694577026367188e+002
  1.0734342193603516e+002 1.3285713195800781e+001
  2.7249111938476562e+002 5.7125000000000000e+001 0 -1
  4.0505923461914062e+002 1.0751612091064453e+002
  1.4707317352294922e+001 2.6663464355468750e+002
  5.7173782348632813e+001 0 -1 2.4951264953613281e+002
  1.1848348236083984e+002 1.4809183120727539e+001
  3.4198117065429687e+002 3.2904762268066406e+001 0 -1
  3.6814364624023437e+002 1.1872698211669922e+002
  1.7400001525878906e+001 2.5000447082519531e+002
  3.6075004577636719e+001 0 -1 3.2148315429687500e+002
  1.2352129364013672e+002 1.6276672363281250e+001
  2.4448266983032227e+001 6.6959426879882813e+001 0 -1
  2.4839341735839844e+002 1.7530653381347656e+002
  1.4066667556762695e+001 1.0715710639953613e+001
  5.3669448852539063e+001 0 -1 4.9786740112304687e+002
  1.7914694213867187e+002 1.3229509353637695e+001
  1.9492678833007812e+002 6.7280746459960938e+001 0 -1
  3.6359591674804687e+002 2.3251603698730469e+002
  1.4700000762939453e+001 2.0453625488281250e+002
  3.4025001525878906e+001 0 -1 2.4197940063476562e+002
  2.8732800292968750e+002 1.5521739006042480e+001
  1.6593475341796875e+002 3.5961952209472656e+001 0 -1
  3.6421749877929687e+002 2.8942202758789062e+002
  1.5889078140258789e+001 1.1942800140380859e+002
  6.2131607055664062e+001 0 -1 2.9013208007812500e+002
  3.1721270751953125e+002 1.4181818008422852e+001
  2.2801789855957031e+002 3.3454551696777344e+001 0 -1
  3.1558483886718750e+002 3.1750006103515625e+002
  1.3574720382690430e+001 2.1497465515136719e+002
  3.6808792114257813e+001 0 -1 3.2072933959960937e+002
  3.1806155395507812e+002 1.3434782981872559e+001
  3.3581268310546875e+002 3.4657615661621094e+001 0 -1
  2.9123550415039062e+002 3.2180923461914062e+002
  1.4333333015441895e+001 8.7789909362792969e+001
  6.6722213745117187e+001 0 -1 2.9303259277343750e+002
  3.2218518066406250e+002 1.3881355285644531e+001
  6.8785659790039063e+001 8.3900421142578125e+001 0 -1
  3.1631777954101562e+002 3.2164642333984375e+002
  1.3588235855102539e+001 1.2996464538574219e+002
  7.0191177368164063e+001 0 -1 3.1894467163085937e+002
  3.2233282470703125e+002 1.3767542839050293e+001
  7.5850494384765625e+001 8.7675842285156250e+001 0 -1
  2.8083282470703125e+002 4.6445602416992188e+001
  2.0420934677124023e+001 3.1203744506835937e+002
  1.6221240234375000e+002 1 -1 3.9749548339843750e+002
  4.6966491699218750e+001 2.0206548690795898e+001
  2.7236795043945312e+002 1.3119000244140625e+002 1 -1
  1.8894244384765625e+002 1.0251599121093750e+002
  1.8410573959350586e+001 2.6265469360351562e+002
  3.7973133087158203e+001 1 -1 1.9224684143066406e+002
  1.0849124145507812e+002 1.8490116119384766e+001
  2.4607040405273437e+002 5.9086029052734375e+001 1 -1
  2.9351452636718750e+002 1.0841438293457031e+002
  1.9729396820068359e+001 2.3040077209472656e+002
  4.8784622192382813e+001 1 -1 2.4761199951171875e+002
  1.7539633178710937e+002 1.7137569427490234e+001
  1.8116333007812500e+001 5.7106330871582031e+001 1 -1 498. 180. 12.
  1.9037802124023437e+002 5.8333007812500000e+001 1 -1
  2.4667575073242187e+002 2.3250000000000000e+002 24.
  3.1724185180664062e+002 6.5364257812500000e+001 1 -1
  3.6794732666015625e+002 2.3236840820312500e+002
  2.2058380126953125e+001 2.7413299560546875e+002
  6.6139007568359375e+001 1 -1 2.4450000000000000e+002
  2.5850000000000000e+002 24. 3.8873817443847656e+001
  2.2255566406250000e+002 1 -1 2.9061462402343750e+002
  3.2170837402343750e+002 1.8479385375976563e+001
  1.0735565185546875e+002 6.7030395507812500e+001 1 -1
  2.8109091186523437e+002 4.6697414398193359e+001
  2.1506782531738281e+001 3.5126046752929687e+002
  1.5883610534667969e+002 2 -1 2.0338690185546875e+002
  5.5160743713378906e+001 2.8807453155517578e+001
  3.2273483276367188e+002 5.9037517547607422e+001 2 -1
  2.4609518432617187e+002 8.3665725708007813e+001
  2.5029193878173828e+001 1.7822107315063477e+001
  1.9731938171386719e+002 2 -1 3.9718975830078125e+002
  8.4003677368164062e+001 2.6815948486328125e+001
  2.4978938293457031e+002 1.7945991516113281e+002 2 -1
  2.1283811950683594e+002 1.0062867736816406e+002
  2.6225807189941406e+001 3.3689010620117187e+002
  4.2711029052734375e+001 2 -1 1.8863296508789063e+002
  1.0311055755615234e+002 25. 3.1451620483398437e+002
  3.6041667938232422e+001 2 -1 4.0561294555664062e+002
  1.0771916198730469e+002 2.2333333969116211e+001
  2.7193984985351562e+002 5.5694438934326172e+001 2 -1
  1.9271649169921875e+002 1.0875000000000000e+002 18.
  2.4561585998535156e+002 5.3452510833740234e+001 2 -1
  2.9250000000000000e+002 112. 36. 2.3752481079101562e+002 59. 2 -1
  2.4809768676757812e+002 1.1896853637695312e+002
  2.4430747985839844e+001 3.5493521118164062e+002
  3.8013881683349609e+001 2 -1 3.6845703125000000e+002
  1.1878546905517578e+002 2.3721260070800781e+001
  2.1362080383300781e+002 4.2007141113281250e+001 2 -1
  3.6498651123046875e+002 1.1998568725585937e+002
  2.3552989959716797e+001 2.2509707641601562e+002
  3.1010332107543945e+001 2 -1 319. 121. 36. 1.5196426391601563e+001
  8.7888671875000000e+001 2 -1 3.6723455810546875e+002
  1.4411776733398437e+002 2.7567539215087891e+001
  1.2203951263427734e+002 1.8767883300781250e+002 2 -1
  3.6828936767578125e+002 1.7555781555175781e+002
  2.4278440475463867e+001 7.0157218933105469e+001
  5.3004516601562500e+001 2 -1 4.9766989135742187e+002
  1.7955755615234375e+002 2.4375976562500000e+001
  1.8278890991210937e+002 6.2039794921875000e+001 2 -1
  2.4654298400878906e+002 2.3208905029296875e+002
  2.5800941467285156e+001 3.2363385009765625e+002
  6.7577934265136719e+001 2 -1 3.6795889282226562e+002
  2.3197192382812500e+002 2.5077821731567383e+001
  2.7141790771484375e+002 6.7791526794433594e+001 2 -1
  2.4404267883300781e+002 2.5856289672851562e+002
  2.8353492736816406e+001 3.0620782852172852e+001
  2.1666638183593750e+002 2 -1 3.6718652343750000e+002
  2.5823995971679687e+002 2.8427509307861328e+001
  2.5164471435546875e+002 1.9920068359375000e+002 2 -1
  2.4623239135742187e+002 2.8888906860351562e+002
  2.3268047332763672e+001 6.8790954589843750e+001
  8.6461784362792969e+001 2 -1 3.6692208862304687e+002
  2.8873184204101562e+002 2.9379550933837891e+001
  8.7436714172363281e+001 8.3069931030273437e+001 2 -1
  2.9066098022460937e+002 3.2185543823242187e+002
  2.3571428298950195e+001 1.1357312011718750e+002
  7.5011901855468750e+001 2 -1 2.2828002929687500e+002
  5.5462280273437500e+001 3.4454925537109375e+001
  4.0692184448242188e+001 6.8758949279785156e+001 3 -1
  2.0221392822265625e+002 5.6494064331054687e+001
  3.6202533721923828e+001 4.1248157501220703e+001
  6.0002204895019531e+001 3 -1 3.9724798583984375e+002
  8.4464721679687500e+001 24. 2.5130110168457031e+002
  1.7706640625000000e+002 3 -1 2.9541485595703125e+002
  1.1291607666015625e+002 3.8250000000000000e+001
  2.6532092285156250e+002 6.3281250000000000e+001 3 -1
  3.9509051513671875e+002 1.1313557434082031e+002
  3.9489318847656250e+001 1.7425421142578125e+002
  4.1162300109863281e+001 3 -1 4.0895834350585937e+002
  1.1201974487304687e+002 35. 3.3441638183593750e+002
  3.5125000000000000e+001 3 -1 1.9516992187500000e+002
  1.1631957244873047e+002 4.2971271514892578e+001
  3.9005306243896484e+001 5.9369903564453125e+001 3 -1
  4.1750000000000000e+002 1.1750000000000000e+002 48.
