%YAML:1.0
---
recording:
   type: VideoRecording
   recordId: Action_20180109T115553
   channelId: main
   timeStamp: "131599725533170000"
   sessionTimestamp: "0"
   width: -1
   height: -1
   frameCount: 111
   fps: 2.9969999999999999e+001
   recordingType: 2000
   frameTransformRect: [ [ -1, -1 ], [ -1, -1 ], [ -1, -1 ], [ -1, -1 ] ]
   trackingMode: 0
   segments:
      - { startFrame:28, stopFrame:49, segmentType:2000, focusFrame:-1,
          focusPoint:{ values:[ -1., -1. ], type:Vector2 }, isFragment:0 }
      - { startFrame:57, stopFrame:86, segmentType:2000, focusFrame:-1,
          focusPoint:{ values:[ -1., -1. ], type:Vector2 }, isFragment:0 }
      - { startFrame:0, stopFrame:104, segmentType:1000, focusFrame:-1,
          focusPoint:{ values:[ -1., -1. ], type:Vector2 }, isFragment:0 }
   framesRelTs: [ "0", "260000", "510000", "830000", "1490000",
       "1680000", "1850000", "2150000", "2460000", "2790000", "3110000",
       "3450000", "3750000", "4090000", "4410000", "4730000", "5060000",
       "5390000", "5710000", "6030000", "6360000", "6700000", "7010000",
       "7340000", "7660000", "7980000", "8310000", "8640000", "8960000",
       "9280000", "9610000", "9930000", "10250000", "10580000",
       "10910000", "11240000", "11560000", "11890000", "12210000",
       "12530000", "12840000", "13190000", "13490000", "13820000",
       "14140000", "14480000", "14800000", "15130000", "15470000",
       "15780000", "16100000", "16440000", "16760000", "17090000",
       "17410000", "17890000", "18230000", "18550000", "18890000",
       "19210000", "19540000", "19850000", "20190000", "20510000",
       "20840000", "21150000", "21480000", "21810000", "22120000",
       "22450000", "22780000", "23100000", "23420000", "23750000",
       "24080000", "24400000", "24720000", "25060000", "25390000",
       "25700000", "26030000", "26360000", "26680000", "27020000",
       "27350000", "27670000", "27990000", "28330000", "28660000",
       "28990000", "29320000", "29640000", "29970000", "30300000",
       "30620000", "30950000", "31270000", "31590000", "31930000",
       "32250000", "32570000", "32900000", "33230000", "33540000",
       "33870000", "34180000", "34510000", "34840000", "35190000",
       "35490000", "35830000" ]
   chunks:
      - { path:"Recordings/Action_20180109T115553/recording.avi",
          startFrameIdx:0 }
