%YAML:1.0
---
chapterId: 7
title: vorderen Strang einsetzten
description: "rot nach links!"
chapterType: 2001
options:
   locationAnnotation: 1
   customActionView: 1
   customValidationView: 1
sections:
   -
      sectionId: 7000
      sectionType: 1001
      channelId: main
      distance: 1.
      startFrame: 0
      stopFrame: 9
      focusFrame: 4
      focusPoint: { values:[ 679., 269. ], type:Vector2 }
      focusPose:
         rows: 2
         cols: 2
         values: [ 0., 0., 0., 0. ]
         type: Matrix
      focusROI:
         type: "Vector2[][]"
         values:
            []
      minDurationRelTS: "0"
      animationPeriod: "0"
      recordId: Action_20171124T114933
      homography:
         rows: 3
         cols: 3
         values: [ 9.9462089641798723e-001, -6.9494848117735066e-003,
             7.8584648400216528e+000, 6.9494848117735066e-003,
             9.9462089641798723e-001, 4.3967829449157236e-001, 0., 0.,
             1. ]
         type: Matrix
      similarities:
         []
      annotations:
         -
            source: [ 640., 0. ]
            target: [ 640., 720. ]
            sourceTrackingType: 3
            targetTrackingType: 3
            opacity: 8.9999997615814209e-001
            pulsingInterval: -1.
            color: [ 0, 0, 0 ]
            fadeIn: 0.
            fadeOut: 0.
            zIndex: -10
            annotationId: 7000000
            sectionId: 7000
            layer: 1
            command: ""
            startRelTS: "0"
            runPeriod: 23
            duration: -1.
            category: InitOverlay
            type: Animation
            path: "0007/00007000/init.avi"
            maskType: 2
            maskPath: ""
            maskAnimationInterval: 1.5000000000000000e+000
            radialMaskCenter: [ 5.0000000000000000e-001,
                5.0000000000000000e-001 ]
         -
            source: [ 170., -300. ]
            target: [ 170., -150. ]
            sourceTrackingType: 5
            targetTrackingType: 5
            opacity: 8.9999997615814209e-001
            pulsingInterval: -1.
            color: [ 0, 0, 0 ]
            fadeIn: 0.
            fadeOut: 0.
            zIndex: -10
            border:
               source: [ 640., 0. ]
               target: [ 640., 720. ]
               sourceTrackingType: 8
               targetTrackingType: 8
               opacity: 1.
               pulsingInterval: -1.
               color: [ 255, 192, 0 ]
               fadeIn: 0.
               fadeOut: 0.
               zIndex: 0
               annotationId: -1
               sectionId: -1
               layer: -1
               command: ""
               startRelTS: "0"
               runPeriod: 23
               duration: -1.
               category: Custom
               type: PenStroke
               points:
                  - []
               thickness: 4
               closedLoop: 1
               interpolateStroke: 0
               outlineColor: [ 0, 0, 0, 0 ]
               stippledLine: 0
               startConnector: 0
               endConnector: 0
            annotationId: 7000001
            sectionId: 7000
            layer: 1
            command: ""
            startRelTS: "0"
            runPeriod: 23
            duration: -1.
            category: InitInstructionVideo
            type: Animation
            path: "assets-ldpi/InstructionVideos/00007000.mp4"
            maskType: 1
            maskPath: ""
            maskAnimationInterval: 1.5000000000000000e+000
            radialMaskCenter: [ 5.0000000000000000e-001,
                5.0000000000000000e-001 ]
         -
            annotationId: 7000003
            sectionId: 7000
            layer: 3
            command: ""
            startRelTS: "0"
            runPeriod: 23
            duration: -1.
            category: InstructionVideo
            type: FileAnnotation
            path: "assets/InstructionVideos/00007000.mp4"
            title: Instruction Video
            printFlag: 0
            page: 1
            thumbnail: ""
            runDirectly: 0
         -
            modelSectionId: 41000
            counterSectionId: -1
            weightMapPath: "0041/00041000/discrMask.png"
            center:
               values: [ 507., 260. ]
               type: Vector2
            errorThreshold: 5.0000000000000003e-002
            correctThreshold: 0.
            wrongThreshold: 1.
            lostCommand: ""
            failCommand: ""
            annotationId: 7000004
            sectionId: 7000
            layer: -1
            command: "renderer->command drawImageSequence&opacity=0.5&duration=0.1&fadeIn=0.5&fadeOut=0.5&trackingType=1&path=assets/misc/edit_validation.png&target=507.000000 280.000000&command=tracker->command setSection=41000"
            startRelTS: "0"
            runPeriod: 23
            duration: -1.
            category: Technical
            type: ValidationElement
         -
            modelSectionId: 40000
            counterSectionId: -1
            weightMapPath: "0040/00040000/discrMask.png"
            center:
               values: [ 708., 266. ]
               type: Vector2
            errorThreshold: 5.0000000000000003e-002
            correctThreshold: 0.
            wrongThreshold: 1.
            lostCommand: ""
            failCommand: ""
            annotationId: 7000005
            sectionId: 7000
            layer: -1
            command: "renderer->command drawImageSequence&opacity=0.5&duration=0.1&fadeIn=0.5&fadeOut=0.5&trackingType=1&path=assets/misc/edit_validation.png&target=708.000000 286.000000&command=tracker->command setSection=40000"
            startRelTS: "0"
            runPeriod: 23
            duration: -1.
            category: Technical
            type: ValidationElement
         -
            modelSectionId: 39000
            counterSectionId: -1
            weightMapPath: "0039/00039000/discrMask.png"
            center:
               values: [ 926., 279. ]
               type: Vector2
            errorThreshold: 5.0000000000000003e-002
            correctThreshold: 0.
            wrongThreshold: 1.
            lostCommand: ""
            failCommand: ""
            annotationId: 7000006
            sectionId: 7000
            layer: -1
            command: "renderer->command drawImageSequence&opacity=0.5&duration=0.1&fadeIn=0.5&fadeOut=0.5&trackingType=1&path=assets/misc/edit_validation.png&target=926.000000 299.000000&command=tracker->command setSection=39000"
            startRelTS: "0"
            runPeriod: 23
            duration: -1.
            category: Technical
            type: ValidationElement
         -
            source: [ 6.7850000000000000e+002, 0. ]
            target: [ 6.7850000000000000e+002, 720. ]
            sourceTrackingType: 3
            targetTrackingType: 3
            opacity: 8.9999997615814209e-001
            pulsingInterval: -1.
            color: [ 0, 0, 0 ]
            fadeIn: 0.
            fadeOut: 0.
            zIndex: -10
            annotationId: 7000002
            sectionId: 7000
            layer: 0
            command: ""
            startRelTS: "0"
            runPeriod: 23
            duration: -1.
            category: ProceduralOverlay
            type: Animation
            path: "0007/00007000/action.avi"
            maskType: 32
            maskPath: ""
            maskAnimationInterval: 1.5000000000000000e+000
            radialMaskCenter: [ 5.0034773349761963e-001,
                4.3680554628372192e-001 ]
   -
      sectionId: 7001
      sectionType: 2001
      channelId: main
      distance: 1.
      startFrame: 10
      stopFrame: 182
      focusFrame: 96
      focusPoint: { values:[ 679., 269. ], type:Vector2 }
      focusPose:
         rows: 2
         cols: 2
         values: [ 0., 0., 0., 0. ]
         type: Matrix
      focusROI:
         type: "Vector2[][]"
         values:
            []
      minDurationRelTS: "2000000"
      animationPeriod: "0"
