%YAML:1.0
---
recording:
   type: VideoRecording
   recordId: Action_20180109T110226
   channelId: main
   timeStamp: "131599693463910000"
   sessionTimestamp: "0"
   width: -1
   height: -1
   frameCount: 195
   fps: 2.9969999999999999e+001
   recordingType: 2000
   frameTransformRect: [ [ -1, -1 ], [ -1, -1 ], [ -1, -1 ], [ -1, -1 ] ]
   trackingMode: 1
   segments:
      - { startFrame:18, stopFrame:48, segmentType:2000, focusFrame:-1,
          focusPoint:{ values:[ -1., -1. ], type:Vector2 }, isFragment:0 }
      - { startFrame:53, stopFrame:103, segmentType:2000, focusFrame:-1,
          focusPoint:{ values:[ -1., -1. ], type:Vector2 }, isFragment:0 }
      - { startFrame:100, stopFrame:178, segmentType:2000, focusFrame:-1,
          focusPoint:{ values:[ -1., -1. ], type:Vector2 }, isFragment:0 }
      - { startFrame:0, stopFrame:188, segmentType:1000, focusFrame:-1,
          focusPoint:{ values:[ -1., -1. ], type:Vector2 }, isFragment:0 }
   framesRelTs: [ "0", "330000", "650000", "980000", "1310000",
       "1630000", "1950000", "2270000", "2600000", "2930000", "3260000",
       "3580000", "3910000", "4240000", "4570000", "4870000", "5200000",
       "5520000", "5860000", "6360000", "6570000", "6830000", "7150000",
       "7490000", "7990000", "8230000", "8470000", "8950000", "9330000",
       "9570000", "9800000", "10130000", "10460000", "10770000",
       "11100000", "11430000", "11760000", "12080000", "12400000",
       "12890000", "13210000", "13550000", "13880000", "14080000",
       "14630000", "14890000", "15190000", "15510000", "15830000",
       "16170000", "16370000", "16820000", "17140000", "17460000",
       "17790000", "18130000", "18450000", "18780000", "19100000",
       "19430000", "19760000", "20090000", "20420000", "20750000",
       "21060000", "21390000", "21720000", "22060000", "22370000",
       "22700000", "23040000", "23350000", "23680000", "24020000",
       "24350000", "24670000", "25010000", "25340000", "25650000",
       "25990000", "26190000", "26490000", "26820000", "27150000",
       "27630000", "27950000", "28270000", "28610000", "28930000",
       "29240000", "29570000", "29890000", "30230000", "30550000",
       "30870000", "31180000", "31520000", "31830000", "32160000",
       "32490000", "32800000", "33140000", "33460000", "33770000",
       "34110000", "34430000", "34750000", "35090000", "35420000",
       "35740000", "36060000", "36380000", "36730000", "37050000",
       "37370000", "37690000", "38010000", "38340000", "38660000",
       "39000000", "39330000", "39650000", "39970000", "40300000",
       "40630000", "40950000", "41270000", "41600000", "41930000",
       "42250000", "42580000", "42900000", "43230000", "43550000",
       "43880000", "44220000", "44540000", "44860000", "45190000",
       "45520000", "45840000", "46170000", "46500000", "46830000",
       "47170000", "47490000", "47820000", "48140000", "48470000",
       "48800000", "49140000", "49450000", "49760000", "50080000",
       "50410000", "50740000", "51060000", "51390000", "51710000",
       "52050000", "52370000", "52690000", "53030000", "53370000",
       "53690000", "54010000", "54330000", "54650000", "54990000",
       "55330000", "55640000", "55960000", "56290000", "56610000",
       "57110000", "57310000", "57600000", "57930000", "58260000",
       "58750000", "59070000", "59290000", "59720000", "60040000",
       "60360000", "60700000", "61030000", "61360000", "61680000",
       "62020000", "62340000", "62670000", "62990000", "63310000",
       "63640000" ]
   chunks:
      - { path:"Recordings/Action_20180109T110226/recording.avi",
          startFrameIdx:0 }
