%YAML:1.0
---
recording:
   type: VideoRecording
   recordId: Action_20180109T151410
   channelId: main
   timeStamp: "131599844507480000"
   sessionTimestamp: "0"
   width: 0
   height: 0
   frameCount: 540
   fps: 2.9969999999999999e+001
   recordingType: 2000
   frameTransformRect: [ [ -1, -1 ], [ -1, -1 ], [ -1, -1 ], [ -1, -1 ] ]
   trackingMode: 0
   segments:
      - { startFrame:355, stopFrame:376, segmentType:2000, focusFrame:-1,
          focusPoint:{ values:[ -1., -1. ], type:Vector2 }, isFragment:0 }
      - { startFrame:0, stopFrame:533, segmentType:1000, focusFrame:-1,
          focusPoint:{ values:[ -1., -1. ], type:Vector2 }, isFragment:0 }
   framesRelTs: [ "0", "260000", "510000", "820000", "1160000",
       "1470000", "1810000", "2140000", "2460000", "2790000", "3170000",
       "3460000", "3860000", "4110000", "4440000", "4760000", "5100000",
       "5430000", "5760000", "6100000", "6410000", "6750000", "7080000",
       "7430000", "7730000", "8080000", "8400000", "8730000", "9050000",
       "9380000", "9700000", "10040000", "10370000", "10690000",
       "11030000", "11350000", "11680000", "12010000", "12340000",
       "12660000", "12990000", "13330000", "13660000", "13990000",
       "14330000", "14670000", "15000000", "15330000", "15660000",
       "15980000", "16310000", "16660000", "16980000", "17290000",
       "17610000", "17970000", "18280000", "18660000", "18970000",
       "19390000", "19540000", "19760000", "20090000", "20430000",
       "20750000", "21070000", "21470000", "21730000", "22100000",
       "22400000", "22720000", "23050000", "23390000", "23720000",
       "24020000", "24360000", "24680000", "25010000", "25330000",
       "25670000", "25990000", "26320000", "26680000", "26990000",
       "27310000", "27630000", "27980000", "28300000", "28630000",
       "28960000", "29290000", "29610000", "29940000", "30270000",
       "30600000", "30920000", "31240000", "31570000", "31900000",
       "32220000", "32550000", "32890000", "33220000", "33540000",
       "33870000", "34210000", "34540000", "34870000", "35210000",
       "35530000", "35860000", "36200000", "36540000", "36840000",
       "37180000", "37520000", "37850000", "38170000", "38510000",
       "38830000", "39160000", "39490000", "39810000", "40140000",
       "40460000", "40800000", "41120000", "41450000", "41790000",
       "42190000", "42490000", "42820000", "43130000", "43440000",
       "43780000", "44100000", "44430000", "44760000", "45090000",
       "45410000", "45740000", "46070000", "46410000", "46730000",
       "47060000", "47410000", "47730000", "48040000", "48380000",
       "48710000", "49050000", "49370000", "49700000", "50030000",
       "50360000", "50690000", "51020000", "51360000", "51670000",
       "52000000", "52330000", "52670000", "52990000", "53320000",
       "53650000", "53970000", "54310000", "54630000", "54960000",
       "55290000", "55600000", "55800000", "56130000", "56470000",
       "56790000", "57120000", "57450000", "57790000", "58120000",
       "58440000", "58760000", "59100000", "59410000", "59750000",
       "60080000", "60410000", "60730000", "61060000", "61470000",
       "61730000", "62090000", "62400000", "62710000", "63040000",
       "63390000", "63710000", "64020000", "64350000", "64690000",
       "65010000", "65330000", "65710000", "66200000", "66370000",
       "66660000", "66990000", "67300000", "67630000", "67960000",
       "68290000", "68610000", "68940000", "69270000", "69610000",
       "69930000", "70250000", "70590000", "70920000", "71240000",
       "71570000", "71900000", "72300000", "72560000", "72890000",
       "73220000", "73560000", "73870000", "74200000", "74540000",
       "74860000", "75190000", "75540000", "75850000", "76180000",
       "76550000", "76860000", "77170000", "77500000", "77830000",
       "78160000", "78500000", "78820000", "79140000", "79470000",
       "79800000", "80130000", "80450000", "80780000", "81110000",
       "81430000", "81770000", "82100000", "82430000", "82750000",
       "83080000", "83400000", "83740000", "84060000", "84400000",
       "84730000", "85060000", "85380000", "85710000", "86030000",
       "86360000", "86700000", "87030000", "87360000", "87690000",
       "88010000", "88360000", "88670000", "88990000", "89340000",
       "89650000", "89970000", "90310000", "90630000", "90970000",
       "91290000", "91620000", "91940000", "92270000", "92590000",
       "92920000", "93240000", "93580000", "93910000", "94240000",
       "94570000", "94910000", "95110000", "95410000", "95890000",
       "96220000", "96540000", "96870000", "97210000", "97520000",
       "97850000", "98200000", "98530000", "98850000", "99170000",
       "99500000", "99840000", "100020000", "100340000", "100650000",
       "100990000", "101310000", "101790000", "102120000", "102330000",
       "102620000", "102950000", "103270000", "103600000", "103920000",
       "104250000", "104580000", "104910000", "105240000", "105570000",
       "105890000", "106210000", "106720000", "106900000", "107360000",
       "107690000", "107870000", "108270000", "108520000", "108840000",
       "109170000", "109710000", "109990000", "110220000", "110480000",
       "110850000", "111150000", "111470000", "111800000", "112140000",
       "112460000", "112790000", "113130000", "113460000", "113780000",
       "114120000", "114440000", "114760000", "115090000", "115430000",
       "115750000", "116070000", "116400000", "116740000", "117060000",
       "117400000", "117720000", "118050000", "118390000", "118720000",
       "119040000", "119370000", "119690000", "120020000", "120360000",
       "120690000", "121010000", "121350000", "121690000", "122000000",
       "122340000", "122670000", "123000000", "123320000", "123660000",
       "124030000", "124330000", "124720000", "125010000", "125310000",
       "125710000", "126090000", "126360000", "126650000", "126970000",
       "127290000", "127620000", "127950000", "128270000", "128600000",
       "128930000", "129250000", "129590000", "129910000", "130240000",
       "130570000", "130900000", "131230000", "131560000", "131880000",
       "132200000", "132530000", "132860000", "133190000", "133510000",
       "133850000", "134170000", "134510000", "134830000", "135150000",
       "135500000", "135830000", "136150000", "136480000", "136810000",
       "137140000", "137470000", "137800000", "138130000", "138470000",
       "138790000", "139120000", "139460000", "139780000", "140100000",
       "140430000", "140760000", "141080000", "141520000", "141770000",
       "141970000", "142240000", "142730000", "142910000", "143390000",
       "143710000", "144050000", "144370000", "144560000", "145000000",
       "145210000", "145540000", "145870000", "146200000", "146530000",
       "146860000", "147200000", "147510000", "147830000", "148170000",
       "148490000", "148820000", "149150000", "149480000", "149810000",
       "150150000", "150470000", "150790000", "151130000", "151460000",
       "151790000", "152130000", "152440000", "152760000", "153120000",
       "153430000", "153750000", "154080000", "154430000", "154730000",
       "155070000", "155390000", "155710000", "156050000", "156370000",
       "156700000", "157040000", "157350000", "157690000", "158020000",
       "158340000", "158670000", "159000000", "159330000", "159660000",
       "160000000", "160320000", "160640000", "160980000", "161370000",
       "161640000", "161980000", "162310000", "162630000", "162960000",
       "163300000", "163620000", "163940000", "164270000", "164600000",
       "164910000", "165250000", "165580000", "165900000", "166230000",
       "166560000", "166890000", "167220000", "167540000", "167870000",
       "168190000", "168520000", "168850000", "169170000", "169500000",
       "169830000", "170160000", "170500000", "170810000", "171140000",
       "171470000", "171800000", "172130000", "172460000", "172790000",
