%YAML:1.0
---
recording:
   type: VideoRecording
   recordId: Action_20171121T162635
   channelId: streamed D5803
   timeStamp: "131557551957720000"
   sessionTimestamp: "0"
   width: 0
   height: 0
   frameCount: 92
   fps: 2.9969999999999999e+001
   recordingType: 2000
   frameTransformRect: [ [ -1, -1 ], [ -1, -1 ], [ -1, -1 ], [ -1, -1 ] ]
   trackingMode: 1
   segments:
      - { startFrame:1, stopFrame:68, segmentType:2000, focusFrame:-1,
          focusPoint:{ values:[ -1., -1. ], type:Vector2 }, isFragment:0 }
      - { startFrame:0, stopFrame:85, segmentType:1000, focusFrame:-1,
          focusPoint:{ values:[ -1., -1. ], type:Vector2 }, isFragment:0 }
   framesRelTs: [ "0", "530000", "1830000", "2980000", "3840000",
       "4700000", "5450000", "6290000", "7030000", "7810000", "8690000",
       "9410000", "10210000", "10980000", "11790000", "12590000",
       "13350000", "14190000", "14970000", "15790000", "16590000",
       "17380000", "18180000", "18960000", "19800000", "20590000",
       "21440000", "22250000", "23050000", "23820000", "24620000",
       "25410000", "26240000", "27040000", "27850000", "28680000",
       "29450000", "30250000", "31030000", "31870000", "32700000",
       "33460000", "34210000", "35060000", "35830000", "36660000",
       "37680000", "38310000", "39070000", "39880000", "40730000",
       "41570000", "42400000", "43180000", "44010000", "44820000",
       "45650000", "46520000", "47280000", "48070000", "48850000",
       "49630000", "50440000", "51210000", "51980000", "52790000",
       "53610000", "54460000", "55200000", "55970000", "56770000",
       "57620000", "58370000", "59210000", "59980000", "60810000",
       "61640000", "62460000", "63270000", "64060000", "64800000",
       "65630000", "66360000", "67140000", "67970000", "68790000",
       "69580000", "70410000", "71220000", "72110000", "72920000",
       "74120000" ]
   chunks:
      - { path:"Recordings/Action_20171121T162635/recording.avi",
          startFrameIdx:0 }
