%YAML:1.0
---
recording:
   type: VideoRecording
   recordId: Action_20180109T152234
   channelId: main
   timeStamp: "131599849548270000"
   sessionTimestamp: "0"
   width: 0
   height: 0
   frameCount: 364
   fps: 2.9969999999999999e+001
   recordingType: 2000
   frameTransformRect: [ [ -1, -1 ], [ -1, -1 ], [ -1, -1 ], [ -1, -1 ] ]
   trackingMode: 0
   segments:
      - { startFrame:62, stopFrame:82, segmentType:2000, focusFrame:-1,
          focusPoint:{ values:[ -1., -1. ], type:Vector2 }, isFragment:0 }
      - { startFrame:96, stopFrame:129, segmentType:2000, focusFrame:-1,
          focusPoint:{ values:[ -1., -1. ], type:Vector2 }, isFragment:0 }
      - { startFrame:0, stopFrame:357, segmentType:1000, focusFrame:-1,
          focusPoint:{ values:[ -1., -1. ], type:Vector2 }, isFragment:0 }
   framesRelTs: [ "0", "290000", "1130000", "1340000", "1500000",
       "1690000", "1860000", "2050000", "3140000", "3320000", "3480000",
       "3670000", "3820000", "4040000", "4730000", "4910000", "5070000",
       "5230000", "5390000", "5530000", "6340000", "6490000", "6670000",
       "6830000", "6980000", "7280000", "7920000", "8080000", "8290000",
       "8610000", "8950000", "9510000", "9660000", "9930000", "10260000",
       "10580000", "11100000", "11280000", "11580000", "11910000",
       "12230000", "12690000", "12880000", "13210000", "13550000",
       "13870000", "14260000", "14530000", "14850000", "15190000",
       "15860000", "16020000", "16190000", "16490000", "16820000",
       "17490000", "17650000", "17830000", "18130000", "18460000",
       "19070000", "19250000", "19450000", "19780000", "20100000",
       "20650000", "20810000", "21090000", "21430000", "21740000",
       "22220000", "22410000", "22730000", "23060000", "23390000",
       "23760000", "24050000", "24370000", "24710000", "25020000",
       "25360000", "25690000", "26020000", "26340000", "26950000",
       "27130000", "27330000", "27660000", "27990000", "28480000",
       "28670000", "28850000", "29170000", "29490000", "30100000",
       "30250000", "30470000", "30800000", "31130000", "31670000",
       "31950000", "32260000", "32590000", "32910000", "33270000",
       "33580000", "33900000", "34230000", "34830000", "35010000",
       "35210000", "35530000", "35860000", "36410000", "36570000",
       "36850000", "37190000", "37370000", "38010000", "38190000",
       "38490000", "38820000", "39000000", "39570000", "39800000",
       "40130000", "40470000", "40650000", "41140000", "41300000",
       "41610000", "41950000", "42260000", "42740000", "42930000",
       "43240000", "43570000", "43900000", "44300000", "44570000",
       "44890000", "45220000", "45550000", "45940000", "46230000",
       "46540000", "46870000", "47520000", "47670000", "47870000",
       "48190000", "48510000", "49060000", "49230000", "49500000",
       "49830000", "50150000", "50650000", "50830000", "51140000",
       "51470000", "51800000", "52220000", "52450000", "52780000",
       "53110000", "53430000", "53780000", "54090000", "54420000",
       "54750000", "55380000", "55540000", "55750000", "56070000",
       "56410000", "56930000", "57110000", "57380000", "57720000",
       "58030000", "58500000", "58710000", "59020000", "59350000",
       "59690000", "60070000", "60330000", "60670000", "60990000",
       "61580000", "61740000", "61970000", "62310000", "62640000",
       "63170000", "63330000", "63620000", "63950000", "64270000",
       "64730000", "64930000", "65250000", "65580000", "65910000",
       "66320000", "66570000", "66900000", "67230000", "67550000",
       "67900000", "68230000", "68540000", "68870000", "69510000",
       "69670000", "69890000", "70220000", "70540000", "71070000",
       "71250000", "71540000", "71880000", "72190000", "72670000",
       "72850000", "73170000", "73500000", "73830000", "74250000",
       "74490000", "74800000", "75140000", "75460000", "75810000",
       "76130000", "76440000", "76780000", "77380000", "77550000",
       "77750000", "78080000", "78420000", "78950000", "79110000",
       "79400000", "79740000", "80060000", "80540000", "80720000",
       "81060000", "81390000", "81710000", "82100000", "82380000",
       "82690000", "83030000", "83350000", "83710000", "84030000",
       "84200000", "84530000", "84990000", "85330000", "85660000",
       "85870000", "86150000", "86480000", "86920000", "87130000",
       "87460000", "87800000", "88130000", "88480000", "88800000",
       "89110000", "89430000", "90030000", "90190000", "90410000",
       "90740000", "91070000", "91560000", "91740000", "92050000",
       "92390000", "92720000", "93120000", "93370000", "93700000",
       "94030000", "94680000", "94840000", "95030000", "95350000",
       "95670000", "96220000", "96390000", "96670000", "97000000",
       "97320000", "97800000", "98000000", "98300000", "98640000",
       "98970000", "99370000", "99630000", "99940000", "100270000",
       "100870000", "101040000", "101260000", "101580000", "101910000",
       "102410000", "102590000", "102900000", "103230000", "103560000",
       "103940000", "104210000", "104540000", "104860000", "105480000",
       "105650000", "105860000", "106170000", "106500000", "107030000",
       "107210000", "107490000", "107820000", "108130000", "108580000",
       "108790000", "109120000", "109450000", "109780000", "110150000",
       "110440000", "110770000", "111090000", "111690000", "111850000",
       "112080000", "112400000", "112730000", "113280000", "113460000",
       "113710000", "114050000", "114370000", "114860000", "115040000",
       "115360000", "115680000", "116030000", "116430000", "116680000",
       "117000000", "117320000", "117940000", "119180000" ]
   chunks:
      - { path:"Recordings/Action_20180109T152234/recording.avi",
          startFrameIdx:0 }
