%YAML:1.0
---
recording:
   type: VideoRecording
   recordId: Action_20171124T114544
   channelId: main
   timeStamp: "131559975454340000"
   sessionTimestamp: "0"
   width: -1
   height: -1
   frameCount: 116
   fps: 2.9969999999999999e+001
   recordingType: 2000
   frameTransformRect: [ [ -1, -1 ], [ -1, -1 ], [ -1, -1 ], [ -1, -1 ] ]
   trackingMode: 1
   segments:
      - { startFrame:0, stopFrame:109, segmentType:1000, focusFrame:-1,
          focusPoint:{ values:[ -1., -1. ], type:Vector2 }, isFragment:0 }
   framesRelTs: [ "0", "190000", "320000", "460000", "590000", "1430000",
       "1560000", "1700000", "1840000", "1960000", "2090000", "2210000",
       "2370000", "2480000", "2920000", "3240000", "3560000", "3880000",
       "4200000", "4530000", "4840000", "5160000", "5490000", "5830000",
       "6160000", "6450000", "7040000", "7360000", "7640000", "7890000",
       "8210000", "8520000", "8840000", "9160000", "9490000", "9800000",
       "10120000", "10440000", "10760000", "11250000", "11560000",
       "11880000", "12200000", "12530000", "12840000", "13170000",
       "13490000", "13970000", "14280000", "14610000", "14930000",
       "15250000", "15570000", "15880000", "16200000", "16520000",
       "17000000", "17320000", "17640000", "17970000", "18280000",
       "18600000", "18920000", "19250000", "19560000", "19890000",
       "20200000", "20520000", "20960000", "21350000", "21660000",
       "21960000", "22280000", "22600000", "22920000", "23240000",
       "23560000", "23880000", "24200000", "24520000", "24850000",
       "25330000", "25650000", "25960000", "26280000", "26600000",
       "26920000", "27250000", "27560000", "27880000", "28200000",
       "28530000", "28840000", "29320000", "29650000", "29960000",
       "30280000", "30600000", "30920000", "31240000", "31560000",
       "31890000", "32200000", "32520000", "32850000", "33160000",
       "33640000", "33960000", "34290000", "34600000", "34920000",
       "35250000", "35560000", "35880000", "36210000", "36750000" ]
   chunks:
      - { path:"Recordings/Action_20171124T114544/recording.avi",
          startFrameIdx:0 }
