%YAML:1.0
---
recording:
   type: VideoRecording
   recordId: Action_20180117T143451
   channelId: main
   timeStamp: "131606732914150000"
   sessionTimestamp: "0"
   width: 0
   height: 0
   frameCount: 135
   fps: 2.9969999999999999e+001
   recordingType: 2000
   frameTransformRect: [ [ -1, -1 ], [ -1, -1 ], [ -1, -1 ], [ -1, -1 ] ]
   trackingMode: 0
   segments:
      - { startFrame:36, stopFrame:64, segmentType:2000, focusFrame:-1,
          focusPoint:{ values:[ -1., -1. ], type:Vector2 }, isFragment:0 }
      - { startFrame:0, stopFrame:128, segmentType:1000, focusFrame:-1,
          focusPoint:{ values:[ -1., -1. ], type:Vector2 }, isFragment:0 }
   framesRelTs: [ "0", "240000", "560000", "880000", "1190000",
       "1530000", "1870000", "2190000", "2520000", "2840000", "3170000",
       "3510000", "3840000", "4170000", "4500000", "4830000", "5170000",
       "5510000", "5830000", "6170000", "6490000", "6810000", "7140000",
       "7460000", "7790000", "8120000", "8450000", "8790000", "9110000",
       "9430000", "9740000", "10070000", "10410000", "10750000",
       "11060000", "11390000", "11720000", "12050000", "12380000",
       "12700000", "13030000", "13390000", "13710000", "14020000",
       "14350000", "14680000", "15010000", "15330000", "15650000",
       "15990000", "16320000", "16640000", "16960000", "17290000",
       "17620000", "17960000", "18280000", "18610000", "18930000",
       "19250000", "19580000", "19910000", "20240000", "20570000",
       "20880000", "21210000", "21540000", "21860000", "22190000",
       "22520000", "22840000", "23170000", "23490000", "23820000",
       "24150000", "24500000", "24810000", "25130000", "25460000",
       "25800000", "26120000", "26460000", "26780000", "27100000",
       "27430000", "27760000", "28080000", "28420000", "28730000",
       "29080000", "29410000", "29730000", "30050000", "30380000",
       "30710000", "31050000", "31360000", "31700000", "32020000",
       "32350000", "32680000", "33010000", "33320000", "33650000",
       "33970000", "34300000", "34630000", "34950000", "35280000",
       "35600000", "35940000", "36260000", "36590000", "36920000",
       "37260000", "37580000", "37900000", "38230000", "38560000",
       "38880000", "39200000", "39520000", "39850000", "40180000",
       "40500000", "40840000", "41160000", "41480000", "41820000",
       "42130000", "42470000", "42800000", "43130000", "43460000",
       "43860000" ]
   chunks:
      - { path:"Recordings/Action_20180117T143451/recording.avi",
          startFrameIdx:0 }
