%YAML:1.0
---
recording:
   type: VideoRecording
   recordId: Action_20171122T125708
   channelId: main
   timeStamp: "131558290283750000"
   sessionTimestamp: "0"
   width: -1
   height: -1
   frameCount: 93
   fps: 2.9969999999999999e+001
   recordingType: 2000
   frameTransformRect: [ [ -1, -1 ], [ -1, -1 ], [ -1, -1 ], [ -1, -1 ] ]
   trackingMode: 1
   segments:
      - { startFrame:14, stopFrame:34, segmentType:2000, focusFrame:-1,
          focusPoint:{ values:[ -1., -1. ], type:Vector2 }, isFragment:0 }
      - { startFrame:0, stopFrame:86, segmentType:1000, focusFrame:-1,
          focusPoint:{ values:[ -1., -1. ], type:Vector2 }, isFragment:0 }
   framesRelTs: [ "0", "820000", "1560000", "5320000", "6220000",
       "8190000", "9170000", "10790000", "12070000", "13410000",
       "14890000", "15700000", "16570000", "17350000", "18070000",
       "18820000", "19430000", "19980000", "20640000", "21280000",
       "21850000", "22390000", "23130000", "23730000", "24340000",
       "24880000", "25460000", "26030000", "26610000", "27180000",
       "27820000", "28400000", "28910000", "29500000", "30020000",
       "30550000", "31090000", "31530000", "32090000", "32600000",
       "33240000", "33920000", "34520000", "35050000", "35560000",
       "36220000", "36700000", "37320000", "37930000", "38490000",
       "38990000", "39480000", "40030000", "40550000", "41180000",
       "41840000", "42450000", "42970000", "43630000", "44180000",
       "44730000", "45280000", "45840000", "46460000", "47020000",
       "47620000", "48180000", "48750000", "49260000", "49820000",
       "50370000", "51020000", "51490000", "52170000", "52690000",
       "53260000", "53850000", "54410000", "55020000", "55620000",
       "56140000", "56680000", "57150000", "57740000", "58250000",
       "58760000", "59350000", "59960000", "60560000", "61150000",
       "61710000", "62400000", "63120000" ]
   chunks:
      - { path:"Recordings/Action_20171122T125708/recording.avi",
          startFrameIdx:0 }
