<?xml version="1.0"?>
<opencv_storage>
<keyPoints>
  2.7185144042968750e+002 2.5490381240844727e+001
  1.5347702980041504e+001 9.0079406738281250e+001
  3.4236816406250000e+001 0 -1 3.1065213012695312e+002
  2.6314292907714844e+001 1.2199999809265137e+001
  8.6572135925292969e+001 5.1025009155273438e+001 0 -1
  3.1472726440429687e+002 2.6981761932373047e+001
  1.1181818008422852e+001 8.1138488769531250e+001
  3.2306816101074219e+001 0 -1 4.1123690795898437e+002
  2.7079319000244141e+001 1.2375000000000000e+001
  8.8072723388671875e+001 4.8093750000000000e+001 0 -1
  2.6720480346679688e+002 2.7938627243041992e+001
  1.3856148719787598e+001 8.9191734313964844e+001
  6.6956115722656250e+001 0 -1 3.9155770874023437e+002
  2.7988182067871094e+001 1.3754716873168945e+001
  9.4782226562500000e+001 6.0266510009765625e+001 0 -1
  4.1588320922851562e+002 2.7695091247558594e+001
  1.2716613769531250e+001 8.5712249755859375e+001
  3.0195747375488281e+001 0 -1 2.2586932373046875e+002
  2.9582727432250977e+001 1.3105484962463379e+001
  9.4772598266601563e+001 4.1474685668945313e+001 0 -1
  2.5968243408203125e+002 2.9941877365112305e+001
  1.1727272987365723e+001 8.5601341247558594e+001
  3.7056823730468750e+001 0 -1 2.7534771728515625e+002
  2.9687452316284180e+001 1.3619851112365723e+001
  9.4053680419921875e+001 3.7389579772949219e+001 0 -1
  4.1407714843750000e+002 2.9981819152832031e+001
  1.1399999618530273e+001 8.3307632446289063e+001
  3.3174995422363281e+001 0 -1 4.1895379638671875e+002
  3.1784772872924805e+001 1.2818181991577148e+001
  8.2289466857910156e+001 3.0204544067382812e+001 0 -1
  3.7460131835937500e+002 4.2271358489990234e+001
  1.4411765098571777e+001 1.9903578186035156e+002
  5.9120101928710937e+001 0 -1 3.9737713623046875e+002
  4.4822299957275391e+001 1.6090909957885742e+001
  3.1079891967773437e+002 1.4545455932617187e+002 0 -1
  2.8346389770507812e+002 4.9985702514648438e+001
  1.4099999427795410e+001 2.4993131637573242e+001
  4.5449996948242188e+001 0 -1 2.5089942932128906e+002
  8.1091812133789063e+001 1.3444444656372070e+001
  3.4874279785156250e+002 3.1782409667968750e+001 0 -1
  4.0182598876953125e+002 8.5858108520507813e+001
  1.3263156890869141e+001 1.1968412399291992e+001
  3.6842102050781250e+001 0 -1 2.1579147338867187e+002
  1.0171580505371094e+002 1.3333333969116211e+001
  2.7598815917968750e+002 5.2333343505859375e+001 0 -1
  3.9208914184570312e+002 1.0384722137451172e+002
  1.5666666984558105e+001 2.2438302612304687e+002
  3.7361106872558594e+001 0 -1 3.9486465454101562e+002
  1.0314522552490234e+002 1.2135014533996582e+001
  2.4927233886718750e+002 3.6230987548828125e+001 0 -1
  4.2246029663085937e+002 1.0352678680419922e+002
  1.3475667953491211e+001 2.9718841552734375e+002
  6.0027359008789063e+001 0 -1 4.2048419189453125e+002
  1.0414088439941406e+002 1.5299999237060547e+001
  2.9567956542968750e+002 3.7025001525878906e+001 0 -1
  2.1149140930175781e+002 1.0582260131835937e+002
  1.2702203750610352e+001 2.6444036865234375e+002
  3.9653915405273438e+001 0 -1 2.4325000000000000e+002
  1.0975000000000000e+002 18. 4.8542404174804687e+000
  5.3888671875000000e+001 0 -1 2.4571234130859375e+002 113.
  1.4600000381469727e+001 3.5093411254882812e+002
  3.4816665649414063e+001 0 -1 4.2230078125000000e+002
  1.2343850708007812e+002 1.4755102157592773e+001
  3.9296871185302734e+001 7.6165817260742187e+001 0 -1
  2.4918324279785156e+002 1.2894526672363281e+002
  1.4156092643737793e+001 3.5191552734375000e+002
  4.6138504028320313e+001 0 -1 3.6463488769531250e+002
  1.2998684692382812e+002 1.2671072006225586e+001
  3.5113845825195312e+002 3.4105522155761719e+001 0 -1
  3.7233923339843750e+002 1.3019744873046875e+002
  1.3190194129943848e+001 3.5645397949218750e+002
  3.0908782958984375e+001 0 -1 3.7475701904296875e+002
  1.3033729553222656e+002 1.1918897628784180e+001
  3.9651613235473633e+000 3.7998497009277344e+001 0 -1
  2.4624118041992187e+002 1.5459138488769531e+002
  1.4897119522094727e+001 8.6909427642822266e+000
  3.5046318054199219e+001 0 -1 2.4896559143066406e+002
  1.5442460632324219e+002 13. 1.4653978347778320e+001
  4.9708328247070313e+001 0 -1 3.7407800292968750e+002
  1.5517718505859375e+002 1.2076923370361328e+001
  3.5948297119140625e+002 3.2003204345703125e+001 0 -1
  2.4560372924804687e+002 1.7051167297363281e+002
  1.3682926177978516e+001 3.5802572631835937e+002
  3.6612808227539062e+001 0 -1 2.4566244506835937e+002
  1.7160581970214844e+002 1.3285713195800781e+001
  3.5615762329101563e+002 3.9125000000000000e+001 0 -1
  4.9073892211914062e+002 1.7193275451660156e+002
  1.0358489990234375e+001 4.8966957092285156e+001
  4.8983489990234375e+001 0 -1 4.7200354003906250e+002
  1.8261326599121094e+002 1.3578947067260742e+001
  2.1149423217773437e+002 3.4315780639648437e+001 0 -1
  2.3618696594238281e+002 1.9205601501464844e+002
  1.3914302825927734e+001 6.7014678955078125e+001
  3.8630096435546875e+001 0 -1 2.4825572204589844e+002
  1.9205105590820312e+002 1.3137929916381836e+001
  1.0251501083374023e+001 3.2521545410156250e+001 0 -1
  3.6544351196289062e+002 1.9164807128906250e+002
  1.4050445556640625e+001 7.6930522918701172e+000
  3.1318069458007813e+001 0 -1 3.7357934570312500e+002
  1.9270324707031250e+002 1.4969790458679199e+001
  1.0094375610351562e+000 3.2708534240722656e+001 0 -1
  2.4848020935058594e+002 2.0785321044921875e+002
  1.3714286804199219e+001 3.5456936645507812e+002
  3.2142860412597656e+001 0 -1 2.4486314392089844e+002
  2.0898574829101562e+002 1.2666666984558105e+001
  3.4801361083984375e+002 3.3222221374511719e+001 0 -1
  2.6174176025390625e+002 2.0984384155273437e+002
  1.2714285850524902e+001 1.4774076843261719e+002
  3.4297622680664062e+001 0 -1 3.7049682617187500e+002
  2.1000909423828125e+002 1.1850000381469727e+001
  3.2839230346679687e+002 3.1012504577636719e+001 0 -1
  4.7269366455078125e+002 2.1193432617187500e+002
  1.2368421554565430e+001 2.5906359863281250e+002
  6.4107467651367188e+001 0 -1 2.4544252014160156e+002
  2.2821453857421875e+002 1.3349999427795410e+001
  4.3906521797180176e+000 3.6012496948242188e+001 0 -1
  3.7057067871093750e+002 2.2930076599121094e+002
  1.3650000572204590e+001 1.1110737800598145e+001
  3.3512496948242188e+001 0 -1 3.7054272460937500e+002
  2.3056312561035156e+002 1.3500000000000000e+001
  1.0129179954528809e+001 3.2250000000000000e+001 0 -1
  3.7374914550781250e+002 2.4061459350585937e+002
  1.4555555343627930e+001 4.2257275581359863e+000
  3.3449073791503906e+001 0 -1 2.4870458984375000e+002
  2.4564926147460937e+002 1.2165839195251465e+001
  3.5419613647460937e+002 3.2103668212890625e+001 0 -1
  2.4241276550292969e+002 2.8468218994140625e+002
  1.5166666030883789e+001 3.5138449096679687e+002
  4.6013885498046875e+001 0 -1 4.5891995239257812e+002
  2.8623529052734375e+002 1.4969104766845703e+001
  1.7760749816894531e+002 3.2461448669433594e+001 0 -1
  2.4462899780273438e+002 2.8742825317382812e+002
  1.4337544441223145e+001 3.3738876342773437e+002
  3.7172912597656250e+001 0 -1 3.7042816162109375e+002
  2.8691217041015625e+002 1.2473684310913086e+001
  2.0378156661987305e+001 3.5177627563476562e+001 0 -1
  2.4470930480957031e+002 2.8856372070312500e+002
  1.3744185447692871e+001 3.3390447998046875e+002
  3.9816864013671875e+001 0 -1 3.6069198608398437e+002
  2.9958020019531250e+002 1.2931034088134766e+001
  2.5904571533203125e+002 3.0349136352539063e+001 0 -1
  2.9291055297851562e+002 3.1832720947265625e+002
  1.4500000000000000e+001 3.1961181640625000e+002
  3.2041667938232422e+001 0 -1 2.9091897583007812e+002
  3.1991552734375000e+002 1.1833333015441895e+001
  3.2607440185546875e+002 4.2013885498046875e+001 0 -1
  3.1646133422851562e+002 3.1993356323242187e+002 12.
  4.9618649482727051e+000 36. 0 -1 2.9265130615234375e+002
  3.2189239501953125e+002 1.1399999618530273e+001
  4.8812661170959473e+000 5.7174995422363281e+001 0 -1
  3.1816198730468750e+002 3.2179748535156250e+002
  1.2882352828979492e+001 2.9354490280151367e+001
