%YAML:1.0
---
recording:
   type: VideoRecording
   recordId: Action_20180109T110139
   channelId: main
   timeStamp: "131599692999740000"
   sessionTimestamp: "0"
   width: -1
   height: -1
   frameCount: 164
   fps: 2.9969999999999999e+001
   recordingType: 2000
   frameTransformRect: [ [ -1, -1 ], [ -1, -1 ], [ -1, -1 ], [ -1, -1 ] ]
   trackingMode: 1
   segments:
      - { startFrame:123, stopFrame:144, segmentType:2000, focusFrame:-1,
          focusPoint:{ values:[ -1., -1. ], type:Vector2 }, isFragment:0 }
      - { startFrame:0, stopFrame:157, segmentType:1000, focusFrame:-1,
          focusPoint:{ values:[ -1., -1. ], type:Vector2 }, isFragment:0 }
   framesRelTs: [ "0", "290000", "510000", "1030000", "1210000",
       "1390000", "1680000", "1870000", "2060000", "2380000", "2710000",
       "2910000", "3200000", "3540000", "3860000", "4190000", "4520000",
       "4860000", "5190000", "5510000", "5840000", "6160000", "6490000",
       "6810000", "7150000", "7470000", "7810000", "8130000", "8450000",
       "8790000", "9110000", "9440000", "9770000", "10100000",
       "10430000", "10740000", "11070000", "11400000", "11730000",
       "12060000", "12390000", "12720000", "13030000", "13360000",
       "13850000", "14070000", "14370000", "14720000", "15080000",
       "15420000", "15770000", "16100000", "16450000", "16790000",
       "17090000", "17410000", "17610000", "17910000", "18230000",
       "18760000", "19090000", "19280000", "19550000", "19870000",
       "20200000", "20510000", "20850000", "21170000", "21490000",
       "21820000", "22150000", "22480000", "22790000", "23110000",
       "23430000", "23740000", "24040000", "24500000", "24790000",
       "25100000", "25430000", "25730000", "26020000", "26340000",
       "26650000", "26960000", "27250000", "27700000", "28030000",
       "28320000", "28620000", "28930000", "29230000", "29540000",
       "29980000", "30320000", "30630000", "30960000", "31280000",
       "31600000", "31930000", "32240000", "32560000", "32880000",
       "33200000", "33520000", "33860000", "34180000", "34510000",
       "34840000", "35140000", "35480000", "35800000", "36130000",
       "36450000", "36780000", "37080000", "37420000", "37770000",
       "38050000", "38370000", "38700000", "39170000", "39500000",
       "39830000", "40140000", "40460000", "40790000", "41110000",
       "41450000", "41760000", "42070000", "42410000", "42720000",
       "43030000", "43360000", "43670000", "44000000", "44330000",
       "44630000", "44950000", "45290000", "45600000", "45940000",
       "46270000", "46580000", "46900000", "47240000", "47540000",
       "47880000", "48350000", "48680000", "49010000", "49330000",
       "49650000", "49980000", "50310000", "50630000", "50930000",
       "51270000", "51580000", "51890000", "52230000", "52550000" ]
   chunks:
      - { path:"Recordings/Action_20180109T110139/recording.avi",
          startFrameIdx:0 }
