<?xml version="1.0"?>
<opencv_storage>
<keyPoints>
  2.8153308105468750e+002 4.6604972839355469e+001
  1.5363636016845703e+001 3.0586502075195312e+002
  1.5355682373046875e+002 0 -1 3.9865118408203125e+002
  4.6937633514404297e+001 1.4309734344482422e+001
  3.0900396728515625e+002 1.3437277221679687e+002 0 -1
  2.7944183349609375e+002 5.2643600463867187e+001
  1.3538000106811523e+001 7.5327873229980469e+001
  4.5787521362304688e+001 0 -1 2.9374612426757812e+002
  1.0658795928955078e+002 1.3803169250488281e+001
  2.4521633911132812e+002 3.5326011657714844e+001 0 -1
  1.9235693359375000e+002 1.0742156982421875e+002
  1.4384614944458008e+001 2.5587454223632812e+002
  4.9080123901367188e+001 0 -1 2.0063282775878906e+002
  1.0690888214111328e+002 1.1651163101196289e+001
  2.8664956665039063e+002 3.2072677612304688e+001 0 -1
  2.0343737792968750e+002 1.0657858276367187e+002
  1.1200249671936035e+001 2.9851034545898437e+002
  4.0089088439941406e+001 0 -1 4.0697650146484375e+002
  1.0742964935302734e+002 1.3269231796264648e+001
  2.6992700195312500e+002 5.9163452148437500e+001 0 -1
  4.0491607666015625e+002 1.0761343383789062e+002
  1.4375000000000000e+001 2.6363806152343750e+002
  6.2760406494140625e+001 0 -1 2.2043927001953125e+002
  1.1750238800048828e+002 15. 3.4358074951171875e+002
  3.3625000000000000e+001 0 -1 2.3825962829589844e+002
  1.5485960388183594e+002 1.4314285278320313e+001
  3.5991043090820312e+002 4.5603561401367188e+001 0 -1
  3.6157165527343750e+002 1.5597283935546875e+002
  1.3920763015747070e+001 1.5387414550781250e+002
  4.0941360473632813e+001 0 -1 243. 1.9675000000000000e+002 18.
  3.0334515380859375e+002 103. 0 -1 2.4325000000000000e+002
  1.9675000000000000e+002 18. 3.0767883300781250e+002
  1.1744433593750000e+002 0 -1 3.6775000000000000e+002
  1.9675000000000000e+002 18. 2.9921417236328125e+002
  7.1444335937500000e+001 0 -1 3.6971893310546875e+002
  1.9641433715820312e+002 1.4363031387329102e+001
  3.0830850219726562e+002 4.8516204833984375e+001 0 -1
  2.3746037292480469e+002 1.9642864990234375e+002
  1.4088755607604980e+001 2.1145367431640625e+002
  6.1511627197265625e+001 0 -1 2.4833325195312500e+002
  1.9666572570800781e+002 1.3151351928710938e+001
  3.3541687011718750e+002 8.8569976806640625e+001 0 -1
  3.6293786621093750e+002 1.9762815856933594e+002
  1.3380952835083008e+001 2.0720509338378906e+002
  6.7668655395507812e+001 0 -1 3.7407168579101562e+002
  1.9688978576660156e+002 1.4700000762939453e+001
  3.3915707397460937e+002 6.1050003051757813e+001 0 -1
  2.3807810974121094e+002 1.9942399597167969e+002
  1.3182269096374512e+001 1.7765490722656250e+002
  6.7946929931640625e+001 0 -1 3.6475469970703125e+002
  2.0019532775878906e+002 1.0250000000000000e+001
  1.7010533142089844e+002 3.2020835876464844e+001 0 -1
  2.3908706665039062e+002 2.0208152770996094e+002
  1.1685714721679688e+001 1.3527731323242187e+002
  7.0144073486328125e+001 0 -1 2.4736007690429687e+002
  2.0217544555664062e+002 1.1962963104248047e+001
  3.5632965087890625e+001 7.0001541137695312e+001 0 -1
  3.6233380126953125e+002 2.0444134521484375e+002
  1.3588235855102539e+001 1.3151750183105469e+002
  3.6191177368164063e+001 0 -1 3.7453338623046875e+002
  2.0469000244140625e+002 1.4280000686645508e+001
  3.7854480743408203e+001 3.2804992675781250e+001 0 -1
  3.7042749023437500e+002 2.0472200012207031e+002
  1.1346534729003906e+001 6.3817817687988281e+001
  4.3049514770507813e+001 0 -1 2.3851867675781250e+002
  2.7149453735351562e+002 1.3986605644226074e+001
  1.1505030059814453e+002 3.3188652038574219e+001 0 -1
  3.6203662109375000e+002 2.7206988525390625e+002
  1.3838708877563477e+001 6.5967010498046875e+001
  3.7455642700195313e+001 0 -1 3.7348870849609375e+002
  2.7186569213867187e+002 1.3181818008422852e+001
  5.5758895874023437e+000 3.2640151977539063e+001 0 -1
  2.4573847961425781e+002 2.8850848388671875e+002
  1.4032257080078125e+001 5.8606704711914063e+001
  3.1778213500976563e+001 0 -1 2.9040383911132812e+002
  3.1722369384765625e+002 1.3571428298950195e+001
  2.2751205444335937e+002 3.0720237731933594e+001 0 -1
  3.1562249755859375e+002 3.1755191040039062e+002
  1.3352661132812500e+001 2.1193705749511719e+002
  3.4648704528808594e+001 0 -1 2.9155905151367187e+002
  3.2236984252929687e+002 1.4513513565063477e+001
  8.0099212646484375e+001 5.9246627807617188e+001 0 -1
  2.9343826293945312e+002 3.2232568359375000e+002
  1.2784615516662598e+001 6.3253761291503906e+001
  7.7555770874023437e+001 0 -1 318. 3.2275000000000000e+002 18.
  6.4489410400390625e+001 58. 0 -1 3.1891833496093750e+002
  3.2237316894531250e+002 1.3845008850097656e+001
  7.2306045532226563e+001 8.3220214843750000e+001 0 -1
  3.9051489257812500e+002 2.8664638519287109e+001
  1.5857142448425293e+001 9.3010581970214844e+001
  3.0446428298950195e+001 1 -1 2.8084475708007812e+002
  4.6466857910156250e+001 2.0926122665405273e+001
  3.1072814941406250e+002 1.5862202453613281e+002 1 -1
  3.9760778808593750e+002 4.7030944824218750e+001 21.
  2.7885556030273437e+002 1.3181835937500000e+002 1 -1
  1.8906895446777344e+002 1.0252430725097656e+002
  1.7628250122070312e+001 2.6928112792968750e+002
  3.9676715850830078e+001 1 -1 3.0541882324218750e+002
  1.0658430480957031e+002 1.5780266761779785e+001
  2.7311557006835937e+002 3.1101287841796875e+001 1 -1
  1.9216397094726562e+002 1.0851141357421875e+002
  1.7811210632324219e+001 2.5099307250976562e+002
  5.9014907836914062e+001 1 -1 2.9344653320312500e+002
  1.0834030151367187e+002 1.9216989517211914e+001
  2.3066865539550781e+002 4.9484542846679688e+001 1 -1
  2.4450000000000000e+002 1.1250000000000000e+002 24.
  3.1609224319458008e+001 4.9111328125000000e+001 1 -1
  2.4536572265625000e+002 1.1315072631835938e+002
  1.9503715515136719e+001 3.3728446960449219e+001
  3.8533996582031250e+001 1 -1 3.6557434082031250e+002
  1.1425000000000000e+002 1.8097221374511719e+001
  2.0654069519042969e+002 3.6932754516601563e+001 1 -1
  2.4097662353515625e+002 1.7124832153320312e+002
  1.8617860794067383e+001 3.0603237915039062e+002
  3.9767395019531250e+001 1 -1 3.6552032470703125e+002
  1.7171365356445312e+002 1.9013862609863281e+001
  3.1142114257812500e+002 3.7173889160156250e+001 1 -1
  2.3744430541992187e+002 1.9646026611328125e+002
  1.6636363983154297e+001 2.1099113464355469e+002
  5.6852279663085938e+001 1 -1 3.6287326049804687e+002
  1.9776206970214844e+002 1.2969351768493652e+001
  2.0651303100585937e+002 6.1615776062011719e+001 1 -1
  3.5798229980468750e+002 1.9894448852539062e+002
  1.7575157165527344e+001 1.8070086669921875e+002
  1.0813662719726562e+002 1 -1 2.3686380004882812e+002
  2.0353616333007813e+002 1.6548387527465820e+001
  1.3273759460449219e+002 3.4907257080078125e+001 1 -1
  2.4281910705566406e+002 2.0356689453125000e+002
  1.8445541381835937e+001 7.0568588256835938e+001
  1.1154106140136719e+002 1 -1 3.7147235107421875e+002
  2.7191729736328125e+002 1.8272727966308594e+001
  3.5739538574218750e+002 3.2011360168457031e+001 1 -1
  2.4278927612304687e+002 2.8625296020507812e+002
  2.1752084732055664e+001 7.1954597473144531e+001
  4.6953750610351563e+001 1 -1 2.4254141235351562e+002
  2.8863629150390625e+002 2.3090270996093750e+001
  7.4799118041992188e+001 4.9197967529296875e+001 1 -1
  3.6557492065429687e+002 2.8865792846679687e+002
  1.9292236328125000e+001 6.7408302307128906e+001
  3.8860824584960938e+001 1 -1 3.1549163818359375e+002
  3.1766656494140625e+002 1.6320640563964844e+001
  2.8252160644531250e+002 3.3301349639892578e+001 1 -1
  2.8119250488281250e+002 4.6740661621093750e+001
  2.1176002502441406e+001 3.0968984985351562e+002
  1.5720484924316406e+002 2 -1 3.9785778808593750e+002
  4.7280941009521484e+001 21. 2.8112304687500000e+002
  1.3104167175292969e+002 2 -1 2.2942184448242187e+002
  5.5317619323730469e+001 2.8375110626220703e+001
  3.2702230834960937e+002 7.0569862365722656e+001 2 -1
  2.0352357482910156e+002 5.5044754028320312e+001
  2.8619255065917969e+001 3.2158843994140625e+002
