%YAML:1.0
---
chapterId: 44
title: ""
description: ""
chapterType: 6000
options:
   locationAnnotation: 1
sections:
   -
      sectionId: 44000
      sectionType: 1002
      channelId: main
      distance: 1.
      startFrame: 162
      stopFrame: 171
      focusFrame: 162
      focusPoint: { values:[ 569., 426. ], type:Vector2 }
      focusPose:
         rows: 4
         cols: 4
         values: [ 1., 0., 0., 0., 0., 1., 0., 0., 0., 0., 1., 0., 0.,
             0., 0., 1. ]
         type: Matrix
      focusROI:
         type: "Vector2[][]"
         values:
            []
      minDurationRelTS: "0"
      animationPeriod: "0"
      recordId: Action_20171124T115613
      homography:
         rows: 3
         cols: 3
         values: [ 1.0006637710843882e+000, 6.2810884830416134e-003,
             -4.7529977178511658e+000, -6.2810884830416134e-003,
             1.0006637710843882e+000, 5.6827168556071932e+000, 0., 0.,
             1. ]
         type: Matrix
      similarities:
         []
      annotations:
         []
