<?xml version="1.0"?>
<opencv_storage>
<keyPoints>
  2.6093319702148437e+002 2.5324232101440430e+001
  1.4168889999389648e+001 8.8769226074218750e+001
  3.5973342895507813e+001 0 -1 2.7119641113281250e+002
  2.5272504806518555e+001 1.4496562957763672e+001
  8.9115936279296875e+001 3.3795417785644531e+001 0 -1
  3.1046038818359375e+002 2.6281970977783203e+001
  1.2441177368164063e+001 8.5568222045898438e+001
  5.9183822631835938e+001 0 -1 3.1494631958007812e+002
  2.6666627883911133e+001 1.2058824539184570e+001
  8.2350524902343750e+001 4.2002441406250000e+001 0 -1
  4.1140097045898437e+002 2.6936046600341797e+001 12.
  8.7083587646484375e+001 53. 0 -1 2.6705856323242187e+002
  2.7861841201782227e+001 1.3405565261840820e+001
  8.8962242126464844e+001 6.1307937622070313e+001 0 -1
  3.8875512695312500e+002 2.7398878097534180e+001
  1.6480424880981445e+001 9.5032775878906250e+001
  4.8156173706054687e+001 0 -1 3.9161801147460937e+002
  2.7673019409179688e+001 1.3067796707153320e+001
  9.4977638244628906e+001 6.3934326171875000e+001 0 -1
  4.0274761962890625e+002 2.7455308914184570e+001
  1.4647058486938477e+001 9.2042289733886719e+001
  5.1308822631835938e+001 0 -1 4.1579205322265625e+002
  2.7592235565185547e+001 1.3547321319580078e+001
  8.6098396301269531e+001 3.6053016662597656e+001 0 -1
  2.2603138732910156e+002 2.9414554595947266e+001
  1.3126480102539063e+001 9.4088706970214844e+001
  4.1420722961425781e+001 0 -1 2.7537615966796875e+002
  2.9656934738159180e+001 1.3489183425903320e+001
  9.3778976440429688e+001 3.3108993530273438e+001 0 -1
  2.5967782592773437e+002 2.9866481781005859e+001
  1.1823529243469238e+001 8.5301895141601562e+001
  3.5022048950195313e+001 0 -1 4.1892385864257812e+002
  3.1701709747314453e+001 1.2250000000000000e+001
  7.9519264221191406e+001 3.1020835876464844e+001 0 -1
  3.7457339477539062e+002 4.1609638214111328e+001
  1.4510204315185547e+001 2.1087084960937500e+002
  6.3288269042968750e+001 0 -1 3.9726699829101562e+002
  4.4828208923339844e+001 1.6518987655639648e+001
  3.1245242309570312e+002 1.4440664672851563e+002 0 -1
  2.8151257324218750e+002 4.5063629150390625e+001 15.
  3.1521292114257812e+002 1.2462500000000000e+002 0 -1
  2.8338226318359375e+002 4.9649490356445313e+001
  1.4333333015441895e+001 2.2197011947631836e+001
  4.4722213745117188e+001 0 -1 2.7852484130859375e+002
  5.1695220947265625e+001 1.4790920257568359e+001
  8.6289253234863281e+001 8.9070953369140625e+001 0 -1
  2.3036793518066406e+002 5.4557231903076172e+001 15.
  9.0480937957763672e+000 5.9125000000000000e+001 0 -1
  2.5093824768066406e+002 8.0661109924316406e+001
  1.3071428298950195e+001 3.3708666992187500e+002
  3.0446426391601563e+001 0 -1 3.9845776367187500e+002
  8.3833503723144531e+001 1.4821783065795898e+001
  3.3603250122070312e+002 1.3016955566406250e+002 0 -1
  3.1151174926757812e+002 8.5267753601074219e+001
  1.4760000228881836e+001 2.8364514160156250e+002
  6.4290008544921875e+001 0 -1 4.0193365478515625e+002
  8.5805679321289063e+001 1.2846153259277344e+001
  1.2281436920166016e+001 4.2387817382812500e+001 0 -1
  2.1581480407714844e+002 1.0162834167480469e+002
  1.2923077583312988e+001 2.7696102905273438e+002
  4.7615371704101563e+001 0 -1 3.9244934082031250e+002
  1.0391630554199219e+002 1.4008646965026855e+001
  2.3305920410156250e+002 4.5879592895507813e+001 0 -1
  3.9479034423828125e+002 1.0306163024902344e+002
  1.1454545021057129e+001 2.5507032775878906e+002
  3.5181816101074219e+001 0 -1 2.1123661804199219e+002
  1.0536927795410156e+002 1.2724138259887695e+001
  2.6790759277343750e+002 3.0211204528808594e+001 0 -1
  1.9179092407226562e+002 1.0663920593261719e+002
  1.4769231796264648e+001 2.2721760559082031e+002
  6.9538467407226563e+001 0 -1 2.4674487304687500e+002
  1.1197998809814453e+002 1.3500000000000000e+001
  2.9345739746093750e+002 4.6250000000000000e+001 0 -1
  4.1074414062500000e+002 1.1148489379882812e+002
  1.4777776718139648e+001 2.9226077270507812e+002
  4.8893516540527344e+001 0 -1 368. 115. 15. 2.7836279296875000e+002
  5.1250000000000000e+001 0 -1 3.6585729980468750e+002
  1.1569467926025391e+002 1.6792510986328125e+001
  2.4531031799316406e+002 6.7507049560546875e+001 0 -1
  4.2222265625000000e+002 1.2329608154296875e+002
  1.4857143402099609e+001 3.5524208068847656e+001
  7.4761901855468750e+001 0 -1 2.4625000000000000e+002
  1.6975000000000000e+002 18. 5.5473316192626953e+001
  4.6777343750000000e+001 0 -1 4.9748052978515625e+002
  1.7715521240234375e+002 1.3468085289001465e+001
  1.9255610656738281e+002 1.0881381225585937e+002 0 -1
  4.9175485229492187e+002 1.7961015319824219e+002
  1.2804878234863281e+001 1.7656866455078125e+002
  4.8368896484375000e+001 0 -1 3.6850408935546875e+002
  2.2768041992187500e+002 15. 2.8897348022460937e+002
  4.0500000000000000e+001 0 -1 2.4233969116210937e+002
  2.2763909912109375e+002 1.3628976821899414e+001
  2.6784933471679687e+002 3.2353065490722656e+001 0 -1
  4.9169497680664062e+002 2.3297265625000000e+002
  1.2771429061889648e+001 1.9125109863281250e+002
  4.1289291381835938e+001 0 -1 2.4059152221679687e+002
  2.8473104858398437e+002 1.2257143020629883e+001
  1.9260523986816406e+002 5.1032142639160156e+001 0 -1
  2.4547055053710937e+002 2.8578826904296875e+002
  1.4586207389831543e+001 2.8358496093750000e+002
  5.3693969726562500e+001 0 -1 2.9236895751953125e+002
  3.2157943725585938e+002 1.2473684310913086e+001
  3.4799404907226562e+002 5.9118415832519531e+001 0 -1
  3.1792471313476562e+002 3.2154815673828125e+002
  1.2967742919921875e+001 2.5514024734497070e+001
  7.3806457519531250e+001 0 -1 2.6115512084960937e+002
  2.5343431472778320e+001 1.5500000000000000e+001
  8.8633018493652344e+001 3.4041667938232422e+001 1 -1
  3.7407742309570312e+002 4.1524913787841797e+001
  1.9207727432250977e+001 1.3226289367675781e+002
  6.2308013916015625e+001 1 -1 2.4548870849609375e+002
  8.2248359680175781e+001 2.3368709564208984e+001
  3.5498907470703125e+002 1.8027142333984375e+002 1 -1
  3.1118896484375000e+002 8.4792930603027344e+001
  1.8220556259155273e+001 2.7468380737304687e+002
  6.6701133728027344e+001 1 -1 2.0743533325195312e+002
  1.0640898895263672e+002 2.3346136093139648e+001
  2.6366696166992187e+002 4.0096633911132812e+001 1 -1
  2.1934692382812500e+002 1.0650000000000000e+002 24.
  3.1331732177734375e+002 8.3635742187500000e+001 1 -1
  3.1850000000000000e+002 1.0650000000000000e+002 24.
  3.1680441284179687e+002 78. 1 -1 3.0146118164062500e+002
  1.0925669860839844e+002 2.0125265121459961e+001
  2.5684301757812500e+002 6.3581787109375000e+001 1 -1
  3.0939376831054687e+002 1.0954653930664062e+002
  1.8454545974731445e+001 2.8954418945312500e+002
  4.9094696044921875e+001 1 -1 3.6775000000000000e+002
  1.1619897460937500e+002 2.0112495422363281e+001
  2.1110519409179687e+002 7.8305587768554688e+001 1 -1
  2.4631610107421875e+002 1.1783357238769531e+002
  2.0751270294189453e+001 3.2863470458984375e+002
  5.2767749786376953e+001 1 -1 4.9119458007812500e+002
  1.2459637451171875e+002 1.6713090896606445e+001
  1.8190748596191406e+002 4.7482910156250000e+001 1 -1
  2.4625000000000000e+002 1.7095501708984375e+002
  1.9036188125610352e+001 5.6766838073730469e+001
  6.0242736816406250e+001 1 -1 4.9664532470703125e+002
  1.7729655456542969e+002 1.8070421218872070e+001
  1.8349586486816406e+002 1.1400183868408203e+002 1 -1
  4.9165728759765625e+002 1.7973022460937500e+002
  1.4482648849487305e+001 1.7816876220703125e+002
  4.5214660644531250e+001 1 -1 2.4583100891113281e+002
  2.2847251892089844e+002 21. 2.9594537353515625e+002
  6.2249996185302734e+001 1 -1 3.6625000000000000e+002
  2.2899801635742187e+002 1.9444740295410156e+001
  2.6808197021484375e+002 7.6477760314941406e+001 1 -1
  4.9178063964843750e+002 2.3324917602539062e+002
  1.3937931060791016e+001 1.9062113952636719e+002
  3.8725894927978516e+001 1 -1 2.4529309082031250e+002
  2.8555307006835937e+002 1.8364416122436523e+001
  3.0094622802734375e+002 5.5142173767089844e+001 1 -1
