%YAML:1.0
---
recording:
   type: VideoRecording
   recordId: Action_20180109T115646
   channelId: main
   timeStamp: "131599726068610000"
   sessionTimestamp: "0"
   width: 0
   height: 0
   frameCount: 205
   fps: 2.9969999999999999e+001
   recordingType: 2000
   frameTransformRect: [ [ -1, -1 ], [ -1, -1 ], [ -1, -1 ], [ -1, -1 ] ]
   trackingMode: 0
   segments:
      - { startFrame:27, stopFrame:47, segmentType:2000, focusFrame:-1,
          focusPoint:{ values:[ -1., -1. ], type:Vector2 }, isFragment:0 }
      - { startFrame:88, stopFrame:111, segmentType:2000, focusFrame:-1,
          focusPoint:{ values:[ -1., -1. ], type:Vector2 }, isFragment:0 }
      - { startFrame:128, stopFrame:185, segmentType:2000, focusFrame:-1,
          focusPoint:{ values:[ -1., -1. ], type:Vector2 }, isFragment:0 }
      - { startFrame:0, stopFrame:198, segmentType:1000, focusFrame:-1,
          focusPoint:{ values:[ -1., -1. ], type:Vector2 }, isFragment:0 }
   framesRelTs: [ "0", "230000", "470000", "790000", "1540000",
       "1740000", "1900000", "2100000", "2420000", "2750000", "3060000",
       "3400000", "3700000", "4040000", "4360000", "4680000", "5170000",
       "5360000", "5670000", "6000000", "6320000", "6650000", "6980000",
       "7300000", "7630000", "7960000", "8290000", "8660000", "9090000",
       "9410000", "9720000", "10060000", "10380000", "10710000",
       "11150000", "11430000", "11700000", "12030000", "12430000",
       "12680000", "12990000", "13330000", "13660000", "13990000",
       "14320000", "14650000", "14960000", "15270000", "15600000",
       "15930000", "16250000", "16560000", "16890000", "17310000",
       "17580000", "17880000", "18210000", "18660000", "18920000",
       "19190000", "19530000", "19920000", "20200000", "20510000",
       "20850000", "21370000", "21610000", "21810000", "22120000",
       "22440000", "22780000", "23100000", "23420000", "23760000",
       "24080000", "24400000", "24720000", "25050000", "25370000",
       "25710000", "26020000", "26350000", "26660000", "27000000",
       "27320000", "27650000", "27990000", "28300000", "28620000",
       "28950000", "29290000", "29610000", "29940000", "30240000",
       "30570000", "30910000", "31210000", "31550000", "31870000",
       "32190000", "32520000", "32850000", "33170000", "33500000",
       "33830000", "34160000", "34630000", "34980000", "35190000",
       "35620000", "35840000", "36320000", "36620000", "36960000",
       "37250000", "37570000", "37900000", "38220000", "38540000",
       "38870000", "39190000", "39510000", "39850000", "40190000",
       "40510000", "40840000", "41160000", "41480000", "41800000",
       "42120000", "42450000", "42810000", "43100000", "43420000",
       "43750000", "44070000", "44410000", "44730000", "45060000",
       "45390000", "45720000", "46040000", "46380000", "46690000",
       "47010000", "47340000", "47670000", "48000000", "48320000",
       "48650000", "48980000", "49300000", "49650000", "49960000",
       "50290000", "50610000", "50930000", "51250000", "51580000",
       "51910000", "52290000", "52570000", "52880000", "53210000",
       "53530000", "53850000", "54180000", "54500000", "54820000",
       "55160000", "55480000", "55830000", "56130000", "56480000",
       "56790000", "57110000", "57440000", "57760000", "58080000",
       "58400000", "58730000", "59060000", "59380000", "59710000",
       "60050000", "60360000", "60680000", "61010000", "61340000",
       "61650000", "61990000", "62300000", "62790000", "63000000",
       "63430000", "63760000", "64110000", "64410000", "64750000",
       "65070000", "65400000", "65720000", "66060000", "66380000",
       "66950000" ]
   chunks:
      - { path:"Recordings/Action_20180109T115646/recording.avi",
          startFrameIdx:0 }
