<?xml version="1.0"?>
<opencv_storage>
<keyPoints>
  2.8145556640625000e+002 4.6547904968261719e+001
  1.5516128540039063e+001 3.0387097167968750e+002
  1.5196908569335938e+002 0 -1 3.9862771606445312e+002
  4.6869010925292969e+001 1.4257143020629883e+001
  3.0618719482421875e+002 1.3142974853515625e+002 0 -1
  2.7921093750000000e+002 5.2520072937011719e+001
  1.4199614524841309e+001 7.7122917175292969e+001
  4.9292533874511719e+001 0 -1 3.9741448974609375e+002
  8.2635429382324219e+001 16. 3.4008468627929687e+002
  1.2333334350585937e+002 0 -1 2.9356774902343750e+002
  1.0651529693603516e+002 1.3950771331787109e+001
  2.4378820800781250e+002 3.8354385375976563e+001 0 -1
  1.9204962158203125e+002 1.0737924957275391e+002
  1.5010921478271484e+001 2.5014712524414063e+002
  5.0327453613281250e+001 0 -1 4.0463610839843750e+002
  1.0761338043212891e+002 1.3740060806274414e+001
  2.6552066040039062e+002 5.2559890747070313e+001 0 -1
  4.0687448120117187e+002 1.0723017883300781e+002
  1.3588235855102539e+001 2.7231402587890625e+002
  5.9786758422851563e+001 0 -1 2.4947447204589844e+002
  1.1852931213378906e+002 1.5202743530273438e+001
  3.4202746582031250e+002 3.2342765808105469e+001 0 -1
  2.2036505126953125e+002 1.2360533142089844e+002 15.
  1.9259725570678711e+001 5.8375000000000000e+001 0 -1
  3.2146163940429688e+002 1.2348236846923828e+002
  1.6372640609741211e+001 2.4671678543090820e+001
  6.6996231079101563e+001 0 -1 2.4849111938476562e+002
  1.7518637084960937e+002 1.3823528289794922e+001
  8.6687994003295898e+000 5.6355407714843750e+001 0 -1
  4.9786114501953125e+002 1.7905139160156250e+002
  1.3312500000000000e+001 1.8779844665527344e+002
  6.7531250000000000e+001 0 -1 3.6360302734375000e+002
  2.3249592590332031e+002 15. 2.2169920349121094e+002
  3.2500000000000000e+001 0 -1 3.6412899780273437e+002
  2.8924859619140625e+002 1.5823513984680176e+001
  1.1746057891845703e+002 6.3343612670898438e+001 0 -1
  2.9015036010742187e+002 3.1708096313476562e+002
  1.4478260993957520e+001 2.2777571105957031e+002
  3.5961959838867188e+001 0 -1 3.1554644775390625e+002
  3.1746899414062500e+002 1.3527142524719238e+001
  2.1608045959472656e+002 3.6187858581542969e+001 0 -1
  3.2064190673828125e+002 3.1805755615234375e+002
  1.3956521987915039e+001 3.3483572387695312e+002
  3.3222831726074219e+001 0 -1 2.9301925659179687e+002
  3.2206237792968750e+002 1.3646401405334473e+001
  6.7378395080566406e+001 8.5479385375976563e+001 0 -1
  3.1637564086914062e+002 3.2157327270507812e+002
  1.3971427917480469e+001 1.2853720092773437e+002
  7.0889282226562500e+001 0 -1 3.1898413085937500e+002
  3.2220974731445312e+002 1.3390007972717285e+001
  7.4094100952148438e+001 8.8760467529296875e+001 0 -1
  2.8079080200195312e+002 4.6384437561035156e+001
  2.0482999801635742e+001 3.1139437866210937e+002
  1.6214474487304687e+002 1 -1 3.9747198486328125e+002
  4.6900199890136719e+001 2.0366468429565430e+001
  2.7235241699218750e+002 1.3347326660156250e+002 1 -1
  1.8884092712402344e+002 1.0246508789062500e+002
  1.8477920532226562e+001 2.6245028686523437e+002
  3.7479877471923828e+001 1 -1 4.0506549072265625e+002
  1.0744587707519531e+002 2.0286426544189453e+001
  2.6891958618164062e+002 5.4394058227539062e+001 1 -1
  1.9233569335937500e+002 1.0855722808837891e+002
  1.9181190490722656e+001 2.4545739746093750e+002
  5.7444915771484375e+001 1 -1 2.9347421264648437e+002
  1.0819369506835937e+002 1.9532600402832031e+001
  2.3071603393554687e+002 4.8666961669921875e+001 1 -1
  2.4822674560546875e+002 1.1891278076171875e+002
  2.0144252777099609e+001 3.2708621215820313e+002
  3.3866661071777344e+001 1 -1 2.4797222900390625e+002
  1.7522215270996094e+002 1.5986671447753906e+001
  1.5996047019958496e+001 5.6342353820800781e+001 1 -1
  4.9668472290039062e+002 1.7908665466308594e+002
  1.9566495895385742e+001 1.8262376403808594e+002
  5.0285305023193359e+001 1 -1 2.4664903259277344e+002
  2.3240994262695312e+002 2.3071466445922852e+001
  3.0909555053710937e+002 6.5655410766601563e+001 1 -1
  3.6787512207031250e+002 2.3226197814941406e+002
  2.1407058715820312e+001 2.7383319091796875e+002
  6.6615219116210937e+001 1 -1 2.4446401977539062e+002
  2.5855871582031250e+002 2.3599143981933594e+001
  3.8858150482177734e+001 2.2289782714843750e+002 1 -1
  2.9057391357421875e+002 3.2160122680664062e+002
  1.9078048706054687e+001 1.0664971923828125e+002
  7.0201568603515625e+001 1 -1 3.1587451171875000e+002
  3.2169027709960937e+002 1.6102062225341797e+001
  9.7527420043945313e+001 7.0272384643554688e+001 1 -1
  2.0331021118164062e+002 5.5316070556640625e+001
  2.8725522994995117e+001 3.2223861694335937e+002
  5.8650287628173828e+001 2 -1 2.4607032775878906e+002
  8.3643653869628906e+001 2.4693140029907227e+001
  1.7704776763916016e+001 1.9690385437011719e+002 2 -1
  3.9650000000000000e+002 8.4577018737792969e+001
  2.6864124298095703e+001 2.4710998535156250e+002
  1.7406474304199219e+002 2 -1 3.9719186401367187e+002
  8.3968666076660156e+001 2.6709587097167969e+001
  2.5003889465332031e+002 1.7876689147949219e+002 2 -1
  2.1257489013671875e+002 1.0054168701171875e+002
  2.6142856597900391e+001 3.3668920898437500e+002
  4.2595233917236328e+001 2 -1 1.8869953918457031e+002
  1.0293003845214844e+002 25. 3.1384622192382812e+002
  3.5041667938232422e+001 2 -1 4.0587756347656250e+002
  1.0713648986816406e+002 2.1597303390502930e+001
  2.7375839233398438e+002 5.3230937957763672e+001 2 -1
  1.9268539428710937e+002 1.0875000000000000e+002 18.
  2.4500939941406250e+002 5.2250000000000000e+001 2 -1
  2.9250000000000000e+002 112. 36. 2.3426890563964844e+002 58. 2 -1
  2.4781283569335937e+002 1.1888613128662109e+002
  2.5160678863525391e+001 1.7299224436283112e-001
  3.9115993499755859e+001 2 -1 3.6834756469726562e+002
  1.1871555328369141e+002 2.4750000000000000e+001
  2.0865194702148437e+002 4.3062500000000000e+001 2 -1 319. 121. 36.
  1.5827621459960938e+001 8.8111328125000000e+001 2 -1
  3.6721487426757812e+002 1.4405754089355469e+002
  2.7593542098999023e+001 1.2213174438476562e+002
  1.8771350097656250e+002 2 -1 2.4807856750488281e+002
  1.7578125000000000e+002 18. 2.0678565979003906e+001 54. 2 -1
  3.6822195434570312e+002 1.7530125427246094e+002
  2.4582008361816406e+001 7.3115074157714844e+001
  5.4026046752929687e+001 2 -1 4.9765759277343750e+002
  1.7940568542480469e+002 2.4593887329101563e+001
  1.8269476318359375e+002 6.3103313446044922e+001 2 -1
  2.4654281616210937e+002 2.3202397155761719e+002
  2.5835926055908203e+001 3.2050207519531250e+002
  6.7391372680664063e+001 2 -1 3.6793960571289062e+002
  2.3194406127929687e+002 2.4796947479248047e+001
  2.7140472412109375e+002 6.7077537536621094e+001 2 -1
  2.4403063964843750e+002 2.5846682739257812e+002
  2.8327697753906250e+001 3.1011934280395508e+001
  2.1702677917480469e+002 2 -1 3.6718493652343750e+002
  2.5813156127929687e+002 2.8466403961181641e+001
  2.5357670593261719e+002 1.9842687988281250e+002 2 -1
  2.4622564697265625e+002 2.8885519409179687e+002
  2.3177566528320313e+001 6.8574768066406250e+001
  8.7319923400878906e+001 2 -1 3.6694064331054687e+002
  2.8865341186523437e+002 2.8490730285644531e+001
  8.5993263244628906e+001 8.3867866516113281e+001 2 -1
  2.0221482849121094e+002 5.6424125671386719e+001
  3.5760559082031250e+001 4.1895805358886719e+001
  6.0003318786621094e+001 3 -1 3.9724658203125000e+002
  8.4397247314453125e+001 2.4012548446655273e+001
  2.5150952148437500e+002 1.7666017150878906e+002 3 -1
  2.9568887329101562e+002 1.1318951416015625e+002
  3.9428569793701172e+001 3.1724560546875000e+002
  6.2571426391601563e+001 3 -1 3.9505935668945312e+002
  1.1310726928710937e+002 3.9087440490722656e+001
  1.7304991149902344e+002 4.1680007934570312e+001 3 -1
  4.0895687866210937e+002 1.1210650634765625e+002
  3.4965515136718750e+001 3.3621038818359375e+002
  3.2107757568359375e+001 3 -1 1.9534017944335937e+002
  1.1659857177734375e+002 4.4026828765869141e+001
  3.9541847229003906e+001 5.9352600097656250e+001 3 -1
