%YAML:1.0
---
recording:
   type: VideoRecording
   recordId: Action_20171122T094314
   channelId: main
   timeStamp: "131558173945740000"
   sessionTimestamp: "0"
   width: 0
   height: 0
   frameCount: 65
   fps: 2.9969999999999999e+001
   recordingType: 2000
   frameTransformRect: [ [ -1, -1 ], [ -1, -1 ], [ -1, -1 ], [ -1, -1 ] ]
   trackingMode: 1
   segments:
      []
   framesRelTs: [ "0", "660000", "1300000", "2040000", "2610000",
       "3480000", "4000000", "4930000", "5430000", "6340000", "6970000",
       "7720000", "8290000", "9060000", "9600000", "10510000",
       "11050000", "11890000", "12400000", "13290000", "13840000",
       "14700000", "15280000", "16240000", "16730000", "17650000",
       "18200000", "18990000", "19540000", "20400000", "20910000",
       "21720000", "22250000", "23060000", "23570000", "24400000",
       "24950000", "25800000", "26410000", "27330000", "27890000",
       "28700000", "29230000", "29980000", "30520000", "31430000",
       "32030000", "32810000", "33400000", "34190000", "34730000",
       "35560000", "36090000", "36920000", "37390000", "38280000",
       "38840000", "39620000", "40090000", "40970000", "41510000",
       "42470000", "43060000", "43860000", "44780000" ]
   chunks:
      - { path:"Recordings/Action_20171122T094314/recording.avi",
          startFrameIdx:0 }
