%YAML:1.0
---
recording:
   type: VideoRecording
   recordId: Check_20180110T114529
   channelId: main
   timeStamp: "131600583296320000"
   sessionTimestamp: "0"
   width: -1
   height: -1
   frameCount: 74
   fps: 2.9969999999999999e+001
   recordingType: 2000
   frameTransformRect: [ [ -1, -1 ], [ -1, -1 ], [ -1, -1 ], [ -1, -1 ] ]
   trackingMode: 0
   segments:
      - { startFrame:0, stopFrame:67, segmentType:1000, focusFrame:-1,
          focusPoint:{ values:[ -1., -1. ], type:Vector2 }, isFragment:0 }
   framesRelTs: [ "0", "300000", "520000", "820000", "1420000",
       "1640000", "1970000", "2150000", "2470000", "2800000", "3130000",
       "3460000", "3790000", "4110000", "4440000", "4770000", "5090000",
       "5420000", "5750000", "6070000", "6400000", "6740000", "7060000",
       "7390000", "7730000", "8050000", "8380000", "8700000", "9030000",
       "9370000", "9680000", "10020000", "10350000", "10680000",
       "11020000", "11340000", "11670000", "12000000", "12350000",
       "12660000", "12990000", "13310000", "13630000", "13980000",
       "14290000", "14620000", "14960000", "15280000", "15610000",
       "16000000", "16270000", "16600000", "16930000", "17260000",
       "17580000", "17920000", "18260000", "18570000", "18910000",
       "19250000", "19570000", "19900000", "20240000", "20560000",
       "20890000", "21250000", "21550000", "21880000", "22210000",
       "22540000", "22860000", "23190000", "23520000", "23890000" ]
   chunks:
      - { path:"Recordings/Check_20180110T114529/recording.avi",
          startFrameIdx:0 }
