%YAML:1.0
---
recording:
   type: VideoRecording
   recordId: Action_20180109T153650
   channelId: main
   timeStamp: "131599858100190000"
   sessionTimestamp: "0"
   width: 0
   height: 0
   frameCount: 227
   fps: 2.9969999999999999e+001
   recordingType: 2000
   frameTransformRect: [ [ -1, -1 ], [ -1, -1 ], [ -1, -1 ], [ -1, -1 ] ]
   trackingMode: 0
   segments:
      - { startFrame:0, stopFrame:220, segmentType:1000, focusFrame:-1,
          focusPoint:{ values:[ -1., -1. ], type:Vector2 }, isFragment:0 }
   framesRelTs: [ "0", "230000", "440000", "620000", "810000", "2170000",
       "2340000", "2500000", "2680000", "2840000", "2990000", "3870000",
       "4050000", "4240000", "4430000", "4590000", "4750000", "5600000",
       "5760000", "5920000", "6090000", "6390000", "6710000", "7330000",
       "7480000", "7700000", "8020000", "8360000", "9020000", "9170000",
       "9360000", "9670000", "9860000", "10720000", "10880000",
       "11030000", "11300000", "11490000", "12390000", "12550000",
       "12730000", "12880000", "13110000", "13450000", "14100000",
       "14260000", "14580000", "14780000", "15090000", "15760000",
       "15930000", "16090000", "16410000", "16740000", "17450000",
       "17610000", "17770000", "18050000", "18380000", "19110000",
       "19270000", "19450000", "19700000", "20040000", "20740000",
       "20910000", "21060000", "21350000", "21680000", "22410000",
       "22560000", "22730000", "22980000", "23320000", "24030000",
       "24200000", "24380000", "24620000", "24950000", "25280000",
       "25740000", "25940000", "26260000", "26600000", "26930000",
       "27410000", "27610000", "27910000", "28240000", "28570000",
       "29100000", "29270000", "29560000", "29890000", "30210000",
       "30820000", "30970000", "31190000", "31520000", "31850000",
       "32490000", "32650000", "32850000", "33170000", "33500000",
       "34200000", "34360000", "34520000", "34810000", "35130000",
       "35880000", "36050000", "36210000", "36440000", "36770000",
       "37120000", "37600000", "37780000", "38080000", "38400000",
       "38740000", "39260000", "39440000", "39730000", "40070000",
       "40370000", "40990000", "41150000", "41370000", "41700000",
       "42010000", "42700000", "42870000", "43040000", "43320000",
       "43650000", "44400000", "44570000", "44750000", "44970000",
       "45300000", "45620000", "46100000", "46290000", "46600000",
       "46940000", "47270000", "47820000", "47990000", "48250000",
       "48590000", "48910000", "49540000", "49710000", "49900000",
       "50220000", "50560000", "51230000", "51410000", "51590000",
       "51860000", "52210000", "52520000", "52950000", "53170000",
       "53500000", "53830000", "54170000", "54670000", "54850000",
       "55140000", "55480000", "55790000", "56360000", "56530000",
       "56780000", "57110000", "57430000", "58060000", "58230000",
       "58440000", "58760000", "59080000", "59770000", "59930000",
       "60110000", "60390000", "60730000", "61050000", "61480000",
       "61720000", "62040000", "62380000", "62710000", "63180000",
       "63380000", "63700000", "64040000", "64360000", "64880000",
       "65040000", "65340000", "65670000", "65990000", "66590000",
       "66770000", "66990000", "67310000", "67640000", "68280000",
       "68460000", "68620000", "68820000", "69140000", "69470000",
       "69940000", "70140000", "70460000", "70790000", "71120000",
       "71650000", "71820000", "72100000", "72440000", "72760000",
       "73360000", "74790000" ]
   chunks:
      - { path:"Recordings/Action_20180109T153650/recording.avi",
          startFrameIdx:0 }
