%YAML:1.0
---
recording:
   type: VideoRecording
   recordId: Action_20171124T114933
   channelId: main
   timeStamp: "131559977736060000"
   sessionTimestamp: "0"
   width: -1
   height: -1
   frameCount: 193
   fps: 2.9969999999999999e+001
   recordingType: 2000
   frameTransformRect: [ [ -1, -1 ], [ -1, -1 ], [ -1, -1 ], [ -1, -1 ] ]
   trackingMode: 1
   segments:
      - { startFrame:45, stopFrame:67, segmentType:2000, focusFrame:-1,
          focusPoint:{ values:[ -1., -1. ], type:Vector2 }, isFragment:0 }
      - { startFrame:75, stopFrame:118, segmentType:2000, focusFrame:-1,
          focusPoint:{ values:[ -1., -1. ], type:Vector2 }, isFragment:0 }
      - { startFrame:0, stopFrame:186, segmentType:1000, focusFrame:-1,
          focusPoint:{ values:[ -1., -1. ], type:Vector2 }, isFragment:0 }
   framesRelTs: [ "0", "240000", "570000", "880000", "1230000",
       "1530000", "1850000", "2170000", "2480000", "2800000", "3130000",
       "3440000", "3930000", "4250000", "4570000", "4880000", "5200000",
       "5530000", "5840000", "6170000", "6480000", "6820000", "7120000",
       "7440000", "7770000", "8250000", "8570000", "8890000", "9200000",
       "9530000", "9840000", "10160000", "10480000", "10810000",
       "11120000", "11450000", "11770000", "12250000", "12570000",
       "12890000", "13200000", "13520000", "13850000", "14160000",
       "14480000", "14810000", "15280000", "15600000", "15920000",
       "16240000", "16560000", "16890000", "17200000", "17530000",
       "17850000", "18320000", "18650000", "18960000", "19290000",
       "19610000", "19930000", "20240000", "20560000", "20890000",
       "21210000", "21530000", "21850000", "22320000", "22650000",
       "22960000", "23290000", "23610000", "23920000", "24250000",
       "24570000", "24890000", "25200000", "25520000", "25850000",
       "26160000", "26650000", "26970000", "27280000", "27610000",
       "27920000", "28250000", "28560000", "28880000", "29200000",
       "29530000", "29850000", "30260000", "30650000", "30970000",
       "31290000", "31600000", "31930000", "32240000", "32570000",
       "32880000", "33210000", "33530000", "33850000", "34170000",
       "34650000", "34980000", "35290000", "35600000", "35920000",
       "36240000", "36570000", "36890000", "37200000", "37530000",
       "37850000", "38180000", "38490000", "38960000", "39290000",
       "39600000", "39930000", "40240000", "40560000", "40880000",
       "41210000", "41530000", "41840000", "42160000", "42490000",
       "42960000", "43280000", "43600000", "43940000", "44240000",
       "44570000", "44950000", "45290000", "45540000", "45850000",
       "46160000", "46490000", "46800000", "47290000", "47620000",
       "47930000", "48250000", "48570000", "48880000", "49210000",
       "49520000", "49850000", "50160000", "50490000", "50810000",
       "51460000", "51640000", "51920000", "52250000", "52560000",
       "52880000", "53210000", "53520000", "53850000", "54160000",
       "54490000", "54810000", "55130000", "55770000", "56020000",
       "56250000", "56580000", "56890000", "57210000", "57520000",
       "57840000", "58170000", "58480000", "58820000", "59130000",
       "59610000", "59940000", "60240000", "60570000", "60890000",
       "61210000", "61530000", "61840000", "62170000", "62480000",
       "62810000", "63120000", "63600000", "63920000" ]
   chunks:
      - { path:"Recordings/Action_20171124T114933/recording.avi",
          startFrameIdx:0 }
