<?xml version="1.0"?>
<opencv_storage>
<keyPoints>
  2.6283377075195312e+002 2.5348342895507812e+001
  1.3469593048095703e+001 8.9578224182128906e+001
  3.4310775756835937e+001 0 -1 2.7362258911132812e+002
  2.5338777542114258e+001 1.3861818313598633e+001
  8.9035995483398437e+001 3.4131835937500000e+001 0 -1
  3.1257998657226562e+002 2.6432073593139648e+001
  1.2355932235717773e+001 8.4906875610351562e+001
  5.5103820800781250e+001 0 -1 3.1724304199218750e+002
  2.6998558044433594e+001 1.3805605888366699e+001
  8.3453971862792969e+001 3.7713623046875000e+001 0 -1
  4.1325234985351562e+002 2.7210832595825195e+001 12.
  8.6850875854492188e+001 4.9523437500000000e+001 0 -1
  2.6669619750976563e+002 2.7487625122070312e+001
  1.3888889312744141e+001 8.9086746215820313e+001
  3.7337959289550781e+001 0 -1 2.6942410278320313e+002
  2.7977287292480469e+001 1.2887323379516602e+001
  8.8646141052246094e+001 6.2776397705078125e+001 0 -1
  3.9349053955078125e+002 2.7841497421264648e+001
  1.3428440093994141e+001 9.4954994201660156e+001
  6.5769912719726563e+001 0 -1 2.2768598937988281e+002
  2.9955158233642578e+001 1.3944931030273438e+001
  9.0873283386230469e+001 4.0434379577636719e+001 0 -1
  2.6116122436523437e+002 3.0171659469604492e+001
  1.2515907287597656e+001 8.7243164062500000e+001
  3.8003005981445313e+001 0 -1 2.7716864013671875e+002
  3.0068626403808594e+001 1.4290849685668945e+001
  9.3459579467773438e+001 3.8653160095214844e+001 0 -1
  3.7652853393554687e+002 4.2619007110595703e+001
  1.4181818008422852e+001 2.1183251953125000e+002
  5.8909103393554688e+001 0 -1 2.8342611694335937e+002
  4.5428138732910156e+001 1.4883495330810547e+001
  3.1782275390625000e+002 1.3189440917968750e+002 0 -1
  4.0044964599609375e+002 4.6480102539062500e+001
  1.4945945739746094e+001 3.3948913574218750e+002
  1.5737945556640625e+002 0 -1 2.8508325195312500e+002
  4.9943592071533203e+001 1.4769231796264648e+001
  2.2996751785278320e+001 3.7769233703613281e+001 0 -1
  3.9945791625976562e+002 5.1587554931640625e+001
  1.5655612945556641e+001 5.3446956634521484e+001
  4.5178604125976563e+001 0 -1 3.9775000000000000e+002
  8.2750000000000000e+001 18. 7.9855567932128906e+001
  1.6977734375000000e+002 0 -1 3.9812203979492187e+002
  8.2649291992187500e+001 1.6870130538940430e+001
  9.2544250488281250e+001 1.4436523437500000e+002 0 -1
  2.8485629272460937e+002 8.9198913574218750e+001
  1.3227272987365723e+001 2.6429724121093750e+002
  3.1920455932617188e+001 0 -1 2.8888687133789062e+002
  8.9472381591796875e+001 1.4278234481811523e+001
  2.6184390258789063e+002 8.1959869384765625e+001 0 -1
  1.9380482482910156e+002 1.0745260620117187e+002
  1.4863636016845703e+001 2.1711129760742187e+002
  6.1011367797851563e+001 0 -1 2.6676251220703125e+002
  1.0787366485595703e+002 1.3046512603759766e+001
  1.5697592163085937e+002 3.8654067993164063e+001 0 -1
  1.9396041870117187e+002 1.1050349426269531e+002
  1.3119778633117676e+001 1.9937666320800781e+002
  4.9724166870117188e+001 0 -1 3.0838931274414062e+002
  1.1030607604980469e+002 1.3115421295166016e+001
  2.3478417968750000e+002 5.7151412963867188e+001 0 -1
  2.6569604492187500e+002 1.1229917907714844e+002
  1.3867031097412109e+001 1.5040440368652344e+002
  3.1341979980468750e+001 0 -1 2.1995291137695312e+002
  1.1303023529052734e+002 1.3741472244262695e+001
  2.0367642211914062e+002 4.5332534790039062e+001 0 -1
  2.4690374755859375e+002 1.1301445770263672e+002
  1.3785527229309082e+001 3.1472521972656250e+002
  4.9947631835937500e+001 0 -1 2.4157661437988281e+002
  1.1393418884277344e+002 1.4280000686645508e+001
  3.0407910156250000e+002 3.4804992675781250e+001 0 -1
  4.0868780517578125e+002 1.1781390380859375e+002
  1.4746129989624023e+001 3.1644546508789062e+002
  7.2298965454101563e+001 0 -1 2.5178933715820313e+002
  1.2155693817138672e+002 1.3540540695190430e+001
  3.2993643188476562e+002 3.4219589233398438e+001 0 -1
  4.1269204711914062e+002 1.2686514282226562e+002
  1.3208955764770508e+001 3.2046148681640625e+002
  8.2360076904296875e+001 0 -1 4.7460586547851562e+002
  1.3052207946777344e+002 1.3629996299743652e+001
  2.8368786621093750e+002 3.5857963562011719e+001 0 -1
  2.8913238525390625e+002 1.3292630004882812e+002
  1.2551585197448730e+001 1.6266409301757812e+002
  5.4314117431640625e+001 0 -1 4.7456716918945312e+002
  1.3339941406250000e+002 1.4135896682739258e+001
  3.0288421630859375e+002 6.2590774536132813e+001 0 -1
  2.8883407592773437e+002 1.3644464111328125e+002
  1.3584048271179199e+001 1.6540544128417969e+002
  6.9280731201171875e+001 0 -1 4.1685137939453125e+002
  1.3675605773925781e+002 1.3720405578613281e+001
  3.3156051635742187e+002 4.8097129821777344e+001 0 -1
  4.2048922729492187e+002 1.3961863708496094e+002
  1.6541858673095703e+001 3.1970578002929687e+002
  6.2936264038085938e+001 0 -1 4.3225000000000000e+002
  1.3975000000000000e+002 18. 2.1808224487304687e+002
  4.3555664062500000e+001 0 -1 1.5504518127441406e+002
  1.3972007751464844e+002 1.2125000000000000e+001
  2.8572601318359375e+002 3.7010421752929688e+001 0 -1
  2.9069735717773438e+002 1.4010078430175781e+002
  1.3125000000000000e+001 1.6378530883789063e+002
  3.8843750000000000e+001 0 -1 4.1384539794921875e+002
  1.3989907836914062e+002 1.2052631378173828e+001
  9.7168499231338501e-001 3.2002182006835938e+001 0 -1
  4.0597311401367187e+002 1.4244564819335937e+002
  1.4972296714782715e+001 1.6283306121826172e+001
  3.2958511352539062e+001 0 -1 4.6682156372070312e+002
  1.4249913024902344e+002 1.4357142448425293e+001
  3.3795123291015625e+002 4.5160713195800781e+001 0 -1
  4.4383953857421875e+002 1.4465493774414062e+002
  1.1250000000000000e+001 1.5514173889160156e+002
  3.5250000000000000e+001 0 -1 1.5656130981445312e+002
  1.4557937622070312e+002 1.4390491485595703e+001
  3.1052523803710937e+002 1.1098791503906250e+002 0 -1
  4.3805554199218750e+002 1.4567572021484375e+002
  1.1909090995788574e+001 1.4789244079589844e+002
  3.1003791809082031e+001 0 -1 1.4288163757324219e+002
  1.4750804138183594e+002 1.4806451797485352e+001
  2.8997094726562500e+002 4.9391128540039062e+001 0 -1
  2.6406729125976562e+002 1.4692755126953125e+002
  1.3363636016845703e+001 3.4037164306640625e+002
  3.9852272033691406e+001 0 -1 4.4068804931640625e+002
  1.4809065246582031e+002 1.2090909004211426e+001
  1.3345755004882812e+002 3.2003784179687500e+001 0 -1
  4.4969854736328125e+002 1.4965811157226562e+002
  1.2299999237060547e+001 1.0249346160888672e+002
  4.0050003051757813e+001 0 -1 2.6576501464843750e+002
  1.5238861083984375e+002 1.3233856201171875e+001
  2.4708328247070313e+001 1.0745159912109375e+002 0 -1
  2.6057119750976562e+002 1.5276687622070312e+002
  1.2446808815002441e+001 2.9230251312255859e+001
  5.7130325317382813e+001 0 -1 2.7848135375976562e+002
  1.5377815246582031e+002 1.3569634437561035e+001
  1.2331026458740234e+002 3.2294532775878906e+001 0 -1
  3.0178405761718750e+002 1.5414469909667969e+002
  1.4504131317138672e+001 1.2706471252441406e+002
  1.3253820800781250e+002 0 -1 4.6625152587890625e+002
  1.5385502624511719e+002 1.2913076400756836e+001
  6.2774730682373047e+001 3.3443862915039063e+001 0 -1
  2.7185214233398437e+002 1.5675450134277344e+002
  1.4628448486328125e+001 5.1521244049072266e+001
  3.9324737548828125e+001 0 -1 4.6619161987304687e+002
  1.5885023498535156e+002 1.1714750289916992e+001
  6.7466117858886719e+001 3.1081726074218750e+001 0 -1
  1.4479489135742187e+002 1.6382414245605469e+002
  1.4446193695068359e+001 2.7511838912963867e+001
  5.1618774414062500e+001 0 -1 4.7266308593750000e+002
  1.6395809936523437e+002 1.2176470756530762e+001
  4.0638343811035156e+001 4.4022048950195312e+001 0 -1
  2.7157208251953125e+002 1.6788920593261719e+002
  1.2083939552307129e+001 5.6632843017578125e+001
  3.1373619079589844e+001 0 -1 1.5841828918457031e+002
  1.7687197875976562e+002 1.4090226173400879e+001
  6.8365951538085938e+001 7.1055694580078125e+001 0 -1
  1.5858793640136719e+002 1.7943635559082031e+002
