<?xml version="1.0"?>
<opencv_storage>
<keyPoints>
  2.4495614624023437e+002 1.1644032287597656e+002
  1.3896566390991211e+001 2.4264746093750000e+002
  5.3618087768554687e+001 0 -1 3.6571362304687500e+002
  1.1765189361572266e+002 1.2818181991577148e+001
  3.1396658325195312e+002 4.8409088134765625e+001 0 -1
  2.4474418640136719e+002 1.7319233703613281e+002
  1.3897959709167480e+001 1.6634735107421875e+002
  6.1451538085937500e+001 0 -1 3.6445700073242187e+002
  1.7358477783203125e+002 1.2659761428833008e+001
  1.7145036697387695e+001 4.7209320068359375e+001 0 -1
  2.4415521240234375e+002 2.2996371459960937e+002
  1.3645193099975586e+001 1.4263365173339844e+002
  5.4968017578125000e+001 0 -1 3.6454504394531250e+002
  2.3051562500000000e+002 1.3598636627197266e+001
  3.4756704711914062e+002 5.0869918823242188e+001 0 -1
  3.6405465698242187e+002 2.8656210327148437e+002
  1.3634651184082031e+001 1.3570864498615265e-001
  5.1714736938476562e+001 0 -1 2.4331210327148437e+002
  2.8652069091796875e+002 1.3871563911437988e+001
  3.5537399291992187e+002 4.4992488861083984e+001 1 -1
  2.4520318603515625e+002 1.1658337402343750e+002
  2.2241378784179687e+001 2.5444424438476562e+002
  4.6415233612060547e+001 2 -1 2.4443943786621094e+002
  2.3014268493652344e+002 2.3666666030883789e+001
  1.2409520721435547e+002 4.6013885498046875e+001 2 -1
  3.6463885498046875e+002 2.3064236450195312e+002
  2.4694911956787109e+001 3.4046539306640625e+002
  4.8094829559326172e+001 2 -1 3.6427288818359375e+002
  2.8649145507812500e+002 25. 1.5629926681518555e+001
  4.8125000000000000e+001 2 -1 2.4512780761718750e+002
  1.7363032531738281e+002 4.6438369750976562e+001
  1.7291525268554687e+002 3.2091571807861328e+001 4 -1</keyPoints>
<descriptors type_id="opencv-matrix">
  <rows>13</rows>
  <cols>64</cols>
  <dt>u</dt>
  <data>
    75 252 63 147 153 169 243 255 239 93 62 255 251 255 255 255 255 127
    228 49 207 251 250 255 255 66 224 127 39 25 112 227 63 127 254 251
    223 159 227 156 247 252 243 49 6 2 0 128 243 109 0 241 187 76 110 46
    219 108 118 63 31 8 89 48 223 252 255 179 49 33 128 201 239 223 63
    183 129 6 191 255 255 249 132 49 206 241 30 151 229 160 161 227 223
    255 127 174 17 108 254 251 222 17 131 132 255 255 255 63 157 163 1
    152 205 255 255 68 162 216 239 47 209 60 191 15 255 201 145 51 255
    255 255 243 112 96 128 227 227 199 14 255 251 255 255 255 255 127
    228 49 142 227 24 130 65 224 127 171 0 0 56 227 31 255 255 255 255
    159 227 28 231 220 211 29 159 161 128 0 128 0 114 115 251 253 47 2
    144 110 100 6 131 255 189 61 255 191 231 255 240 240 129 199 199 3
    30 255 255 255 14 51 205 119 7 49 136 195 56 128 71 242 253 235 43
    239 252 255 255 157 1 128 181 255 255 63 247 144 19 0 219 23 0 132
    203 239 243 255 239 243 249 249 255 253 255 62 31 4 128 255 203 255
    166 217 212 244 251 134 239 13 154 250 253 247 222 127 255 255 247
    183 159 255 8 128 4 80 253 123 0 0 120 235 253 247 221 231 255 255
    255 191 231 12 3 0 0 176 253 237 48 0 242 247 255 255 255 245 252
    255 103 32 18 0 68 204 235 255 255 255 255 225 131 135 6 5 26 248
    240 223 255 255 191 255 255 255 140 227 56 207 199 99 230 156 115
    254 253 231 31 125 252 255 47 5 130 16 4 24 218 245 59 103 3 190 255
    191 207 239 255 1 248 255 195 64 252 255 191 143 153 59 251 191 227
    253 255 239 136 130 0 239 255 255 148 255 255 55 145 127 190 245 255
    255 63 142 131 97 99 134 191 255 255 255 255 255 247 31 1 68 248 239
    255 255 159 49 51 4 24 155 201 231 243 255 255 179 49 179 121 188
    191 223 18 8 16 0 235 255 255 255 243 243 129 135 7 5 30 254 241 255
    63 246 221 119 205 115 142 247 190 191 199 227 247 191 123 252 255
    255 255 189 16 128 148 50 223 126 255 253 159 17 59 225 252 255 127
    239 255 223 230 131 128 232 127 253 255 127 127 12 128 137 235 255
    255 209 240 240 161 215 231 1 30 255 249 231 255 255 255 121 228 49
    143 243 8 128 0 0 0 64 0 1 60 227 25 103 158 121 206 25 227 156 247
    28 3 56 0 2 0 129 193 96 50 115 25 12 102 46 147 108 118 39 18 8 16
    16 207 255 255 255 255 35 128 128 197 203 2 176 192 207 127 254 255
    255 255 255 255 231 8 132 0 0 177 243 255 131 0 128 24 255 252 255
    255 255 177 16 132 16 3 16 0 128 4 223 109 18 0 32 25 124 254 255 7
    64 0 128 48 8 0 137 203 255 255 247 241 225 131 134 6 223 255 255
    191 79 30 241 255 255 133 49 128 227 62 175 135 225 255 175 255 255
    247 153 255 255 255 155 255 50 243 220 255 255 247 63 255 231 127
    255 127 147 229 243 249 190 3 0 80 255 255 14 195 249 253 127 255
    191 225 249 255 100 128 129 193 239 255 255 255 255 254 16 129 100
    254 255 255 199 24 132 129 0 32 231 24 125 252 251 207 157 67 140 99
    238 252 247 223 17 19 57 0 224 255 187 0 237 250 63 192 171 177 241
    255 255 255 36 155 207 143 15 235 255 239 241 240 224 129 128 0 1 30
    254 240 231 15 51 128 112 198 63 156 130 8 136 128 19 4 8 0 108 60
    243 200 3 1 0 0 0 140 113 198 129 3 0 0 0 4 0 208 101 16 48 8 0 5
    133 32 131 201 101 18 12 0 128</data></descriptors>
</opencv_storage>
