%YAML:1.0
---
recording:
   type: VideoRecording
   recordId: Action_20180109T151655
   channelId: main
   timeStamp: "131599846159220000"
   sessionTimestamp: "0"
   width: -1
   height: -1
   frameCount: 130
   fps: 2.9969999999999999e+001
   recordingType: 2000
   frameTransformRect: [ [ -1, -1 ], [ -1, -1 ], [ -1, -1 ], [ -1, -1 ] ]
   trackingMode: 0
   segments:
      - { startFrame:41, stopFrame:99, segmentType:2000, focusFrame:-1,
          focusPoint:{ values:[ -1., -1. ], type:Vector2 }, isFragment:0 }
      - { startFrame:0, stopFrame:123, segmentType:1000, focusFrame:-1,
          focusPoint:{ values:[ -1., -1. ], type:Vector2 }, isFragment:0 }
   framesRelTs: [ "0", "250000", "460000", "770000", "1710000",
       "1880000", "2060000", "2240000", "2440000", "2770000", "3090000",
       "3420000", "3750000", "4080000", "4460000", "4740000", "5060000",
       "5390000", "5600000", "6050000", "6370000", "6700000", "7040000",
       "7350000", "7680000", "8020000", "8200000", "8670000", "8850000",
       "9160000", "9660000", "9980000", "10170000", "10480000",
       "10810000", "11150000", "11470000", "11800000", "12130000",
       "12460000", "12780000", "13110000", "13440000", "13770000",
       "14100000", "14420000", "14750000", "15080000", "15480000",
       "15760000", "16070000", "16410000", "16840000", "17070000",
       "17400000", "17750000", "18060000", "18380000", "18710000",
       "19050000", "19360000", "19700000", "20030000", "20360000",
       "20680000", "21010000", "21340000", "21660000", "21990000",
       "22370000", "22660000", "22970000", "23300000", "23740000",
       "23970000", "24280000", "24610000", "24940000", "25270000",
       "25590000", "25920000", "26250000", "26580000", "26920000",
       "27240000", "27560000", "27910000", "28220000", "28560000",
       "28880000", "29260000", "29570000", "29870000", "30220000",
       "30670000", "30870000", "31190000", "31530000", "31850000",
       "32180000", "32500000", "32830000", "33160000", "33480000",
       "33810000", "34150000", "34470000", "34800000", "35130000",
       "35450000", "35770000", "36160000", "36440000", "36760000",
       "37090000", "37510000", "37740000", "38070000", "38400000",
       "38730000", "39070000", "39400000", "39740000", "40060000",
       "40380000", "40710000", "41060000", "41380000", "41710000",
       "42280000" ]
   chunks:
      - { path:"Recordings/Action_20180109T151655/recording.avi",
          startFrameIdx:0 }
