<?xml version="1.0"?>
<opencv_storage>
<keyPoints>
  2.3559223937988281e+002 3.7298496246337891e+001
  1.4530225753784180e+001 2.7412341308593750e+002
  4.5542541503906250e+001 0 -1 3.9868170166015625e+002
  4.7050579071044922e+001 1.3974359512329102e+001
  3.1360165405273438e+002 1.3133441162109375e+002 0 -1
  3.9713626098632812e+002 8.2740829467773438e+001
  1.7724258422851563e+001 9.1708717346191406e+001
  1.1516116333007812e+002 0 -1 2.6627203369140625e+002
  1.0000711059570312e+002 1.4787926673889160e+001
  3.7198059082031250e+001 3.6797683715820312e+001 0 -1
  3.4604446411132812e+002 1.2307794952392578e+002
  1.1857142448425293e+001 2.4158547973632812e+002
  7.2017852783203125e+001 0 -1 2.7374414062500000e+002
  1.2452626800537109e+002 1.4819063186645508e+001
  1.3851832389831543e+001 3.7845214843750000e+001 0 -1
  3.5169592285156250e+002 1.2420500946044922e+002
  1.3301887512207031e+001 3.2682376098632812e+002
  7.2247650146484375e+001 0 -1 4.7429006958007812e+002
  1.2391899108886719e+002 1.2529412269592285e+001
  2.8114978027343750e+002 4.9198516845703125e+001 0 -1
  3.8448983764648437e+002 1.2460011291503906e+002
  1.3838708877563477e+001 2.5898825073242187e+002
  5.1455642700195313e+001 0 -1 3.5203710937500000e+002
  1.2994122314453125e+002 1.2547706604003906e+001
  3.5658868408203125e+002 1.0543688964843750e+002 0 -1
  3.5455831909179687e+002 1.3017991638183594e+002
  1.2231911659240723e+001 3.5815856933593750e+002
  5.0033294677734375e+001 0 -1 4.6674993896484375e+002
  1.2965048217773437e+002 1.2257919311523438e+001
  1.7165283203125000e+002 3.6979507446289063e+001 0 -1
  3.8463497924804687e+002 1.3059053039550781e+002
  1.2675873756408691e+001 1.8065893554687500e+002
  6.1717666625976563e+001 0 -1 3.9659896850585937e+002
  1.3525051879882813e+002 1.3545454025268555e+001
  1.1485111999511719e+002 4.6094696044921875e+001 0 -1
  3.5793905639648437e+002 1.3618962097167969e+002
  1.3664466857910156e+001 9.5702352523803711e+000
  5.0286888122558594e+001 0 -1 3.8877691650390625e+002
  1.3870169067382812e+002 1.4032257080078125e+001
  1.1427097320556641e+002 3.8778213500976562e+001 0 -1
  3.8876937866210937e+002 1.4852346801757812e+002
  1.4161857604980469e+001 6.4460029602050781e+001
  3.7110649108886719e+001 0 -1 3.6194421386718750e+002
  1.6015747070312500e+002 1.1640000343322754e+001
  4.5385311126708984e+001 3.8090011596679688e+001 0 -1
  3.5912194824218750e+002 1.9944749450683594e+002
  1.4571428298950195e+001 2.1290005493164062e+002
  1.2542855834960938e+002 0 -1 3.6624343872070312e+002
  2.1296853637695312e+002 1.3285713195800781e+001
  1.5000111389160156e+002 4.6964294433593750e+001 0 -1
  3.7963485717773438e+002 2.1298908996582031e+002
  1.2440519332885742e+001 3.4188705444335937e+002
  3.2617164611816406e+001 0 -1 2.1243072509765625e+002
  2.2748822021484375e+002 1.3333333969116211e+001
  3.1296704101562500e+002 4.8888900756835938e+001 0 -1
  1.4914167785644531e+002 2.2775862121582031e+002
  1.4234043121337891e+001 2.4779702758789062e+002
  6.9257980346679688e+001 0 -1 1.7101484680175781e+002
  2.2959828186035156e+002 1.2333333969116211e+001
  2.7353988647460938e+002 4.6041664123535156e+001 0 -1
  1.5754272460937500e+002 2.3314460754394531e+002
  1.2405405044555664e+001 2.5699392700195312e+002
  4.2084457397460937e+001 0 -1 1.9689781188964844e+002
  2.3302990722656250e+002 1.2350380897521973e+001
  2.7306439208984375e+002 3.6978271484375000e+001 0 -1
  1.5716299438476562e+002 2.3791984558105469e+002
  1.2312844276428223e+001 2.4760574340820312e+002
  3.4049240112304688e+001 0 -1 1.6551095581054687e+002
  2.3778311157226562e+002 1.1872370719909668e+001
  2.8452642822265625e+002 3.3009445190429687e+001 0 -1
  1.8630783081054687e+002 2.3806553649902344e+002
  1.1666666030883789e+001 2.6232952880859375e+002
  4.0069442749023438e+001 0 -1 1.9176710510253906e+002
  2.3804115295410156e+002 1.1640000343322754e+001
  2.6204092407226562e+002 3.3090011596679688e+001 0 -1
  2.0242057800292969e+002 2.3797523498535156e+002
  1.1896552085876465e+001 3.0225955200195312e+002
  3.1004310607910156e+001 0 -1 3.5351635742187500e+002
  2.4240838623046875e+002 1.2687795639038086e+001
  3.1189038085937500e+002 4.5385848999023438e+001 0 -1
  2.7913037109375000e+002 2.4340002441406250e+002
  1.4949728965759277e+001 2.5415484619140625e+002
  4.0802932739257813e+001 0 -1 4.8402310180664062e+002
  2.4269644165039062e+002 1.2599999427795410e+001
  3.0061221313476562e+002 3.7149993896484375e+001 0 -1
  1.5436599731445312e+002 2.4721214294433594e+002
  1.2493225097656250e+001 1.2749742126464844e+002
  3.6139282226562500e+001 0 -1 1.5940837097167969e+002
  2.4694255065917969e+002 1.2551019668579102e+001
  8.9591583251953125e+001 5.0206619262695313e+001 0 -1 279.
  2.4610119628906250e+002 1.4428570747375488e+001
  2.4700271606445312e+002 6.6440475463867188e+001 0 -1
  2.0677667236328125e+002 2.4794055175781250e+002
  1.1117647171020508e+001 2.1509943008422852e+001
  3.9551467895507813e+001 0 -1 2.1353709411621094e+002
  2.4763125610351562e+002 1.4837837219238281e+001
  7.6063804626464844e+000 4.4138504028320313e+001 0 -1 266.
  2.4820162963867187e+002 1.2642857551574707e+001
  2.6455331420898437e+002 4.0160713195800781e+001 0 -1
  3.5798156738281250e+002 2.4849089050292969e+002
  1.2250000000000000e+001 3.3599636840820312e+002
  6.0041671752929688e+001 0 -1 3.8219064331054687e+002
  2.4772175598144531e+002 1.2512194633483887e+001
  1.9099223327636719e+002 4.8149383544921875e+001 0 -1
  3.9463735961914062e+002 2.4856216430664062e+002
  1.1918918609619141e+001 2.1768652343750000e+002
  4.1003379821777344e+001 0 -1 1.5723632812500000e+002
  2.4940249633789062e+002 1.2529412269592285e+001
  9.8994575500488281e+001 3.6066177368164063e+001 0 -1
  1.8420147705078125e+002 2.4861161804199219e+002
  1.2747808456420898e+001 1.0262722015380859e+002
  3.1296142578125000e+001 0 -1 2.7578491210937500e+002
  2.4968594360351562e+002 1.1619718551635742e+001
  2.2594709777832031e+002 6.3142608642578125e+001 0 -1
  2.0500663757324219e+002 2.5192907714843750e+002
  1.3307691574096680e+001 5.5347297668457031e+001
  4.7926284790039062e+001 0 -1 2.1392025756835937e+002
  2.5218789672851562e+002 1.3941177368164063e+001
  2.4199186325073242e+001 1.3433825683593750e+002 0 -1
  2.2109756469726562e+002 2.5233805847167969e+002
  1.4810764312744141e+001 1.6757976531982422e+001
  6.8126449584960938e+001 0 -1 2.2882717895507812e+002
  2.5231300354003906e+002 1.1714284896850586e+001
  3.5632818603515625e+002 5.3047615051269531e+001 0 -1
  4.0051309204101562e+002 2.5167453002929687e+002
  1.3263837814331055e+001 3.0407772827148437e+002
  7.3446075439453125e+001 0 -1 4.0645507812500000e+002
  2.5201237487792969e+002 1.2657322883605957e+001
  3.5531027221679687e+002 3.0237483978271484e+001 0 -1
  4.1595083618164062e+002 2.5227474975585937e+002
  1.1294117927551270e+001 5.0484189987182617e+000
  3.0235298156738281e+001 0 -1 4.2111279296875000e+002
  2.5217439270019531e+002 1.2642857551574707e+001
  4.3541665077209473e+000 3.1160713195800781e+001 0 -1
  4.7364059448242187e+002 2.5241830444335938e+002
  1.3161291122436523e+001 7.8702158927917480e+000
  8.3161300659179688e+001 0 -1 2.2541806030273437e+002
  2.5268324279785156e+002 1.4265302658081055e+001
  1.2416531562805176e+001 8.4786979675292969e+001 0 -1
  2.6660263061523437e+002 2.5239283752441406e+002
  1.5036518096923828e+001 2.2175454711914062e+002
  9.3948379516601562e+001 0 -1 3.5685696411132812e+002
  2.5299133300781250e+002 1.5201633453369141e+001
  3.5160128784179687e+002 1.2533041381835937e+002 0 -1
  2.7586779785156250e+002 2.5558432006835938e+002
  1.2486780166625977e+001 1.8636555480957031e+002
  6.5212287902832031e+001 0 -1 3.8863134765625000e+002
  2.5561935424804687e+002 1.4155869483947754e+001
  1.6973513793945312e+002 3.9426460266113281e+001 0 -1
  2.9251483154296875e+002 2.6155627441406250e+002
  1.1800502777099609e+001 9.2371963500976563e+001
  4.1081588745117188e+001 0 -1 3.1000482177734375e+002
