<?xml version="1.0"?>
<opencv_storage>
<keyPoints>
  2.6800518798828125e+002 2.9935813903808594e+001
  1.3818181991577148e+001 3.6827232360839844e+001
  7.3030303955078125e+001 0 -1 2.8142572021484375e+002
  4.9549140930175781e+001 1.5697674751281738e+001
  3.3344122314453125e+002 1.5133139038085937e+002 0 -1
  3.9853048706054687e+002 5.2414356231689453e+001
  1.4686956405639648e+001 2.3882780075073242e+001
  1.5353155517578125e+002 0 -1 4.3761224365234375e+002
  5.2750000000000000e+001 18. 2.7625839233398438e+002
  5.4476562500000000e+001 0 -1 2.7903390502929687e+002
  5.5412544250488281e+001 1.3505621910095215e+001
  6.3497489929199219e+001 4.4503005981445313e+001 0 -1
  2.6379190063476563e+002 7.5315711975097656e+001
  1.3828865051269531e+001 3.3840393066406250e+002
  1.4396405029296875e+002 0 -1 2.6337774658203125e+002
  7.9860534667968750e+001 1.3444444656372070e+001
  3.5722384643554687e+002 1.1334722900390625e+002 0 -1 344.
  8.2750000000000000e+001 18. 1.1698739624023437e+002 57. 0 -1
  4.2712167358398437e+002 8.1813682556152344e+001
  1.3692060470581055e+001 8.6683227539062500e+001
  5.2881896972656250e+001 0 -1 3.7787438964843750e+002
  1.0121376800537109e+002 1.2214286804199219e+001
  3.1286157226562500e+002 6.5053558349609375e+001 0 -1
  3.7422012329101562e+002 1.0187422943115234e+002
  1.2545454025268555e+001 2.1221783447265625e+002
  5.2272720336914062e+001 0 -1 3.7771640014648437e+002
  1.0463806915283203e+002 1.4694986343383789e+001
  4.0282371520996094e+001 7.1417449951171875e+001 0 -1
  3.2920162963867187e+002 1.4681501770019531e+002
  1.6500000000000000e+001 2.9043246459960937e+002
  4.2875000000000000e+001 0 -1 3.2722058105468750e+002
  1.5132791137695312e+002 1.3581467628479004e+001
  2.4631838989257812e+002 7.4340515136718750e+001 0 -1
  3.2892901611328125e+002 1.5410603332519531e+002
  1.3142856597900391e+001 5.6723083496093750e+001
  5.2761901855468750e+001 0 -1 231. 1.6075000000000000e+002 18.
  2.7012567138671875e+002 63. 0 -1 2.3275000000000000e+002
  1.6075000000000000e+002 18. 2.8928533935546875e+002
  8.4111114501953125e+001 0 -1 2.3314070129394531e+002
  1.6065335083007812e+002 1.6928571701049805e+001
  2.8612268066406250e+002 6.6446426391601562e+001 0 -1 377.
  1.6375000000000000e+002 18. 2.8299093627929687e+002 55. 0 -1
  2.3278730773925781e+002 1.6384362792968750e+002
  1.1968420982360840e+001 2.8200347900390625e+002
  8.8001312255859375e+001 0 -1 2.2991993713378906e+002
  1.6508860778808594e+002 1.1734177589416504e+001
  1.9942832946777344e+002 6.1077529907226563e+001 0 -1
  3.7376202392578125e+002 1.6721994018554687e+002
  1.3448275566101074e+001 2.1495275878906250e+002
  6.7689651489257813e+001 0 -1 3.7674447631835937e+002
  1.6675787353515625e+002 1.1968420982360840e+001
  2.9105526733398438e+002 7.8001312255859375e+001 0 -1
  3.7716757202148437e+002 1.7025512695312500e+002
  1.4083333969116211e+001 5.1541515350341797e+001
  8.2340301513671875e+001 0 -1 3.1234884643554687e+002
  1.8937596130371094e+002 1.6829847335815430e+001
  3.4809509277343750e+002 5.2199966430664062e+001 0 -1
  3.1379507446289062e+002 1.9239648437500000e+002
  1.3451612472534180e+001 3.5049356079101562e+002
  3.1907257080078125e+001 0 -1 3.1065332031250000e+002
  1.9578799438476562e+002 1.2636600494384766e+001
  1.0381278228759766e+002 6.4976226806640625e+001 0 -1
  3.7747433471679687e+002 2.3046759033203125e+002
  1.4849999427795410e+001 3.1096792602539062e+002
  5.2512496948242188e+001 0 -1 2.3148448181152344e+002
  2.3059848022460938e+002 1.2110180854797363e+001
  2.9774176025390625e+002 7.9355560302734375e+001 0 -1
  3.7612881469726562e+002 2.3393621826171875e+002
  1.2512194633483887e+001 3.2765640258789062e+002
  7.3298767089843750e+001 0 -1 3.7738900756835937e+002
  2.3739158630371094e+002 1.3894737243652344e+001
  4.5724941253662109e+001 5.1894729614257813e+001 0 -1
  2.2867443847656250e+002 2.9725332641601562e+002
  1.4707317352294922e+001 2.4777622985839844e+002
  6.1173782348632813e+001 0 -1 2.2974211120605469e+002
  2.9722738647460938e+002 1.4135744094848633e+001
  2.8440863037109375e+002 6.2322265625000000e+001 0 -1 377.
  2.9875000000000000e+002 18. 3.2072070312500000e+002 49. 0 -1
  3.7474813842773437e+002 3.0032546997070312e+002
  1.2549296379089355e+001 3.0804855346679687e+002
  6.9297546386718750e+001 0 -1 2.2757575988769531e+002
  3.0139471435546875e+002 1.5479999542236328e+001
  1.2303902435302734e+002 4.7204994201660156e+001 0 -1
  2.3072212219238281e+002 3.0146575927734375e+002
  1.4926663398742676e+001 6.1852287292480469e+001
  8.0320251464843750e+001 0 -1 3.7039874267578125e+002
  3.0369671630859375e+002 1.4657142639160156e+001
  1.5009196472167969e+002 5.4432144165039063e+001 0 -1
  3.7471731567382812e+002 3.0419802856445312e+002
  1.4279546737670898e+001 5.6676658630371094e+001
  3.9783073425292969e+001 0 -1 4.3762771606445312e+002
  5.2791221618652344e+001 2.0560985565185547e+001
  2.7836422729492187e+002 5.8244956970214844e+001 1 -1
  4.2629241943359375e+002 6.6845291137695313e+001
  2.1106651306152344e+001 2.1942422485351562e+002
  8.8907402038574219e+001 1 -1 4.3703851318359375e+002
  6.8130073547363281e+001 1.6816139221191406e+001
  2.3584560394287109e+001 5.5167491912841797e+001 1 -1
  2.6330474853515625e+002 7.7780364990234375e+001
  1.7544567108154297e+001 1.1651810646057129e+001
  1.1150045776367187e+002 1 -1 3.3809671020507812e+002
  8.1537940979003906e+001 1.7888889312744141e+001
  1.5512623596191406e+002 1.8000924682617187e+002 1 -1
  3.7046875000000000e+002 1.0223812866210937e+002
  2.0437500000000000e+001 1.9090698242187500e+002
  8.1640625000000000e+001 1 -1 374. 102. 12. 2.0645770263671875e+002
  4.7333007812500000e+001 1 -1 2.3153900146484375e+002
  1.6366783142089844e+002 1.6875000000000000e+001
  2.4606036376953125e+002 6.5562500000000000e+001 1 -1
  3.7444638061523437e+002 1.6709770202636719e+002
  1.6117820739746094e+001 2.2745845031738281e+002
  6.1995452880859375e+001 1 -1 3.1075000000000000e+002
  1.9050000000000000e+002 24. 8.8296638488769531e+001 50. 1 -1
  3.7512341308593750e+002 2.3409808349609375e+002
  1.7175876617431641e+001 6.3010585784912109e+001
  5.2526443481445313e+001 1 -1 3.6977194213867187e+002
  2.9859844970703125e+002 2.1636779785156250e+001
  2.1105842590332031e+002 7.5978607177734375e+001 1 -1
  3.7496032714843750e+002 3.0035433959960937e+002
  1.2117584228515625e+001 3.1236495971679687e+002
  7.3765220642089844e+001 1 -1 2.8054757690429687e+002
  4.9824058532714844e+001 2.2930356979370117e+001
  3.5820941162109375e+002 1.6448431396484375e+002 2 -1
  3.9724475097656250e+002 5.2373558044433594e+001
  2.5438470840454102e+001 3.9371768951416016e+001
  1.7630241394042969e+002 2 -1 4.3850137329101562e+002
  5.3080375671386719e+001 2.7774242401123047e+001
  3.5496099853515625e+002 6.6710289001464844e+001 2 -1
  4.3785385131835937e+002 6.7485565185546875e+001
  2.6750831604003906e+001 3.4491235351562500e+002
  5.9536945343017578e+001 2 -1 2.6335174560546875e+002
  7.5825294494628906e+001 1.8654140472412109e+001
  1.3844938278198242e+001 1.1350054931640625e+002 2 -1
  3.4105175781250000e+002 8.0663955688476563e+001
  2.9679790496826172e+001 1.5509625244140625e+002
  2.0455700683593750e+002 2 -1 4.2619174194335937e+002
  8.0413841247558594e+001 2.6005779266357422e+001
  9.9803909301757813e+001 8.0468826293945313e+001 2 -1
  3.7263342285156250e+002 1.0036658477783203e+002
  2.7201885223388672e+001 5.1293395996093750e+001
  1.1454589843750000e+002 2 -1 2.3618261718750000e+002
  1.0151144409179687e+002 2.7231794357299805e+001
  2.8487066268920898e+001 8.7440795898437500e+001 2 -1
  3.7178543090820312e+002 1.0317776489257812e+002
  2.7500000000000000e+001 5.4704650878906250e+001
  9.6041664123535156e+001 2 -1 3.7930010986328125e+002
  1.0382716369628906e+002 3.0271770477294922e+001
  3.8203037261962891e+001 1.5327433776855469e+002 2 -1
  3.2378149414062500e+002 1.5121359252929687e+002
  2.9202533721923828e+001 2.6545144653320312e+002
