<?xml version="1.0"?>
<opencv_storage>
<keyPoints>
  2.9968475341796875e+002 7.8536193847656250e+001
  1.2741800308227539e+001 8.9918075561523438e+001
  4.8083160400390625e+001 0 -1 2.3665299987792969e+002
  1.1542615509033203e+002 1.5144165039062500e+001
  8.0794578552246094e+001 5.6539413452148438e+001 0 -1
  3.3852734375000000e+002 1.2251959228515625e+002
  1.4454545974731445e+001 8.6319595336914063e+001
  5.2681823730468750e+001 0 -1 4.3847946166992187e+002
  1.3066935729980469e+002 1.6981801986694336e+001
  8.5840553283691406e+001 5.4045623779296875e+001 0 -1
  4.2228057861328125e+002 1.8558843994140625e+002
  1.5081081390380859e+001 3.1777453613281250e+002
  9.7756744384765625e+001 0 -1 3.1310656738281250e+002
  1.9759013366699219e+002 1.5348089218139648e+001
  2.4607069396972656e+002 3.8275527954101563e+001 0 -1
  4.3461337280273437e+002 2.1250283813476562e+002
  1.4818181991577148e+001 3.0060629272460937e+002
  3.5640151977539062e+001 0 -1 3.7215423583984375e+002
  2.9401779174804688e+002 1.3114285469055176e+001
  4.6633869171142578e+001 4.1603569030761719e+001 0 -1
  2.3498651123046875e+002 1.1485496520996094e+002 24.
  8.9000816345214844e+001 6.3708984375000000e+001 1 -1
  4.7420892333984375e+002 1.3377143859863281e+002
  1.9589166641235352e+001 9.4520362854003906e+001
  3.1249107360839844e+001 1 -1 2.2525000000000000e+002
  1.3650000000000000e+002 24. 1.3377836608886719e+002 56. 1 -1
  4.0041394042968750e+002 1.4245062255859375e+002
  2.3426593780517578e+001 1.0685353851318359e+002
  6.0265518188476563e+001 1 -1 4.2447692871093750e+002
  1.4847496032714844e+002 2.3852388381958008e+001
  9.0236145019531250e+001 1.6389688110351562e+002 1 -1
  3.3406094360351562e+002 1.8040913391113281e+002
  2.0318618774414063e+001 2.8775128173828125e+002
  3.1657485961914063e+001 1 -1 3.3281903076171875e+002
  2.0544641113281250e+002 1.8068164825439453e+001
  3.0027310180664062e+002 3.8001266479492188e+001 1 -1
  3.1177087402343750e+002 2.1504040527343750e+002
  1.9826080322265625e+001 1.5828416442871094e+002
  3.4946853637695313e+001 1 -1 2.9943594360351562e+002
  7.9027153015136719e+001 1.9411460876464844e+001
  9.2249740600585938e+001 3.4325626373291016e+001 2 -1
  2.4089872741699219e+002 1.1430543518066406e+002
  2.6971553802490234e+001 8.6147331237792969e+001
  3.7850421905517578e+001 2 -1 3.3230386352539062e+002
  1.2256552886962891e+002 2.6352066040039063e+001
  9.0566169738769531e+001 7.8089515686035156e+001 2 -1
  3.3649377441406250e+002 1.2306685638427734e+002
  2.6281772613525391e+001 8.9224395751953125e+001
  7.1166893005371094e+001 2 -1 1.4820581054687500e+002
  1.2835119628906250e+002 2.8204696655273438e+001
  3.2104541015625000e+002 1.7068957519531250e+002 2 -1
  4.3148999023437500e+002 1.3068498229980469e+002
  2.5878353118896484e+001 9.2331230163574219e+001
  6.8428016662597656e+001 2 -1 4.0029330444335937e+002
  1.4200161743164062e+002 2.4672832489013672e+001
  1.0393871307373047e+002 5.7010620117187500e+001 2 -1
  4.2346844482421875e+002 1.4879562377929687e+002
  2.8672576904296875e+001 9.2946006774902344e+001
  1.6192889404296875e+002 2 -1 2.7006503295898437e+002
  1.7423075866699219e+002 2.6607658386230469e+001
  1.5234728813171387e+001 1.7703198242187500e+002 2 -1
  3.3444381713867187e+002 1.8048373413085937e+002
  2.5909091949462891e+001 2.8832501220703125e+002
  3.3185607910156250e+001 2 -1 4.2065753173828125e+002
  1.8576164245605469e+002 2.5940031051635742e+001
  2.6229180908203125e+002 1.6552148437500000e+002 2 -1
  2.1284999084472656e+002 1.9547558593750000e+002
  3.1074800491333008e+001 2.9083984375000000e+002
  6.2627399444580078e+001 2 -1 2.3094871520996094e+002
  1.9703205871582031e+002 27. 2.9679345703125000e+002
  5.0625000000000000e+001 2 -1 3.1597979736328125e+002
  2.0198542785644531e+002 3.5874633789062500e+001
  2.5346151733398437e+002 6.7112670898437500e+001 2 -1
  2.6707699584960937e+002 2.0670889282226562e+002
  2.5417713165283203e+001 3.4325674438476562e+002
  4.2196792602539063e+001 2 -1 4.1377761840820312e+002
  2.0748355102539062e+002 2.8996078491210938e+001
  2.2309510803222656e+002 6.6107910156250000e+001 2 -1
  4.3411322021484375e+002 2.1272705078125000e+002
  2.7324325561523438e+001 3.2358148193359375e+002
  5.0893024444580078e+001 2 -1 3.8747344970703125e+002
  2.1558840942382812e+002 2.4291671752929688e+001
  2.1624517822265625e+002 4.6526325225830078e+001 2 -1
  2.6407543945312500e+002 2.3495080566406250e+002
  2.8532558441162109e+001 3.5186807250976562e+002
  1.5978308105468750e+002 2 -1 3.8638613891601562e+002
  2.4370857238769531e+002 2.7967613220214844e+001
  1.5893919372558594e+002 1.8200917053222656e+002 2 -1
  3.7242355346679687e+002 2.9434091186523437e+002
  2.2384614944458008e+001 3.4285964965820313e+001
  3.2314098358154297e+001 2 -1 2.3975099182128906e+002
  1.1344821166992187e+002 4.1617504119873047e+001
  8.9280456542968750e+001 3.6792243957519531e+001 3 -1
  2.3363650512695312e+002 1.1538106536865234e+002
  3.2376556396484375e+001 9.0564086914062500e+001
  6.9454879760742187e+001 3 -1 4.3554650878906250e+002
  1.3052539062500000e+002 3.2769229888916016e+001
  9.1394783020019531e+001 6.8471153259277344e+001 3 -1
  2.2645953369140625e+002 1.4065399169921875e+002
  4.0827415466308594e+001 7.0536254882812500e+001
  1.0515231323242187e+002 3 -1 3.0676312255859375e+002
  1.3984884643554687e+002 3.1733819961547852e+001
  9.1555351257324219e+001 1.5286315917968750e+002 3 -1
  2.2677923583984375e+002 1.9585519409179687e+002 39.
  3.3691995239257812e+002 5.4250030517578125e+001 3 -1
  3.1485867309570312e+002 2.0460728454589844e+002 46.
  3.0944656372070312e+002 7.5166664123535156e+001 3 -1
  3.2502450561523438e+002 2.0418905639648437e+002
  3.6588237762451172e+001 2.8867062377929687e+002
  5.8061279296875000e+001 3 -1 4.1707891845703125e+002
  2.1350000000000000e+002 48. 2.5936630249023437e+002
  8.7835937500000000e+001 3 -1 4.2989477539062500e+002
  2.1175256347656250e+002 3.7428573608398437e+001
  3.1836001586914063e+002 5.8446411132812500e+001 3 -1
  3.3669671630859375e+002 1.2208750915527344e+002
  5.0307689666748047e+001 9.1335578918457031e+001
  6.1080127716064453e+001 4 -1 2.2686932373046875e+002
  1.4097807312011719e+002 4.2539489746093750e+001
  7.0416213989257813e+001 1.0140836334228516e+002 4 -1
  2.5209059143066406e+002 1.4291143798828125e+002
  4.3984901428222656e+001 7.5152671813964844e+001
  1.0884053802490234e+002 4 -1 1.8110000610351562e+002
  1.5194999694824219e+002 6.1199996948242188e+001
  3.7228538513183594e+001 9.4049995422363281e+001 4 -1
  2.7009420776367187e+002 1.7460374450683594e+002
  4.4087619781494141e+001 3.4652905273437500e+002
  1.5752754211425781e+002 4 -1 1.7931925964355469e+002
  1.8106898498535156e+002 5.5909091949462891e+001
  4.3499588012695313e+001 9.3185607910156250e+001 4 -1
  4.2078527832031250e+002 1.8654289245605469e+002
  4.4424758911132813e+001 2.7077099609375000e+002
  1.5464140319824219e+002 4 -1 2.3723524475097656e+002
  1.9961122131347656e+002 5.4525890350341797e+001
  1.1197218894958496e+001 7.1985160827636719e+001 4 -1
  3.2752853393554687e+002 2.0380364990234375e+002
  4.5789474487304688e+001 3.2119534301757812e+002
  4.4107456207275391e+001 4 -1 3.1515454101562500e+002
  2.0737927246093750e+002 5.7749450683593750e+001
  3.3429516601562500e+002 9.1399475097656250e+001 4 -1
  2.3649121093750000e+002 2.0776127624511719e+002
  5.5707260131835938e+001 1.5111422538757324e+001
  6.7319030761718750e+001 4 -1 3.3682107543945312e+002
  2.1037660217285156e+002 5.7625110626220703e+001
  3.4398602294921875e+002 8.6388854980468750e+001 4 -1
  4.1639151000976562e+002 2.1569612121582031e+002
  6.2103870391845703e+001 1.1983007431030273e+001
  9.4879089355468750e+001 4 -1 4.3948852539062500e+002
  2.1589375305175781e+002 5.1632003784179688e+001
  3.5795678710937500e+002 8.2332298278808594e+001 4 -1
  1.8250000000000000e+002 1.5313635253906250e+002 72.
  4.4872066497802734e+001 9.3609428405761719e+001 5 -1
  1.7530197143554687e+002 1.8250000000000000e+002 72.
