%YAML:1.0
---
recording:
   type: VideoRecording
   recordId: Action_20180109T151815
   channelId: main
   timeStamp: "131599846955490000"
   sessionTimestamp: "0"
   width: 0
   height: 0
   frameCount: 112
   fps: 2.9969999999999999e+001
   recordingType: 2000
   frameTransformRect: [ [ -1, -1 ], [ -1, -1 ], [ -1, -1 ], [ -1, -1 ] ]
   trackingMode: 0
   segments:
      - { startFrame:39, stopFrame:58, segmentType:2000, focusFrame:-1,
          focusPoint:{ values:[ -1., -1. ], type:Vector2 }, isFragment:0 }
      - { startFrame:0, stopFrame:105, segmentType:1000, focusFrame:-1,
          focusPoint:{ values:[ -1., -1. ], type:Vector2 }, isFragment:0 }
   framesRelTs: [ "0", "240000", "440000", "650000", "950000", "1850000",
       "2020000", "2210000", "2380000", "2600000", "2920000", "3300000",
       "3570000", "3890000", "4230000", "4730000", "4900000", "5200000",
       "5530000", "5850000", "6200000", "6520000", "6840000", "7170000",
       "7630000", "7850000", "8170000", "8510000", "8830000", "9170000",
       "9500000", "9830000", "10160000", "10570000", "10820000",
       "11140000", "11470000", "11790000", "12120000", "12460000",
       "12790000", "13110000", "13470000", "13780000", "14090000",
       "14420000", "14750000", "15080000", "15410000", "15750000",
       "16080000", "16470000", "16750000", "17060000", "17380000",
       "17920000", "18100000", "18360000", "18700000", "19020000",
       "19410000", "19690000", "20010000", "20340000", "20880000",
       "21070000", "21330000", "21680000", "22010000", "22390000",
       "22670000", "22990000", "23320000", "23830000", "24020000",
       "24300000", "24510000", "24790000", "25300000", "25620000",
       "25930000", "26130000", "26790000", "26970000", "27250000",
       "27450000", "27740000", "28230000", "28440000", "28730000",
       "29060000", "29380000", "29730000", "30030000", "30370000",
       "30690000", "31200000", "31410000", "31670000", "32010000",
       "32330000", "32680000", "33000000", "33320000", "33660000",
       "34140000", "34330000", "34640000", "34970000", "35300000",
       "35640000", "36310000" ]
   chunks:
      - { path:"Recordings/Action_20180109T151815/recording.avi",
          startFrameIdx:0 }
