%YAML:1.0
---
recording:
   type: VideoRecording
   recordId: Action_20171121T162647
   channelId: streamed D5803
   timeStamp: "131557552072890000"
   sessionTimestamp: "0"
   width: 0
   height: 0
   frameCount: 57
   fps: 2.9969999999999999e+001
   recordingType: 2000
   frameTransformRect: [ [ -1, -1 ], [ -1, -1 ], [ -1, -1 ], [ -1, -1 ] ]
   trackingMode: 1
   segments:
      - { startFrame:15, stopFrame:45, segmentType:2000, focusFrame:-1,
          focusPoint:{ values:[ -1., -1. ], type:Vector2 }, isFragment:0 }
      - { startFrame:0, stopFrame:50, segmentType:1000, focusFrame:-1,
          focusPoint:{ values:[ -1., -1. ], type:Vector2 }, isFragment:0 }
   framesRelTs: [ "0", "330000", "2000000", "3130000", "3900000",
       "4690000", "5490000", "6300000", "7150000", "7920000", "8740000",
       "9570000", "10360000", "11150000", "12020000", "12830000",
       "13670000", "14540000", "15320000", "16120000", "16970000",
       "17830000", "18670000", "19460000", "20370000", "21190000",
       "22120000", "23000000", "23820000", "24680000", "25500000",
       "26310000", "27130000", "28000000", "28770000", "29630000",
       "30420000", "31250000", "32060000", "32850000", "33690000",
       "34520000", "35360000", "36140000", "36990000", "37880000",
       "38700000", "39530000", "40360000", "41200000", "42050000",
       "42950000", "43780000", "44600000", "45470000", "46360000",
       "47740000" ]
   chunks:
      - { path:"Recordings/Action_20171121T162647/recording.avi",
          startFrameIdx:0 }
