<?xml version="1.0"?>
<opencv_storage>
<keyPoints>
  2.6513851928710937e+002 3.0131570816040039e+001
  1.4547170639038086e+001 8.9207847595214844e+001
  7.9775939941406250e+001 0 -1 2.6785681152343750e+002
  3.0014347076416016e+001 1.4500000000000000e+001
  8.8818237304687500e+001 7.7208343505859375e+001 0 -1
  2.8147482299804687e+002 4.9499897003173828e+001
  1.5382979393005371e+001 3.1080154418945312e+002
  1.5494146728515625e+002 0 -1 3.9851336669921875e+002
  5.2429962158203125e+001 1.4840707778930664e+001
  2.6877906799316406e+001 1.5266485595703125e+002 0 -1
  4.4048782348632812e+002 5.1774837493896484e+001
  1.4636363983154297e+001 2.8360562133789062e+002
  4.7185607910156250e+001 0 -1 2.7911868286132812e+002
  5.5464263916015625e+001 1.3430010795593262e+001
  7.8512199401855469e+001 4.4344955444335938e+001 0 -1
  4.2719311523437500e+002 6.6108825683593750e+001
  1.4882352828979492e+001 2.2147624206542969e+002
  7.5884811401367188e+001 0 -1 4.4050527954101562e+002
  6.7984764099121094e+001 1.4039999008178711e+001
  2.1297412872314453e+001 3.6445007324218750e+001 0 -1
  2.0077532958984375e+002 7.4117507934570313e+001
  1.3275612831115723e+001 2.3551202392578125e+002
  1.3247375488281250e+002 0 -1 2.6385006713867187e+002
  7.5277427673339844e+001 1.3820142745971680e+001
  2.9147631835937500e+002 1.4392572021484375e+002 0 -1
  2.0066331481933594e+002 7.8753219604492187e+001
  1.2850227355957031e+001 2.2000544738769531e+002
  1.1988879394531250e+002 0 -1 2.6347216796875000e+002
  7.9832893371582031e+001 1.3363636016845703e+001
  3.1121640014648437e+002 1.1427273559570312e+002 0 -1 344.
  8.2750000000000000e+001 18. 1.1683912658691406e+002 55. 0 -1 233.
  9.4750000000000000e+001 18. 2.9157904052734375e+002 63. 0 -1
  3.7525000000000000e+002 9.7750000000000000e+001 18.
  2.6340466308593750e+002 7.3111114501953125e+001 0 -1
  2.3171769714355469e+002 9.8002563476562500e+001
  1.3699999809265137e+001 1.9907310485839844e+002
  6.1408325195312500e+001 0 -1 2.3492456054687500e+002
  9.7793205261230469e+001 1.1300000190734863e+001
  3.2088528442382812e+002 8.2816680908203125e+001 0 -1
  2.3172921752929687e+002 1.0055413055419922e+002
  1.1176469802856445e+001 1.4527671813964844e+002
  7.1960784912109375e+001 0 -1 2.3536923217773437e+002
  1.0150651550292969e+002 1.4877551078796387e+001
  5.1643871307373047e+001 7.4635208129882813e+001 0 -1
  3.7756689453125000e+002 1.0109592437744141e+002
  1.2224999427795410e+001 3.0244967651367187e+002
  5.6056243896484375e+001 0 -1 3.7423458862304687e+002
  1.0201160430908203e+002 1.2500000000000000e+001
  2.0654360961914062e+002 6.1291656494140625e+001 0 -1
  2.3328410339355469e+002 1.6059320068359375e+002
  1.6092824935913086e+001 2.8189868164062500e+002
  7.3036621093750000e+001 0 -1 375. 1.6375000000000000e+002 18.
  2.5782443237304687e+002 79. 0 -1 375. 1.6375000000000000e+002 18.
  2.5782443237304687e+002 77. 0 -1 3.7701574707031250e+002
  1.6374104309082031e+002 1.7888889312744141e+001
  2.7988903808593750e+002 6.0004623413085937e+001 0 -1
  2.3299032592773437e+002 1.6402691650390625e+002
  1.2585365295410156e+001 2.9246343994140625e+002
  7.9390228271484375e+001 0 -1 2.3012754821777344e+002
  1.6530239868164062e+002 1.1907216072082520e+001
  1.9789442443847656e+002 6.7011596679687500e+001 0 -1
  3.7399285888671875e+002 1.6700782775878906e+002
  1.3086956977844238e+001 2.2143434143066406e+002
  7.0132232666015625e+001 0 -1 3.7636413574218750e+002
  1.6649230957031250e+002 1.2417722702026367e+001
  2.7668515014648437e+002 6.6191467285156250e+001 0 -1
  3.7729113769531250e+002 1.7019705200195312e+002
  1.4154930114746094e+001 4.7431098937988281e+001
  8.2579223632812500e+001 0 -1 3.4120272827148437e+002
  1.7859497070312500e+002 1.6135135650634766e+001
  3.4948059082031250e+002 5.2787155151367188e+001 0 -1 335.
  1.7905726623535156e+002 1.2585365295410156e+001
  2.4053326416015625e+002 7.8390228271484375e+001 0 -1
  3.0319335937500000e+002 2.0386206054687500e+002 15.
  2.3911244201660156e+002 9.8500000000000000e+001 0 -1 308.
  2.0585000610351562e+002 1.2450000762939453e+001
  3.2395614624023437e+002 3.3112503051757813e+001 0 -1
  3.0260314941406250e+002 2.0616926574707031e+002
  1.2160786628723145e+001 2.1195701599121094e+002
  3.5671600341796875e+001 0 -1 3.0559225463867187e+002
  2.0910050964355469e+002 1.2947368621826172e+001
  3.2847164916992187e+002 1.1542108154296875e+002 0 -1
  2.2857435607910156e+002 2.2745535278320312e+002
  1.4666666030883789e+001 2.4370755004882812e+002
  8.7111114501953125e+001 0 -1 2.2963098144531250e+002 230.
  1.3161291122436523e+001 2.4187596130371094e+002
  6.8161300659179687e+001 0 -1 2.3155139160156250e+002
  2.3056103515625000e+002 1.2078947067260742e+001
  2.9734188842773437e+002 7.2006576538085938e+001 0 -1
  3.7409527587890625e+002 2.3315888977050781e+002
  1.4345455169677734e+001 2.4212265014648437e+002
  7.1202285766601562e+001 0 -1 3.7628207397460937e+002
  2.3308120727539062e+002 1.3054054260253906e+001
  3.0910351562500000e+002 7.2141876220703125e+001 0 -1
  3.8039080810546875e+002 2.3456036376953125e+002
  1.4678571701049805e+001 9.9853301048278809e-001
  6.4580352783203125e+001 0 -1 233. 2.9575000000000000e+002 18.
  3.2005795288085937e+002 59. 0 -1 2.3070471191406250e+002
  2.9708511352539062e+002 1.1933333396911621e+001
  2.9840731811523438e+002 7.1005554199218750e+001 0 -1
  2.2867095947265625e+002 2.9804251098632812e+002
  1.4612903594970703e+001 2.3357872009277344e+002
  4.9939529418945313e+001 0 -1 3.7715145874023437e+002
  2.9866162109375000e+002 1.7222221374511719e+001
  3.2172158813476562e+002 6.0226852416992188e+001 0 -1
  3.7251730346679687e+002 2.9998260498046875e+002
  1.3571428298950195e+001 2.4815936279296875e+002
  6.9160705566406250e+001 0 -1 3.7474130249023437e+002
  2.9984753417968750e+002 1.1790697097778320e+001
  3.0058996582031250e+002 7.2052337646484375e+001 0 -1
  2.3163504028320312e+002 3.0141601562500000e+002
  1.4902101516723633e+001 4.8269218444824219e+001
  8.7967315673828125e+001 0 -1 2.8058181762695312e+002
  4.9591831207275391e+001 2.1170490264892578e+001
  2.9849664306640625e+002 1.6451901245117187e+002 1 -1
  4.3766558837890625e+002 5.2608520507812500e+001
  2.0580211639404297e+001 2.7867642211914062e+002
  5.8321601867675781e+001 1 -1 4.3702642822265625e+002
  6.7857086181640625e+001 1.7498573303222656e+001
  1.9735084533691406e+001 5.6041885375976563e+001 1 -1
  2.6337921142578125e+002 7.7668464660644531e+001
  1.7486738204956055e+001 3.0632943725585937e+002
  1.0655096435546875e+002 1 -1 3.3819976806640625e+002
  8.1453330993652344e+001 18. 1.5523658752441406e+002 178. 1 -1
  3.7225000000000000e+002 1.0002204895019531e+002
  1.9588233947753906e+001 2.2585906982421875e+002
  8.6191192626953125e+001 1 -1 374. 102. 12. 2.0442646789550781e+002
  5.6333332061767578e+001 1 -1 3.7125018310546875e+002
  1.0361100006103516e+002 2.0400001525878906e+001
  1.8028649902343750e+002 9.1199981689453125e+001 1 -1
  2.2825000000000000e+002 1.6296025085449219e+002
  2.0612903594970703e+001 2.1747622680664062e+002
  9.9939514160156250e+001 1 -1 2.3115756225585937e+002
  1.6402798461914062e+002 1.7026023864746094e+001
  2.4156845092773437e+002 6.6338180541992188e+001 1 -1
  3.7062979125976562e+002 1.6772012329101562e+002
  2.1450000762939453e+001 2.0080981445312500e+002
  1.0261248779296875e+002 1 -1 3.7580969238281250e+002
  1.6644708251953125e+002 1.5685714721679688e+001
  2.6294445800781250e+002 6.1603561401367187e+001 1 -1
  3.0319335937500000e+002 2.0386206054687500e+002 15.
  2.3911244201660156e+002 93. 1 -1 2.2855656433105469e+002
  2.9719873046875000e+002 1.8230768203735352e+001
  2.4060604858398437e+002 5.4009613037109375e+001 1 -1
  3.9733093261718750e+002 5.2341812133789063e+001
  2.5232471466064453e+001 3.8985816955566406e+001
  1.7417259216308594e+002 2 -1 4.3850729370117187e+002
  5.2983665466308594e+001 2.8022535324096680e+001
  6.6369621276855469e+001 6.7644096374511719e+001 2 -1
  2.2927470397949219e+002 5.7239273071289063e+001
