%YAML:1.0
---
recording:
   type: VideoRecording
   recordId: Action_20180109T154044
   channelId: main
   timeStamp: "131599860444970000"
   sessionTimestamp: "0"
   width: 0
   height: 0
   frameCount: 364
   fps: 2.9969999999999999e+001
   recordingType: 2000
   frameTransformRect: [ [ -1, -1 ], [ -1, -1 ], [ -1, -1 ], [ -1, -1 ] ]
   trackingMode: 0
   segments:
      - { startFrame:84, stopFrame:101, segmentType:2000, focusFrame:-1,
          focusPoint:{ values:[ -1., -1. ], type:Vector2 }, isFragment:0 }
      - { startFrame:211, stopFrame:332, segmentType:2000, focusFrame:-1,
          focusPoint:{ values:[ -1., -1. ], type:Vector2 }, isFragment:0 }
      - { startFrame:0, stopFrame:357, segmentType:1000, focusFrame:-1,
          focusPoint:{ values:[ -1., -1. ], type:Vector2 }, isFragment:0 }
   framesRelTs: [ "0", "250000", "450000", "630000", "820000", "2250000",
       "2420000", "2600000", "2770000", "2950000", "3110000", "4000000",
       "4170000", "4370000", "4550000", "4720000", "4880000", "5740000",
       "5910000", "6070000", "6240000", "6400000", "6580000", "7520000",
       "7670000", "7860000", "8030000", "8230000", "8410000", "9250000",
       "9410000", "9580000", "9750000", "10060000", "10360000",
       "11060000", "11210000", "11390000", "11660000", "12000000",
       "12810000", "12970000", "13150000", "13340000", "13670000",
       "13980000", "14630000", "14780000", "14980000", "15300000",
       "15620000", "16380000", "16530000", "16700000", "16930000",
       "17270000", "17610000", "18100000", "18270000", "18580000",
       "18920000", "19240000", "19910000", "20070000", "20240000",
       "20560000", "20890000", "21680000", "21850000", "22000000",
       "22210000", "22540000", "22860000", "23420000", "23600000",
       "23860000", "24170000", "24500000", "25180000", "25340000",
       "25520000", "25820000", "26150000", "26940000", "27110000",
       "27300000", "27490000", "27820000", "28140000", "28690000",
       "28840000", "29140000", "29470000", "29790000", "30510000",
       "30660000", "30830000", "31100000", "31430000", "32270000",
       "32440000", "32600000", "32770000", "33090000", "33420000",
       "34050000", "34210000", "34420000", "34600000", "34930000",
       "35270000", "35780000", "35950000", "36230000", "36570000",
       "36890000", "37570000", "37720000", "37900000", "38200000",
       "38540000", "39330000", "39540000", "39700000", "39890000",
       "40210000", "40550000", "41060000", "41230000", "41530000",
       "41870000", "42200000", "42850000", "43030000", "43200000",
       "43500000", "43830000", "44590000", "44770000", "44920000",
       "45130000", "45460000", "45790000", "46330000", "46490000",
       "46770000", "47110000", "47430000", "48100000", "48270000",
       "48440000", "48730000", "49070000", "49910000", "50070000",
       "50240000", "50400000", "50700000", "51040000", "51670000",
       "51830000", "52040000", "52350000", "52680000", "53440000",
       "53610000", "53760000", "54000000", "54330000", "54650000",
       "55210000", "55370000", "55620000", "55960000", "56280000",
       "56980000", "57150000", "57300000", "57590000", "57910000",
       "58730000", "58920000", "59110000", "59280000", "59570000",
       "59880000", "60490000", "60640000", "60860000", "61190000",
       "61520000", "62230000", "62390000", "62580000", "62840000",
       "63170000", "63990000", "64150000", "64320000", "64500000",
       "64810000", "65140000", "65740000", "65900000", "66130000",
       "66450000", "66770000", "67490000", "67660000", "67830000",
       "68090000", "68420000", "69230000", "69400000", "69580000",
       "69760000", "70100000", "70410000", "70970000", "71140000",
       "71410000", "71730000", "72060000", "72750000", "72910000",
       "73070000", "73360000", "73690000", "74490000", "74680000",
       "74870000", "75040000", "75350000", "75680000", "76230000",
       "76400000", "76650000", "76990000", "77310000", "77980000",
       "78150000", "78330000", "78630000", "78810000", "79780000",
       "79930000", "80120000", "80270000", "80470000", "80800000",
       "81550000", "81730000", "81880000", "82100000", "82430000",
       "82770000", "83250000", "83440000", "83750000", "84080000",
       "84410000", "84980000", "85140000", "85410000", "85730000",
       "86050000", "86770000", "86930000", "87090000", "87370000",
       "87710000", "88470000", "88640000", "88790000", "89010000",
       "89330000", "89660000", "90220000", "90400000", "90650000",
       "90970000", "91290000", "91960000", "92140000", "92310000",
       "92610000", "92940000", "93690000", "93870000", "94040000",
       "94260000", "94570000", "94910000", "95440000", "95620000",
       "95900000", "96230000", "96540000", "97160000", "97320000",
       "97530000", "97860000", "98190000", "98880000", "99040000",
       "99210000", "99510000", "99830000", "100600000", "100780000",
       "100930000", "101140000", "101480000", "101800000", "102360000",
       "102530000", "102780000", "103110000", "103450000", "104130000",
       "104290000", "104470000", "104750000", "105080000", "105870000",
       "106070000", "106260000", "106440000", "106720000", "107050000",
       "107620000", "107790000", "108050000", "108370000", "108690000",
       "109420000", "109590000", "109770000", "110000000", "110330000",
       "110660000", "111170000", "111340000", "111640000", "111970000",
       "112290000", "112900000", "113070000", "113290000", "113620000",
       "113950000", "114630000", "114810000", "114980000", "115270000",
       "115600000", "116350000", "116510000", "116670000", "116910000",
       "117250000", "117580000", "118110000", "119600000" ]
   chunks:
      - { path:"Recordings/Action_20180109T154044/recording.avi",
          startFrameIdx:0 }
