%YAML:1.0
---
recording:
   type: VideoRecording
   recordId: Action_20171122T125740
   channelId: main
   timeStamp: "131558290610010000"
   sessionTimestamp: "0"
   width: -1
   height: -1
   frameCount: 79
   fps: 2.9969999999999999e+001
   recordingType: 2000
   frameTransformRect: [ [ -1, -1 ], [ -1, -1 ], [ -1, -1 ], [ -1, -1 ] ]
   trackingMode: 1
   segments:
      - { startFrame:32, stopFrame:49, segmentType:2000, focusFrame:-1,
          focusPoint:{ values:[ -1., -1. ], type:Vector2 }, isFragment:0 }
      - { startFrame:0, stopFrame:72, segmentType:1000, focusFrame:-1,
          focusPoint:{ values:[ -1., -1. ], type:Vector2 }, isFragment:0 }
   framesRelTs: [ "0", "700000", "1240000", "1760000", "2290000",
       "2820000", "3290000", "4000000", "4460000", "5260000", "5820000",
       "6530000", "7080000", "7700000", "8220000", "9220000", "9810000",
       "10470000", "10970000", "11650000", "12150000", "12770000",
       "13240000", "14280000", "14870000", "15780000", "16400000",
       "17080000", "17580000", "18290000", "18850000", "19510000",
       "20060000", "20730000", "21270000", "21870000", "22370000",
       "23020000", "23540000", "24290000", "24800000", "25430000",
       "25880000", "26660000", "27220000", "27970000", "28510000",
       "29180000", "29660000", "30320000", "30850000", "31570000",
       "32150000", "32880000", "33520000", "34130000", "34590000",
       "35280000", "35810000", "36610000", "37180000", "37720000",
       "38200000", "38920000", "39490000", "40140000", "40800000",
       "41420000", "41870000", "42610000", "43110000", "43810000",
       "44310000", "45060000", "45690000", "46410000", "46890000",
       "47750000", "48620000" ]
   chunks:
      - { path:"Recordings/Action_20171122T125740/recording.avi",
          startFrameIdx:0 }
