%YAML:1.0
---
recording:
   type: VideoRecording
   recordId: Action_20180109T151823
   channelId: main
   timeStamp: "131599847039450000"
   sessionTimestamp: "0"
   width: 0
   height: 0
   frameCount: 108
   fps: 2.9969999999999999e+001
   recordingType: 2000
   frameTransformRect: [ [ -1, -1 ], [ -1, -1 ], [ -1, -1 ], [ -1, -1 ] ]
   trackingMode: 0
   segments:
      - { startFrame:0, stopFrame:101, segmentType:1000, focusFrame:-1,
          focusPoint:{ values:[ -1., -1. ], type:Vector2 }, isFragment:0 }
   framesRelTs: [ "0", "240000", "550000", "880000", "1200000",
       "2020000", "2210000", "2370000", "2540000", "2840000", "3170000",
       "3520000", "3830000", "4160000", "4480000", "4950000", "5150000",
       "5470000", "5810000", "6130000", "6450000", "6790000", "7120000",
       "7450000", "7890000", "8110000", "8430000", "8780000", "9100000",
       "9430000", "9760000", "10090000", "10410000", "10860000",
       "11070000", "11410000", "11600000", "11900000", "12360000",
       "12710000", "13100000", "13390000", "13990000", "14190000",
       "14380000", "14580000", "14870000", "15470000", "15650000",
       "15870000", "16180000", "16510000", "16950000", "17170000",
       "17490000", "17820000", "18150000", "18480000", "18810000",
       "19130000", "19460000", "19930000", "20150000", "20450000",
       "20780000", "21100000", "21460000", "21780000", "22090000",
       "22420000", "22970000", "23170000", "23410000", "23740000",
       "24070000", "24430000", "24720000", "25050000", "25380000",
       "25920000", "26090000", "26370000", "26710000", "27030000",
       "27410000", "27700000", "28010000", "28330000", "28890000",
       "29060000", "29330000", "29670000", "29990000", "30380000",
       "30650000", "30970000", "31300000", "31610000", "31950000",
       "32280000", "32610000", "32950000", "33310000", "33590000",
       "33920000", "34240000", "34770000", "35990000" ]
   chunks:
      - { path:"Recordings/Action_20180109T151823/recording.avi",
          startFrameIdx:0 }
