<?xml version="1.0"?>
<opencv_storage>
<keyPoints>
  2.7176916503906250e+002 2.5435287475585938e+001
  1.4808855056762695e+001 8.9886001586914062e+001
  3.3603248596191406e+001 0 -1 3.1057998657226562e+002
  2.6321165084838867e+001 1.2333333969116211e+001
  8.6586509704589844e+001 5.1069442749023438e+001 0 -1 316.
  2.6924135208129883e+001 1.2240013122558594e+001
  8.3362510681152344e+001 3.4279022216796875e+001 0 -1
  4.1120312500000000e+002 2.7066287994384766e+001
  1.2428571701049805e+001 8.7814407348632813e+001
  4.7107131958007812e+001 0 -1 2.6718777465820313e+002
  2.7928754806518555e+001 1.3810892105102539e+001
  8.9013351440429688e+001 6.5783386230468750e+001 0 -1
  3.9155972290039062e+002 2.7921672821044922e+001
  1.3714286804199219e+001 9.4550262451171875e+001
  6.0285720825195313e+001 0 -1 2.2593470764160156e+002
  2.9477514266967773e+001 1.3036230087280273e+001
  9.4038963317871094e+001 4.2575775146484375e+001 0 -1
  2.5957479858398437e+002 2.9893384933471680e+001
  1.1603773117065430e+001 8.5355613708496094e+001
  3.6115554809570312e+001 0 -1 2.7542202758789062e+002
  2.9655845642089844e+001 1.3585548400878906e+001
  9.3819648742675781e+001 3.5193756103515625e+001 0 -1
  4.1402624511718750e+002 2.9987869262695312e+001
  1.1428571701049805e+001 8.3027557373046875e+001
  3.6190475463867188e+001 0 -1 4.1894754028320312e+002
  3.1792472839355469e+001 1.2359999656677246e+001
  8.0092071533203125e+001 3.3044998168945313e+001 0 -1
  3.7462063598632812e+002 4.2373920440673828e+001
  1.4236362457275391e+001 2.0013041687011719e+002
  6.1820449829101563e+001 0 -1 3.9736340332031250e+002
  4.4840255737304688e+001 1.6228916168212891e+001
  3.1022338867187500e+002 1.4361596679687500e+002 0 -1
  2.7560537719726562e+002 4.8898708343505859e+001
  1.5503667831420898e+001 1.6982800292968750e+002
  7.0763565063476563e+001 0 -1 2.8345089721679687e+002
  4.9841533660888672e+001 1.4162790298461914e+001
  2.4140165328979492e+001 4.7793594360351563e+001 0 -1
  2.3039213562011719e+002 5.4801788330078125e+001 15.
  1.1654788970947266e+001 5.6750000000000000e+001 0 -1
  2.5088110351562500e+002 8.0959152221679688e+001
  1.3550551414489746e+001 3.3705166625976562e+002
  3.2916053771972656e+001 0 -1 3.1154537963867187e+002
  8.5287796020507813e+001 15. 2.7812686157226562e+002
  6.2625000000000000e+001 0 -1 4.0184130859375000e+002
  8.5917129516601563e+001 1.3105262756347656e+001
  1.0826184272766113e+001 3.8644729614257813e+001 0 -1
  1.9042294311523438e+002 1.0222213745117187e+002
  1.1488647460937500e+001 2.4539877319335937e+002
  3.3273521423339844e+001 0 -1 2.1580111694335937e+002
  1.0173252868652344e+002 1.3034482955932617e+001
  2.8051974487304687e+002 5.2862075805664062e+001 0 -1
  3.9483779907226563e+002 1.0312596893310547e+002
  1.1918306350708008e+001 2.5470425415039062e+002
  3.0864730834960937e+001 0 -1 4.2241131591796875e+002
  1.0356891632080078e+002 1.3530063629150391e+001
  2.9846450805664062e+002 5.5602615356445313e+001 0 -1
  4.2028369140625000e+002 1.0376923370361328e+002
  1.4307692527770996e+001 2.9375872802734375e+002
  3.8923080444335937e+001 0 -1 2.1131175231933594e+002
  1.0559614562988281e+002 1.2818181991577148e+001
  2.7759616088867187e+002 3.3306823730468750e+001 0 -1
  2.0475146484375000e+002 1.0842778778076172e+002
  1.3888889312744141e+001 2.6711135864257812e+002
  3.3337959289550781e+001 0 -1 2.0820097351074219e+002
  1.0957086181640625e+002 1.5732952117919922e+001
  2.8282720947265625e+002 3.5950454711914063e+001 0 -1
  2.4720565795898437e+002 1.1217121887207031e+002
  1.4362718582153320e+001 2.9689685058593750e+002
  4.7775924682617188e+001 0 -1 2.4634251403808594e+002
  1.1864306640625000e+002 1.6602014541625977e+001
  3.0212991333007812e+002 4.8732620239257813e+001 0 -1
  2.4642018127441406e+002 1.6962072753906250e+002
  1.6645952224731445e+001 4.8911594390869141e+001
  5.1528121948242188e+001 0 -1 4.9705801391601562e+002
  1.7668585205078125e+002 1.4103448867797852e+001
  1.9192318725585937e+002 1.2134628295898437e+002 0 -1
  4.9181661987304687e+002 1.8036039733886719e+002
  1.4735721588134766e+001 1.7415705871582031e+002
  4.3392189025878906e+001 0 -1 2.4686099243164062e+002
  2.8246728515625000e+002 1.3500000000000000e+001
  3.0701623535156250e+002 3.2875000000000000e+001 0 -1
  2.4074244689941406e+002 2.8489065551757813e+002
  1.2352941513061523e+001 1.9819703674316406e+002
  4.7058822631835937e+001 0 -1 2.4542982482910156e+002
  2.8523709106445312e+002 1.4419355392456055e+001
  2.9658685302734375e+002 5.8520164489746094e+001 0 -1
  2.9298748779296875e+002 3.1836462402343750e+002
  1.4454545974731445e+001 3.2062545776367187e+002
  3.1920455932617188e+001 0 -1 2.9083639526367188e+002
  3.1990423583984375e+002 12. 3.2780584716796875e+002 42. 0 -1
  2.9272192382812500e+002 3.2173684692382812e+002
  1.2473684310913086e+001 5.1716527938842773e+000
  6.3118415832519531e+001 0 -1 3.1838330078125000e+002
  3.2152151489257812e+002 1.3796350479125977e+001
  2.5921098709106445e+001 8.5296234130859375e+001 0 -1
  3.9728497314453125e+002 4.6101856231689453e+001
  2.1874761581420898e+001 8.2705619812011719e+001
  2.1252307128906250e+002 1 -1 2.7580166625976562e+002
  4.8889167785644531e+001 20. 1.4487280273437500e+002
  6.9333335876464844e+001 1 -1 2.4549722290039062e+002
  8.2432502746582031e+001 2.3303663253784180e+001
  3.5213473510742187e+002 1.8015527343750000e+002 1 -1
  3.1130203247070312e+002 8.5035873413085938e+001
  1.7505083084106445e+001 2.7396472167968750e+002
  6.4394180297851563e+001 1 -1 2.0768597412109375e+002
  1.0635186767578125e+002 2.2280088424682617e+001
  2.8058239746093750e+002 4.1892700195312500e+001 1 -1
  2.1937345886230469e+002 1.0650000000000000e+002 24.
  3.1917169189453125e+002 8.8754882812500000e+001 1 -1
  4.2050000000000000e+002 1.0650000000000000e+002 24.
  3.2381384277343750e+002 91. 1 -1 2.9338827514648437e+002
  1.0813655090332031e+002 24. 2.2171955871582031e+002
  1.2487597656250000e+002 1 -1 2.0497479248046875e+002
  1.0924423980712891e+002 21. 2.7167230224609375e+002
  4.5374984741210937e+001 1 -1 3.0156683349609375e+002
  1.0959803771972656e+002 1.9829269409179688e+001
  2.5387936401367187e+002 6.5905487060546875e+001 1 -1
  3.0926922607421875e+002 1.0953677368164062e+002
  1.8260869979858398e+001 2.8679812622070312e+002
  6.1043487548828125e+001 1 -1 3.6775000000000000e+002
  1.1605976867675781e+002 1.9934181213378906e+001
  2.0778137207031250e+002 8.1619018554687500e+001 1 -1
  4.9118395996093750e+002 1.2478967285156250e+002
  1.7325672149658203e+001 1.7961425781250000e+002
  4.6144378662109375e+001 1 -1 2.4674809265136719e+002
  1.7078178405761719e+002 2.0276905059814453e+001
  5.7181945800781250e+001 6.3804901123046875e+001 1 -1
  3.6724810791015625e+002 1.7222909545898437e+002
  2.1257549285888672e+001 8.2473144531250000e+001
  8.4405014038085938e+001 1 -1 4.9663616943359375e+002
  1.7713467407226562e+002 1.8233428955078125e+001
  1.8372161865234375e+002 1.1901641082763672e+002 1 -1
  4.9161669921875000e+002 1.8016473388671875e+002
  1.5953364372253418e+001 1.7806767272949219e+002
  4.2181865692138672e+001 1 -1 3.6707202148437500e+002
  2.8557427978515625e+002 2.2096736907958984e+001
  5.7474903106689453e+001 8.6518157958984375e+001 1 -1
  3.7449273681640625e+002 4.1980129241943359e+001
  2.0476310729980469e+001 1.1429133605957031e+002
  6.1283100128173828e+001 2 -1 2.7946856689453125e+002
  4.5666084289550781e+001 2.8496402740478516e+001
  8.7485038757324219e+001 2.0844425964355469e+002 2 -1
  2.4518763732910156e+002 8.3209281921386719e+001
  2.7444541931152344e+001 3.5433483886718750e+002
  1.8989947509765625e+002 2 -1 3.1143920898437500e+002
  8.5814010620117187e+001 18. 2.7458996582031250e+002
  6.3861328125000000e+001 2 -1 3.9693655395507812e+002
  8.3971191406250000e+001 2.5806529998779297e+001
  2.5728323364257813e+002 1.9433093261718750e+002 2 -1
  3.9529501342773437e+002 8.5281677246093750e+001
  3.0348535537719727e+001 2.5132481384277344e+002
