%YAML:1.0
---
recording:
   type: VideoRecording
   recordId: Action_20180109T110158
   channelId: main
   timeStamp: "131599693184660000"
   sessionTimestamp: "0"
   width: -1
   height: -1
   frameCount: 133
   fps: 2.9969999999999999e+001
   recordingType: 2000
   frameTransformRect: [ [ -1, -1 ], [ -1, -1 ], [ -1, -1 ], [ -1, -1 ] ]
   trackingMode: 1
   segments:
      - { startFrame:19, stopFrame:67, segmentType:2000, focusFrame:-1,
          focusPoint:{ values:[ -1., -1. ], type:Vector2 }, isFragment:0 }
      - { startFrame:84, stopFrame:114, segmentType:2000, focusFrame:-1,
          focusPoint:{ values:[ -1., -1. ], type:Vector2 }, isFragment:0 }
      - { startFrame:0, stopFrame:126, segmentType:1000, focusFrame:-1,
          focusPoint:{ values:[ -1., -1. ], type:Vector2 }, isFragment:0 }
   framesRelTs: [ "0", "280000", "550000", "870000", "1310000",
       "1520000", "1830000", "2170000", "2500000", "2840000", "3180000",
       "3500000", "3830000", "4160000", "4480000", "4800000", "5130000",
       "5460000", "5780000", "6110000", "6450000", "6780000", "7100000",
       "7420000", "7750000", "8070000", "8390000", "8720000", "9040000",
       "9360000", "9690000", "10010000", "10340000", "10660000",
       "10980000", "11330000", "11650000", "11980000", "12310000",
       "12630000", "12960000", "13270000", "13610000", "13930000",
       "14410000", "14750000", "15070000", "15380000", "15710000",
       "16040000", "16370000", "16700000", "17020000", "17350000",
       "17670000", "17990000", "18310000", "18630000", "18960000",
       "19290000", "19620000", "19950000", "20280000", "20600000",
       "20920000", "21240000", "21570000", "21910000", "22220000",
       "22550000", "22880000", "23210000", "23540000", "23860000",
       "24190000", "24510000", "24830000", "25160000", "25490000",
       "25810000", "26150000", "26480000", "26800000", "27140000",
       "27470000", "27790000", "28110000", "28440000", "28760000",
       "29090000", "29420000", "29750000", "30080000", "30400000",
       "30730000", "31080000", "31390000", "31720000", "32050000",
       "32370000", "32710000", "33040000", "33360000", "33690000",
       "34010000", "34340000", "34670000", "34990000", "35330000",
       "35660000", "35980000", "36310000", "36620000", "36950000",
       "37280000", "37600000", "37920000", "38240000", "38570000",
       "38910000", "39230000", "39550000", "39890000", "40210000",
       "40540000", "40860000", "41180000", "41500000", "41830000",
       "42160000", "42500000", "42820000", "43120000" ]
   chunks:
      - { path:"Recordings/Action_20180109T110158/recording.avi",
          startFrameIdx:0 }
