%YAML:1.0
---
recording:
   type: VideoRecording
   recordId: Action_20180109T111004
   channelId: main
   timeStamp: "131599698040780000"
   sessionTimestamp: "0"
   width: 0
   height: 0
   frameCount: 229
   fps: 2.9969999999999999e+001
   recordingType: 2000
   frameTransformRect: [ [ -1, -1 ], [ -1, -1 ], [ -1, -1 ], [ -1, -1 ] ]
   trackingMode: 1
   segments:
      - { startFrame:29, stopFrame:64, segmentType:2000, focusFrame:-1,
          focusPoint:{ values:[ -1., -1. ], type:Vector2 }, isFragment:0 }
      - { startFrame:0, stopFrame:222, segmentType:1000, focusFrame:-1,
          focusPoint:{ values:[ -1., -1. ], type:Vector2 }, isFragment:0 }
   framesRelTs: [ "0", "250000", "550000", "860000", "1190000",
       "1560000", "1850000", "2160000", "2490000", "2810000", "3390000",
       "3660000", "3890000", "4160000", "4470000", "4790000", "5130000",
       "5470000", "5790000", "6100000", "6430000", "6760000", "7070000",
       "7400000", "7730000", "8050000", "8380000", "8890000", "9200000",
       "9520000", "9850000", "10180000", "10500000", "10820000",
       "11140000", "11470000", "11790000", "12110000", "12430000",
       "12760000", "13080000", "13400000", "13720000", "14050000",
       "14370000", "14710000", "15030000", "15360000", "15690000",
       "16010000", "16340000", "16660000", "16990000", "17310000",
       "17640000", "17970000", "18290000", "18610000", "18940000",
       "19250000", "19580000", "19910000", "20230000", "20560000",
       "20880000", "21200000", "21520000", "21850000", "22180000",
       "22500000", "22830000", "23150000", "23480000", "23800000",
       "24120000", "24460000", "24780000", "25120000", "25430000",
       "25750000", "26090000", "26420000", "26730000", "27070000",
       "27390000", "27720000", "28050000", "28380000", "28700000",
       "29020000", "29510000", "29830000", "30150000", "30490000",
       "30800000", "31130000", "31450000", "31780000", "32100000",
       "32430000", "32760000", "33080000", "33390000", "33730000",
       "34060000", "34380000", "34700000", "35040000", "35360000",
       "35680000", "36010000", "36340000", "36660000", "36990000",
       "37310000", "37630000", "37960000", "38290000", "38620000",
       "38940000", "39260000", "39590000", "39920000", "40240000",
       "40570000", "40900000", "41210000", "41530000", "41860000",
       "42190000", "42510000", "42840000", "43170000", "43500000",
       "43820000", "44140000", "44460000", "44780000", "45110000",
       "45420000", "45740000", "46060000", "46390000", "46720000",
       "47040000", "47540000", "47850000", "48180000", "48490000",
       "48820000", "49150000", "49490000", "49810000", "50130000",
       "50460000", "50790000", "51130000", "51440000", "51770000",
       "52110000", "52330000", "52680000", "53100000", "53410000",
       "53750000", "54080000", "54320000", "54720000", "55050000",
       "55380000", "55600000", "56040000", "56380000", "56680000",
       "57010000", "57330000", "57670000", "57980000", "58310000",
       "58640000", "58960000", "59270000", "59600000", "59920000",
       "60250000", "60570000", "60900000", "61230000", "61550000",
       "61880000", "62210000", "62540000", "62860000", "63180000",
       "63510000", "63840000", "64160000", "64490000", "64810000",
       "65130000", "65470000", "65790000", "66120000", "66460000",
       "66780000", "67110000", "67430000", "67760000", "68100000",
       "68420000", "68750000", "69070000", "69420000", "69740000",
       "70070000", "70390000", "70730000", "71040000", "71380000",
       "71680000", "72020000", "72340000", "72690000", "73010000",
       "73320000", "73650000", "73970000", "74300000", "74780000" ]
   chunks:
      - { path:"Recordings/Action_20180109T111004/recording.avi",
          startFrameIdx:0 }
