%YAML:1.0
---
chapterId: 23
title: ""
description: ""
chapterType: 6000
options:
   locationAnnotation: 1
sections:
   -
      sectionId: 23000
      sectionType: 1002
      channelId: main
      distance: 1.
      startFrame: 0
      stopFrame: 9
      focusFrame: 5
      focusPoint: { values:[ 790., 380. ], type:Vector2 }
      focusPose:
         rows: 2
         cols: 2
         values: [ 0., 0., 0., 0. ]
         type: Matrix
      focusROI:
         type: "Vector2[][]"
         values:
            -
               type: "Vector2[]"
               values:
                  -
                     values: [ 0., 0. ]
                     type: Vector2
                  -
                     values: [ 1280., 0. ]
                     type: Vector2
                  -
                     values: [ 1280., 720. ]
                     type: Vector2
                  -
                     values: [ 0., 720. ]
                     type: Vector2
      minDurationRelTS: "0"
      animationPeriod: "0"
      recordId: Action_20171124T114601
      homography:
         rows: 3
         cols: 3
         values: [ 9.9997166012596705e-001, -4.7780118592875089e-004,
             3.1028664435111680e-001, 4.7780118592875089e-004,
             9.9997166012596705e-001, -5.1098540521934732e-001, 0., 0.,
             1. ]
         type: Matrix
      similarities:
         []
      annotations:
         []
