%YAML:1.0
---
recording:
   type: VideoRecording
   recordId: Action_20171122T093146
   channelId: main
   timeStamp: "131558167068980000"
   sessionTimestamp: "0"
   width: -1
   height: -1
   frameCount: 106
   fps: 2.9969999999999999e+001
   recordingType: 2000
   frameTransformRect: [ [ -1, -1 ], [ -1, -1 ], [ -1, -1 ], [ -1, -1 ] ]
   trackingMode: 1
   segments:
      - { startFrame:8, stopFrame:45, segmentType:2000, focusFrame:-1,
          focusPoint:{ values:[ -1., -1. ], type:Vector2 }, isFragment:0 }
      - { startFrame:0, stopFrame:99, segmentType:1000, focusFrame:-1,
          focusPoint:{ values:[ -1., -1. ], type:Vector2 }, isFragment:0 }
   framesRelTs: [ "0", "620000", "1100000", "1520000", "3400000",
       "3770000", "4350000", "4900000", "5440000", "5890000", "6400000",
       "6870000", "7300000", "7720000", "8220000", "8630000", "9210000",
       "9740000", "10230000", "10650000", "11210000", "11670000",
       "12180000", "12630000", "13180000", "13570000", "14170000",
       "14590000", "15100000", "15500000", "16110000", "16490000",
       "17000000", "17500000", "18010000", "18500000", "19020000",
       "19420000", "20030000", "20520000", "21010000", "21490000",
       "22030000", "22560000", "23130000", "23660000", "24160000",
       "24740000", "25200000", "25730000", "26190000", "26770000",
       "27250000", "27790000", "28320000", "28880000", "29410000",
       "29880000", "30370000", "30850000", "31420000", "31830000",
       "32330000", "32860000", "33340000", "33810000", "34430000",
       "34920000", "35430000", "35940000", "36460000", "36970000",
       "37440000", "37840000", "38450000", "38990000", "39460000",
       "39990000", "40560000", "41020000", "41510000", "41900000",
       "42520000", "42950000", "43590000", "44010000", "44560000",
       "45000000", "45580000", "46020000", "46560000", "47080000",
       "47620000", "48100000", "48590000", "49090000", "49630000",
       "50010000", "50620000", "51110000", "51660000", "52150000",
       "52680000", "53150000", "53730000", "54360000" ]
   chunks:
      - { path:"Recordings/Action_20171122T093146/recording.avi",
          startFrameIdx:0 }
