%YAML:1.0
---
recording:
   type: VideoRecording
   recordId: Action_20180109T150148
   channelId: main
   timeStamp: "131599837089820000"
   sessionTimestamp: "0"
   width: 0
   height: 0
   frameCount: 154
   fps: 2.9969999999999999e+001
   recordingType: 2000
   frameTransformRect: [ [ -1, -1 ], [ -1, -1 ], [ -1, -1 ], [ -1, -1 ] ]
   trackingMode: 0
   segments:
      - { startFrame:0, stopFrame:147, segmentType:1000, focusFrame:-1,
          focusPoint:{ values:[ -1., -1. ], type:Vector2 }, isFragment:0 }
   framesRelTs: [ "0", "280000", "530000", "850000", "1180000",
       "1510000", "1840000", "2170000", "2500000", "2830000", "3160000",
       "3490000", "3830000", "4140000", "4480000", "4810000", "5140000",
       "5460000", "5800000", "6130000", "6460000", "6800000", "7120000",
       "7440000", "7870000", "8300000", "8490000", "8760000", "9090000",
       "9420000", "9740000", "10070000", "10400000", "10730000",
       "11050000", "11390000", "11720000", "12050000", "12370000",
       "12700000", "13030000", "13370000", "13700000", "14020000",
       "14390000", "14690000", "15020000", "15330000", "15660000",
       "16000000", "16310000", "16660000", "16970000", "17330000",
       "17630000", "17970000", "18300000", "18640000", "18960000",
       "19290000", "19630000", "19950000", "20280000", "20630000",
       "20850000", "21110000", "21440000", "21770000", "22090000",
       "22430000", "22750000", "23070000", "23410000", "23740000",
       "24040000", "24360000", "24680000", "24980000", "25290000",
       "25610000", "25910000", "26370000", "26690000", "26990000",
       "27300000", "27610000", "27920000", "28240000", "28550000",
       "28860000", "29200000", "29540000", "29860000", "30190000",
       "30530000", "30840000", "31170000", "31520000", "31840000",
       "32160000", "32500000", "32830000", "33160000", "33490000",
       "33820000", "34140000", "34480000", "34790000", "35130000",
       "35460000", "35780000", "36110000", "36440000", "36760000",
       "37100000", "37420000", "37750000", "38070000", "38410000",
       "38740000", "39060000", "39390000", "39720000", "40040000",
       "40370000", "40710000", "41030000", "41360000", "41710000",
       "42040000", "42360000", "42690000", "43030000", "43350000",
       "43670000", "44010000", "44340000", "44670000", "45000000",
       "45330000", "45670000", "45980000", "46310000", "46640000",
       "46970000", "47300000", "47630000", "47950000", "48280000",
       "48600000", "48940000", "49260000", "49600000", "49920000" ]
   chunks:
      - { path:"Recordings/Action_20180109T150148/recording.avi",
          startFrameIdx:0 }
