%YAML:1.0
---
chapterId: 6
title: hinteren Strang einsetzten
description: "rot nach rechts!"
chapterType: 2001
options:
   locationAnnotation: 1
   customActionView: 1
   customValidationView: 1
sections:
   -
      sectionId: 6000
      sectionType: 1001
      channelId: main
      distance: 1.
      startFrame: 0
      stopFrame: 9
      focusFrame: 5
      focusPoint: { values:[ 675., 452. ], type:Vector2 }
      focusPose:
         rows: 2
         cols: 2
         values: [ 0., 0., 0., 0. ]
         type: Matrix
      focusROI:
         type: "Vector2[][]"
         values:
            []
      minDurationRelTS: "0"
      animationPeriod: "0"
      recordId: Action_20171124T114919
      homography:
         rows: 3
         cols: 3
         values: [ 9.8304662319847524e-001, -1.7996848461013209e-003,
             1.7543252518700641e+001, 1.7996848461013209e-003,
             9.8304662319847524e-001, 1.1637463122441927e+001, 0., 0.,
             1. ]
         type: Matrix
      similarities:
         []
      annotations:
         -
            source: [ 640., 0. ]
            target: [ 640., 720. ]
            sourceTrackingType: 3
            targetTrackingType: 3
            opacity: 8.9999997615814209e-001
            pulsingInterval: -1.
            color: [ 0, 0, 0 ]
            fadeIn: 0.
            fadeOut: 0.
            zIndex: -10
            annotationId: 6000000
            sectionId: 6000
            layer: 1
            command: ""
            startRelTS: "0"
            runPeriod: 23
            duration: -1.
            category: InitOverlay
            type: Animation
            path: "0006/00006000/init.avi"
            maskType: 2
            maskPath: ""
            maskAnimationInterval: 1.5000000000000000e+000
            radialMaskCenter: [ 5.0000000000000000e-001,
                5.0000000000000000e-001 ]
         -
            source: [ 170., -300. ]
            target: [ 170., -150. ]
            sourceTrackingType: 5
            targetTrackingType: 5
            opacity: 8.9999997615814209e-001
            pulsingInterval: -1.
            color: [ 0, 0, 0 ]
            fadeIn: 0.
            fadeOut: 0.
            zIndex: -10
            border:
               source: [ 640., 0. ]
               target: [ 640., 720. ]
               sourceTrackingType: 8
               targetTrackingType: 8
               opacity: 1.
               pulsingInterval: -1.
               color: [ 255, 192, 0 ]
               fadeIn: 0.
               fadeOut: 0.
               zIndex: 0
               annotationId: -1
               sectionId: -1
               layer: -1
               command: ""
               startRelTS: "0"
               runPeriod: 23
               duration: -1.
               category: Custom
               type: PenStroke
               points:
                  - []
               thickness: 4
               closedLoop: 1
               interpolateStroke: 0
               outlineColor: [ 0, 0, 0, 0 ]
               stippledLine: 0
               startConnector: 0
               endConnector: 0
            annotationId: 6000001
            sectionId: 6000
            layer: 1
            command: ""
            startRelTS: "0"
            runPeriod: 23
            duration: -1.
            category: InitInstructionVideo
            type: Animation
            path: "assets-ldpi/InstructionVideos/00006000.mp4"
            maskType: 1
            maskPath: ""
            maskAnimationInterval: 1.5000000000000000e+000
            radialMaskCenter: [ 5.0000000000000000e-001,
                5.0000000000000000e-001 ]
         -
            annotationId: 6000003
            sectionId: 6000
            layer: 3
            command: ""
            startRelTS: "0"
            runPeriod: 23
            duration: -1.
            category: InstructionVideo
            type: FileAnnotation
            path: "assets/InstructionVideos/00006000.mp4"
            title: Instruction Video
            printFlag: 0
            page: 1
            thumbnail: ""
            runDirectly: 0
         -
            modelSectionId: 38000
            counterSectionId: -1
            weightMapPath: "0038/00038000/discrMask.png"
            center:
               values: [ 468., 452. ]
               type: Vector2
            errorThreshold: 5.0000000000000003e-002
            correctThreshold: 0.
            wrongThreshold: 1.
            lostCommand: ""
            failCommand: ""
            annotationId: 6000004
            sectionId: 6000
            layer: -1
            command: "renderer->command drawImageSequence&opacity=0.5&duration=0.1&fadeIn=0.5&fadeOut=0.5&trackingType=1&path=assets/misc/edit_validation.png&target=468.000000 472.000000&command=tracker->command setSection=38000"
            startRelTS: "0"
            runPeriod: 23
            duration: -1.
            category: Technical
            type: ValidationElement
         -
            modelSectionId: 36000
            counterSectionId: -1
            weightMapPath: "0036/00036000/discrMask.png"
            center:
               values: [ 903., 462. ]
               type: Vector2
            errorThreshold: 5.0000000000000003e-002
            correctThreshold: 0.
            wrongThreshold: 1.
            lostCommand: ""
            failCommand: ""
            annotationId: 6000005
            sectionId: 6000
            layer: -1
            command: "renderer->command drawImageSequence&opacity=0.5&duration=0.1&fadeIn=0.5&fadeOut=0.5&trackingType=1&path=assets/misc/edit_validation.png&target=903.000000 482.000000&command=tracker->command setSection=36000"
            startRelTS: "0"
            runPeriod: 23
            duration: -1.
            category: Technical
            type: ValidationElement
         -
            modelSectionId: 37000
            counterSectionId: -1
            weightMapPath: "0037/00037000/discrMask.png"
            center:
               values: [ 674., 451. ]
               type: Vector2
            errorThreshold: 5.0000000000000003e-002
            correctThreshold: 0.
            wrongThreshold: 1.
            lostCommand: ""
            failCommand: ""
            annotationId: 6000006
            sectionId: 6000
            layer: -1
            command: "renderer->command drawImageSequence&opacity=0.5&duration=0.1&fadeIn=0.5&fadeOut=0.5&trackingType=1&path=assets/misc/edit_validation.png&target=674.000000 471.000000&command=tracker->command setSection=37000"
            startRelTS: "0"
            runPeriod: 23
            duration: -1.
            category: Technical
            type: ValidationElement
         -
            source: [ 6.7450000000000000e+002, 0. ]
            target: [ 6.7450000000000000e+002, 720. ]
            sourceTrackingType: 3
            targetTrackingType: 3
            opacity: 8.9999997615814209e-001
            pulsingInterval: -1.
            color: [ 0, 0, 0 ]
            fadeIn: 0.
            fadeOut: 0.
            zIndex: -10
            annotationId: 6000002
            sectionId: 6000
            layer: 0
            command: ""
            startRelTS: "0"
            runPeriod: 23
            duration: -1.
            category: ProceduralOverlay
            type: Animation
            path: "0006/00006000/action.avi"
            maskType: 32
            maskPath: ""
            maskAnimationInterval: 1.5000000000000000e+000
            radialMaskCenter: [ 5.0034773349761963e-001,
                5.6388890743255615e-001 ]
   -
      sectionId: 6001
      sectionType: 2001
      channelId: main
      distance: 1.
      startFrame: 10
      stopFrame: 151
      focusFrame: 80
      focusPoint: { values:[ 675., 452. ], type:Vector2 }
      focusPose:
         rows: 2
         cols: 2
         values: [ 0., 0., 0., 0. ]
         type: Matrix
      focusROI:
         type: "Vector2[][]"
         values:
            []
      minDurationRelTS: "2000000"
      animationPeriod: "0"
