%YAML:1.0
---
recording:
   type: VideoRecording
   recordId: Action_20180109T151743
   channelId: main
   timeStamp: "131599846640090000"
   sessionTimestamp: "0"
   width: 0
   height: 0
   frameCount: 95
   fps: 2.9969999999999999e+001
   recordingType: 2000
   frameTransformRect: [ [ -1, -1 ], [ -1, -1 ], [ -1, -1 ], [ -1, -1 ] ]
   trackingMode: 0
   segments:
      - { startFrame:23, stopFrame:74, segmentType:2000, focusFrame:-1,
          focusPoint:{ values:[ -1., -1. ], type:Vector2 }, isFragment:0 }
      - { startFrame:0, stopFrame:88, segmentType:1000, focusFrame:-1,
          focusPoint:{ values:[ -1., -1. ], type:Vector2 }, isFragment:0 }
   framesRelTs: [ "0", "240000", "460000", "730000", "1040000",
       "1800000", "1990000", "2170000", "2370000", "2550000", "3140000",
       "3350000", "3540000", "3840000", "4170000", "4600000", "4980000",
       "5310000", "5520000", "6040000", "6210000", "6620000", "6950000",
       "7270000", "7590000", "7920000", "8270000", "8580000", "8920000",
       "9100000", "9400000", "9740000", "10220000", "10420000",
       "10720000", "11820000", "12030000", "12220000", "12410000",
       "13040000", "13220000", "13430000", "13640000", "13810000",
       "14480000", "14680000", "14890000", "15080000", "15340000",
       "15940000", "16130000", "16340000", "16660000", "17000000",
       "17360000", "17640000", "17960000", "18300000", "18790000",
       "19000000", "19280000", "19620000", "19940000", "20270000",
       "20600000", "20930000", "21260000", "21630000", "21920000",
       "22250000", "22570000", "23040000", "23240000", "23550000",
       "23890000", "24210000", "24550000", "24880000", "25200000",
       "25540000", "25900000", "26190000", "26510000", "26850000",
       "27310000", "27520000", "27830000", "28170000", "28490000",
       "28820000", "29140000", "29470000", "29800000", "30200000",
       "30880000" ]
   chunks:
      - { path:"Recordings/Action_20180109T151743/recording.avi",
          startFrameIdx:0 }
