%YAML:1.0
---
recording:
   type: VideoRecording
   recordId: Action_20180109T110828
   channelId: main
   timeStamp: "131599697084200000"
   sessionTimestamp: "0"
   width: 0
   height: 0
   frameCount: 165
   fps: 2.9969999999999999e+001
   recordingType: 2000
   frameTransformRect: [ [ -1, -1 ], [ -1, -1 ], [ -1, -1 ], [ -1, -1 ] ]
   trackingMode: 1
   segments:
      - { startFrame:92, stopFrame:122, segmentType:2000, focusFrame:-1,
          focusPoint:{ values:[ -1., -1. ], type:Vector2 }, isFragment:0 }
      - { startFrame:0, stopFrame:158, segmentType:1000, focusFrame:-1,
          focusPoint:{ values:[ -1., -1. ], type:Vector2 }, isFragment:0 }
   framesRelTs: [ "0", "330000", "530000", "1060000", "1250000",
       "1500000", "1810000", "2130000", "2450000", "2780000", "3100000",
       "3440000", "3760000", "4080000", "4420000", "4730000", "5070000",
       "5390000", "5710000", "6040000", "6390000", "6690000", "7020000",
       "7340000", "7670000", "7980000", "8370000", "8650000", "8970000",
       "9290000", "9620000", "9960000", "10260000", "10580000",
       "10930000", "11240000", "11570000", "11910000", "12230000",
       "12550000", "12880000", "13200000", "13530000", "13860000",
       "14180000", "14510000", "14840000", "15160000", "15490000",
       "15850000", "16190000", "16540000", "16890000", "17090000",
       "17400000", "17730000", "18060000", "18380000", "18700000",
       "19030000", "19350000", "19680000", "20000000", "20320000",
       "20650000", "20980000", "21300000", "21630000", "21950000",
       "22260000", "22590000", "22920000", "23240000", "23570000",
       "23900000", "24230000", "24550000", "24880000", "25210000",
       "25520000", "25820000", "26130000", "26430000", "26770000",
       "27080000", "27390000", "27850000", "28150000", "28480000",
       "28790000", "29090000", "29400000", "29700000", "30020000",
       "30330000", "30630000", "30950000", "31540000", "31820000",
       "32010000", "32360000", "32670000", "32990000", "33340000",
       "33650000", "33970000", "34300000", "34620000", "34940000",
       "35260000", "35590000", "35910000", "36240000", "36560000",
       "36890000", "37220000", "37540000", "37860000", "38180000",
       "38520000", "38850000", "39170000", "39490000", "39810000",
       "40140000", "40460000", "40800000", "41120000", "41440000",
       "41770000", "42090000", "42430000", "42740000", "43060000",
       "43410000", "43760000", "44080000", "44410000", "44730000",
       "45070000", "45410000", "45740000", "46070000", "46410000",
       "46750000", "47090000", "47430000", "47750000", "48090000",
       "48410000", "48740000", "49100000", "49410000", "49600000",
       "49920000", "50240000", "50570000", "50900000", "51230000",
       "51800000", "52110000", "52300000", "52540000", "52880000",
       "53200000" ]
   chunks:
      - { path:"Recordings/Action_20180109T110828/recording.avi",
          startFrameIdx:0 }
