<?xml version="1.0"?>
<opencv_storage>
<keyPoints>
  2.7159207153320312e+002 2.5372690200805664e+001
  1.4545326232910156e+001 8.9400474548339844e+001
  3.7433990478515625e+001 0 -1 3.1058334350585937e+002
  2.6311922073364258e+001 1.2216347694396973e+001
  8.6586494445800781e+001 5.0326843261718750e+001 0 -1 316.
  2.6913589477539063e+001 1.2175864219665527e+001
  8.3470237731933594e+001 3.3073249816894531e+001 0 -1
  4.1136883544921875e+002 2.7036746978759766e+001
  1.2348836898803711e+001 8.7797943115234375e+001
  4.9072677612304688e+001 0 -1 2.6729205322265625e+002
  2.7906177520751953e+001 1.3928117752075195e+001
  8.9061027526855469e+001 6.3954620361328125e+001 0 -1
  3.9154040527343750e+002 2.7960239410400391e+001
  1.3690908432006836e+001 9.4619178771972656e+001
  5.9184082031250000e+001 0 -1 2.2604655456542969e+002
  2.9514402389526367e+001 1.2741392135620117e+001
  9.4746459960937500e+001 4.0987007141113281e+001 0 -1
  2.5955120849609375e+002 2.9856674194335938e+001
  1.1705883026123047e+001 8.5656784057617188e+001
  3.4061279296875000e+001 0 -1 2.7535437011718750e+002
  2.9777099609375000e+001 1.4026385307312012e+001
  9.2917427062988281e+001 3.8168678283691406e+001 0 -1
  4.1407214355468750e+002 2.9990713119506836e+001
  1.1117647171020508e+001 8.0934242248535156e+001
  3.2367645263671875e+001 0 -1 4.1894641113281250e+002
  3.1799819946289063e+001 1.2750000000000000e+001
  8.2296424865722656e+001 3.2187500000000000e+001 0 -1
  3.7461669921875000e+002 4.2336502075195313e+001
  1.4263157844543457e+001 1.9632606506347656e+002
  6.3054840087890625e+001 0 -1 3.9738696289062500e+002
  4.4844734191894531e+001 1.6142856597900391e+001
  3.1209896850585937e+002 1.4302380371093750e+002 0 -1
  2.8348400878906250e+002 4.9979267120361328e+001
  1.3883720397949219e+001 2.3322372436523438e+001
  4.7119186401367188e+001 0 -1 2.5088673400878906e+002
  8.1000740051269531e+001 1.3551724433898926e+001
  3.3761019897460937e+002 3.5969825744628906e+001 0 -1
  4.0177981567382812e+002 8.6061737060546875e+001
  1.3457143783569336e+001 9.7143917083740234e+000
  3.5032150268554687e+001 0 -1 2.1579745483398438e+002
  1.0172633361816406e+002 1.3071428298950195e+001
  2.7360815429687500e+002 5.1892852783203125e+001 0 -1
  3.9480633544921875e+002 1.0311043548583984e+002
  1.1914285659790039e+001 2.5541110229492187e+002
  3.0003570556640625e+001 0 -1 4.2246691894531250e+002
  1.0361260986328125e+002 1.3390750885009766e+001
  2.9912200927734375e+002 5.9912567138671875e+001 0 -1
  4.2069897460937500e+002 1.0451774597167969e+002
  1.6500000000000000e+001 3.0419061279296875e+002
  3.7500000000000000e+001 0 -1 2.1143801879882812e+002
  1.0572595977783203e+002 1.2732864379882812e+001
  2.6436389160156250e+002 3.6195709228515625e+001 0 -1
  1.9183103942871094e+002 1.0662329864501953e+002
  1.5255319595336914e+001 2.2732783508300781e+002
  7.0917556762695313e+001 0 -1 2.4665974426269531e+002
  1.1215554046630859e+002 1.4142902374267578e+001
  2.9620370483398437e+002 4.8381027221679688e+001 0 -1
  2.4638337707519531e+002 1.1752851867675781e+002
  1.6274648666381836e+001 3.0525656127929687e+002
  4.7442283630371094e+001 0 -1 4.7270309448242187e+002
  1.2821110534667969e+002 1.2546338081359863e+001
  2.4905010986328125e+002 3.1414840698242188e+001 0 -1
  2.4638966369628906e+002 1.6968614196777344e+002
  1.6991172790527344e+001 4.9154766082763672e+001
  5.0572891235351562e+001 0 -1 4.9065103149414063e+002
  1.7194686889648437e+002 1.0555555343627930e+001
  5.3021434783935547e+001 4.7564811706542969e+001 0 -1
  4.7193887329101562e+002 1.8243782043457031e+002
  1.3833143234252930e+001 2.0794665527343750e+002
  3.3287582397460937e+001 0 -1 4.7270416259765625e+002
  2.1201771545410156e+002 1.2111110687255859e+001
  2.5716845703125000e+002 6.2009262084960937e+001 0 -1
  2.4676228332519531e+002 2.8250085449218750e+002
  1.3714286804199219e+001 3.0807162475585937e+002
  3.3142860412597656e+001 0 -1 2.4069721984863281e+002
  2.8494537353515625e+002 1.2090909004211426e+001
  1.9760581970214844e+002 4.7003784179687500e+001 0 -1
  2.4554579162597656e+002 2.8577383422851563e+002
  1.6504032135009766e+001 3.0562091064453125e+002
  5.8632049560546875e+001 0 -1 2.9301641845703125e+002
  3.1829092407226562e+002 1.3500000000000000e+001
  3.1989584350585937e+002 3.3500000000000000e+001 0 -1
  2.9086572265625000e+002 3.1992987060546875e+002
  1.1812500000000000e+001 3.2419525146484375e+002
  4.1015625000000000e+001 0 -1 3.1661517333984375e+002
  3.1995410156250000e+002 12. 8.7252750396728516e+000 32. 0 -1
  2.9263537597656250e+002 3.2188879394531250e+002
  1.1851457595825195e+001 5.1098837852478027e+000
  5.7010322570800781e+001 0 -1 3.1808920288085937e+002
  3.2182864379882813e+002 1.2583333969116211e+001
  3.1399978637695313e+001 8.1340286254882813e+001 0 -1
  3.9729196166992187e+002 4.6160312652587891e+001
  2.1809148788452148e+001 8.2993240356445312e+001
  2.1260144042968750e+002 1 -1 2.7561950683593750e+002
  4.9109802246093750e+001 1.8820812225341797e+001
  1.4785472106933594e+002 7.0128822326660156e+001 1 -1
  3.1124755859375000e+002 8.4970581054687500e+001
  1.7584587097167969e+001 2.7463442993164062e+002
  6.3944900512695313e+001 1 -1 2.1937362670898437e+002
  1.0650000000000000e+002 24. 3.1112136840820312e+002
  8.8598632812500000e+001 1 -1 4.2054217529296875e+002
  1.0647276306152344e+002 2.3700000762939453e+001
  3.2358352661132812e+002 9.4025009155273438e+001 1 -1
  2.9334481811523438e+002 1.0816175842285156e+002 24.
  2.2211398315429687e+002 1.2569433593750000e+002 1 -1
  3.0161108398437500e+002 1.0931326293945312e+002
  2.0657142639160156e+001 2.5695672607421875e+002
  6.5432128906250000e+001 1 -1 3.0933929443359375e+002
  1.0945820617675781e+002 1.8616611480712891e+001
  2.8766851806640625e+002 6.4254058837890625e+001 1 -1
  3.6775000000000000e+002 1.1604922485351562e+002
  1.9739543914794922e+001 2.0787615966796875e+002
  8.1258636474609375e+001 1 -1 4.7002838134765625e+002
  1.2789289855957031e+002 2.0622474670410156e+001
  2.1978042602539062e+002 3.5672943115234375e+001 1 -1
  2.4450000000000000e+002 1.4250000000000000e+002 24.
  6.2238349914550781e+000 1.8211132812500000e+002 1 -1
  2.4625000000000000e+002 1.7090325927734375e+002
  1.9089187622070313e+001 5.6967239379882813e+001
  6.2302978515625000e+001 1 -1 3.6724890136718750e+002
  1.7223910522460938e+002 2.1311832427978516e+001
  8.1912368774414063e+001 8.3181961059570312e+001 1 -1
  4.6924359130859375e+002 1.8239752197265625e+002
  2.1379451751708984e+001 1.8289292907714844e+002
  3.9066619873046875e+001 1 -1 2.4580499267578125e+002
  2.2839056396484375e+002 2.0199998855590820e+001
  2.9934628295898437e+002 6.6008331298828125e+001 1 -1
  3.6690310668945312e+002 2.8551959228515625e+002
  2.1380016326904297e+001 6.0514057159423828e+001
  8.7463226318359375e+001 1 -1 3.7452108764648437e+002
  4.2085731506347656e+001 2.0610082626342773e+001
  1.1431710815429687e+002 6.2172824859619141e+001 2 -1
  2.7947103881835937e+002 4.5678276062011719e+001
  2.8387390136718750e+001 8.7089393615722656e+001
  2.0893408203125000e+002 2 -1 2.4521002197265625e+002
  8.3193733215332031e+001 2.7199878692626953e+001
  3.5668441772460937e+002 1.9049896240234375e+002 2 -1
  3.9609002685546875e+002 8.3965919494628906e+001
  2.6356309890747070e+001 2.5913238525390625e+002
  1.9745280456542969e+002 2 -1 3.1139111328125000e+002
  8.5939025878906250e+001 18. 2.7529837036132812e+002
  6.3441406250000000e+001 2 -1 3.9530249023437500e+002
  8.5304138183593750e+001 3.0167881011962891e+001
  2.5493666076660156e+002 2.0986393737792969e+002 2 -1
  2.0724128723144531e+002 1.0821949005126953e+002
  2.8772727966308594e+001 2.4401513671875000e+002
  6.0640155792236328e+001 2 -1 2.1893751525878906e+002
  1.0737789916992187e+002 2.9621240615844727e+001
  3.0068069458007812e+002 9.0036582946777344e+001 2 -1
  3.1964797973632812e+002 1.0765166473388672e+002
  3.0243244171142578e+001 3.2461633300781250e+002
  1.0167681884765625e+002 2 -1 4.2138412475585937e+002
