%YAML:1.0
---
recording:
   type: VideoRecording
   recordId: Action_20180109T110839
   channelId: main
   timeStamp: "131599697193820000"
   sessionTimestamp: "0"
   width: 0
   height: 0
   frameCount: 125
   fps: 2.9969999999999999e+001
   recordingType: 2000
   frameTransformRect: [ [ -1, -1 ], [ -1, -1 ], [ -1, -1 ], [ -1, -1 ] ]
   trackingMode: 1
   segments:
      - { startFrame:0, stopFrame:118, segmentType:1000, focusFrame:-1,
          focusPoint:{ values:[ -1., -1. ], type:Vector2 }, isFragment:0 }
   framesRelTs: [ "0", "280000", "580000", "900000", "1230000",
       "1560000", "1880000", "2200000", "2520000", "2860000", "3180000",
       "3500000", "3820000", "4150000", "4480000", "4810000", "5150000",
       "5460000", "5790000", "6120000", "6440000", "6780000", "7100000",
       "7440000", "7750000", "8080000", "8660000", "8920000", "9130000",
       "9400000", "9730000", "10050000", "10380000", "10710000",
       "11030000", "11370000", "11700000", "12020000", "12340000",
       "12680000", "12990000", "13330000", "13660000", "13990000",
       "14320000", "14650000", "14970000", "15310000", "15630000",
       "15960000", "16280000", "16610000", "16930000", "17260000",
       "17590000", "17920000", "18240000", "18590000", "18900000",
       "19230000", "19560000", "19880000", "20220000", "20550000",
       "20880000", "21220000", "21540000", "21860000", "22180000",
       "22500000", "22830000", "23160000", "23490000", "23830000",
       "24170000", "24510000", "24830000", "25160000", "25490000",
       "25810000", "26140000", "26460000", "26790000", "27120000",
       "27440000", "27770000", "28090000", "28410000", "28740000",
       "29080000", "29410000", "29730000", "30050000", "30380000",
       "30700000", "31040000", "31350000", "31670000", "32020000",
       "32330000", "32650000", "33140000", "33320000", "33620000",
       "34120000", "34430000", "34760000", "35080000", "35420000",
       "35740000", "36070000", "36390000", "36710000", "37050000",
       "37390000", "37710000", "38030000", "38480000", "38750000",
       "38930000", "39200000", "39530000", "39850000", "40180000",
       "40520000" ]
   chunks:
      - { path:"Recordings/Action_20180109T110839/recording.avi",
          startFrameIdx:0 }
