<?xml version="1.0"?>
<opencv_storage>
<keyPoints>
  2.9970486450195312e+002 7.8570098876953125e+001
  1.2599999427795410e+001 5.1588115692138672e+001
  4.2199996948242187e+001 0 -1 3.6601095581054687e+002
  1.1851870727539062e+002 1.3537825584411621e+001
  4.2362213134765625e+001 4.2631660461425781e+001 0 -1
  3.6479010009765625e+002 1.7446823120117187e+002
  1.4370217323303223e+001 2.6286671161651611e+000
  3.9558700561523437e+001 0 -1 3.8516741943359375e+002
  2.0961009216308594e+002 1.3114658355712891e+001
  5.9260826110839844e+001 3.2813621520996094e+001 0 -1
  2.4462351989746094e+002 2.3097650146484375e+002
  1.4445081710815430e+001 4.1249702453613281e+001
  5.0460647583007812e+001 0 -1 3.6479467773437500e+002
  2.3130928039550781e+002 15. 8.6127367019653320e+000
  4.1875000000000000e+001 0 -1 3.6472857666015625e+002
  2.8745700073242187e+002 1.3095048904418945e+001
  3.2096514892578125e+002 4.6971969604492188e+001 0 -1
  2.4370051574707031e+002 2.8751116943359375e+002
  1.3438734054565430e+001 3.4115039062500000e+002
  4.4088119506835938e+001 0 -1 2.4517732238769531e+002
  1.1740103912353516e+002 1.4714118957519531e+001
  2.9010089111328125e+002 4.7003940582275391e+001 1 -1
  2.4505682373046875e+002 1.7426724243164063e+002 21.
  1.4339115905761719e+002 4.6625244140625000e+001 1 -1
  3.6479467773437500e+002 2.3130928039550781e+002 15.
  8.6127367019653320e+000 40. 1 -1 3.6638504028320312e+002
  1.1846511840820312e+002 24. 4.1363796234130859e+001 39. 2 -1
  2.4530680847167969e+002 1.7451725769042969e+002 21.
  1.4240182495117187e+002 4.6416667938232422e+001 2 -1
  3.6482168579101562e+002 1.7468927001953125e+002 21.
  3.1754598999023437e+002 3.4458332061767578e+001 2 -1
  2.4489863586425781e+002 2.3117568969726562e+002 21.
  4.4387321472167969e+001 4.4791667938232422e+001 2 -1
  2.4375000000000000e+002 2.8777679443359375e+002 18.
  3.2996347045898437e+002 3.3151367187500000e+001 2 -1
  2.4631745910644531e+002 1.1766390228271484e+002 48.
  2.9458706665039062e+002 41. 4 -1</keyPoints>
<descriptors type_id="opencv-matrix">
  <rows>17</rows>
  <cols>64</cols>
  <dt>u</dt>
  <data>
    75 196 56 16 16 57 255 255 255 121 254 251 175 255 255 255 159 57
    252 249 175 255 255 255 255 2 0 0 4 95 253 239 191 255 255 255 71
    156 240 255 255 253 255 255 255 15 235 255 127 5 192 247 169 56 55
    35 73 254 143 0 231 255 127 18 255 159 227 112 112 248 128 243 3 199
    255 255 191 113 198 145 239 254 255 183 143 255 248 255 255 239 119
    143 57 110 190 185 230 144 224 223 255 255 255 159 119 220 240 255
    255 255 223 54 10 253 191 159 228 251 254 244 31 76 102 55 128 226
    227 239 255 221 227 127 112 96 128 195 1 255 255 255 183 95 126 17
    136 119 223 55 158 247 60 142 1 225 123 167 29 254 255 189 247 254
    115 134 37 244 255 255 255 255 247 63 191 225 30 50 219 127 157 192
    247 255 251 243 249 255 127 254 255 207 157 1 75 183 32 216 223 172
    223 128 0 1 131 222 254 255 207 178 219 12 252 223 165 174 105 237
    174 31 0 64 0 0 12 225 255 191 199 0 1 4 56 224 8 3 68 231 32 6 224
    249 0 0 242 255 255 151 1 1 96 131 136 249 32 42 25 0 255 157 227
    120 126 96 128 227 99 71 255 255 255 255 255 209 143 127 255 245 143
    255 252 255 227 227 119 129 0 36 252 243 255 255 247 148 247 254 255
    159 119 252 250 255 255 255 219 32 0 237 247 255 127 179 185 240 255
    255 118 190 143 227 247 247 251 191 255 255 112 224 128 227 3 199
    127 255 179 223 63 247 221 255 255 255 158 227 56 143 227 225 255
    239 255 255 255 135 95 254 125 231 127 19 192 80 231 159 211 61 255
    231 120 255 255 159 239 255 199 240 254 31 193 248 255 255 159 207
    157 31 75 255 46 209 217 249 251 191 14 9 58 248 255 255 255 247 159
    125 36 144 199 255 255 255 255 79 198 28 119 255 252 255 255 255 243
    223 255 156 35 128 127 254 252 255 255 15 0 0 194 239 243 251 253
    255 255 179 217 124 54 254 255 255 155 50 235 255 239 255 241 225
    131 135 7 13 26 248 241 255 255 255 159 255 254 181 142 227 56 207
    135 227 247 255 127 252 248 255 255 255 255 148 255 94 247 95 231 24
    210 49 35 96 188 255 127 239 247 255 239 255 19 112 253 127 110 54
    155 175 24 8 107 183 255 255 247 247 143 143 31 63 255 255 255 255
    127 240 129 127 255 247 159 255 184 142 247 243 231 140 63 255 252
    255 255 255 255 158 247 252 251 191 255 252 243 57 191 247 91 6 202
    231 243 243 121 190 185 243 253 127 102 182 155 205 145 183 255 255
    255 255 48 32 128 255 255 255 30 241 128 255 255 255 255 255 255 51
    142 115 184 227 119 232 253 187 207 4 16 192 31 127 252 243 159 63
    242 24 231 156 242 20 255 191 10 64 37 0 98 115 251 13 2 0 0 136 229
    39 0 0 96 197 251 191 255 255 112 224 128 227 3 199 127 255 179 223
    63 247 221 255 255 255 158 227 56 143 227 225 255 239 255 255 255
    135 95 254 125 231 127 19 192 80 231 159 211 61 255 231 120 255 255
    159 239 255 199 240 254 31 193 248 255 255 159 207 157 31 251 151
    243 124 114 242 252 255 51 39 222 253 255 89 102 249 255 255 255 247
    143 51 248 201 127 255 110 140 49 108 254 127 2 216 248 247 63 61
    208 16 67 0 112 196 231 28 0 167 65 69 186 21 224 253 79 2 249 251
    126 63 8 34 114 0 255 255 255 255 113 32 128 255 255 255 30 241 192
    255 255 255 255 255 255 115 142 99 184 199 119 232 255 187 207 12 16
    128 31 127 252 243 159 63 242 24 231 156 208 0 255 191 10 64 36 0 96
    115 251 77 2 0 0 136 229 103 0 0 96 196 235 255 231 241 253 232 129
    199 199 207 31 241 255 255 255 243 143 125 4 241 239 255 255 255 255
    239 255 128 91 142 52 227 255 31 247 222 247 255 243 159 255 255 247
    255 255 255 91 0 136 255 247 251 95 35 120 122 159 12 22 207 0 160
    224 227 251 191 227 120 112 240 128 195 0 1 14 255 255 255 207 19
    143 127 255 183 143 255 252 255 255 255 7 12 0 228 252 247 255 255
    231 150 247 254 255 159 247 220 240 175 127 14 144 33 144 239 114
    243 93 50 152 248 22 12 68 254 191 10 16 0 203 255 239 255 241 225
    131 143 239 159 62 240 247 255 255 255 159 255 254 245 159 227 56
    135 135 98 224 251 127 255 252 231 255 255 255 255 39 92 251 189 231
    152 211 61 3 162 45 159 255 175 247 255 235 248 127 23 176 238 255
    255 155 137 153 59 251 255 231 249 112 224 128 128 128 135 15 127
    240 211 207 63 191 252 246 53 142 227 8 140 128 1 3 70 24 39 28 225
    24 247 15 32 0 0 136 48 132 0 19 57 48 39 120 131 216 32 0 48 185 14
    131 139 3 64 64 0 82 0 0 128</data></descriptors>
</opencv_storage>
