<?xml version="1.0"?>
<opencv_storage>
<keyPoints>
  2.6727770996093750e+002 2.8566776275634766e+001
  1.4808822631835937e+001 9.0338592529296875e+001
  3.4998397827148438e+001 0 -1 3.9367773437500000e+002
  4.8032142639160156e+001 1.5172752380371094e+001
  5.1239589691162109e+001 9.2760101318359375e+001 0 -1
  3.9877825927734375e+002 4.7312740325927734e+001
  1.3411764144897461e+001 3.4492639160156250e+002
  1.2382351684570312e+002 0 -1 2.7921118164062500e+002
  5.2955654144287109e+001 1.3451612472534180e+001
  7.4328659057617188e+001 3.8907257080078125e+001 0 -1
  2.4646907043457031e+002 8.0739631652832031e+001
  1.3269231796264648e+001 3.0969812011718750e+002
  6.2163452148437500e+001 0 -1 3.9773507690429687e+002
  8.1688301086425781e+001 13. 2.9540670776367187e+002
  4.0500000000000000e+001 0 -1 3.5845919799804687e+002
  8.5446769714355469e+001 1.3579307556152344e+001
  2.8107086181640625e+002 3.0726226806640625e+001 0 -1
  3.1727920532226562e+002 8.7730339050292969e+001
  1.5070793151855469e+001 1.5015235900878906e+002
  1.7040356445312500e+002 0 -1 1.7903086853027344e+002
  9.0948341369628906e+001 1.1868555068969727e+001
  8.4804199218750000e+001 4.2834197998046875e+001 0 -1
  1.8491561889648437e+002 9.1084983825683594e+001
  1.1542372703552246e+001 9.9606918334960937e+001
  4.3171615600585938e+001 0 -1 1.9565231323242187e+002
  9.0507942199707031e+001 1.4732450485229492e+001
  1.9330249023437500e+002 1.1386468505859375e+002 0 -1
  2.1069125366210937e+002 9.1319572448730469e+001
  1.3888889312744141e+001 3.3829821777343750e+002
  3.7337959289550781e+001 0 -1 3.3861459350585937e+002
  9.1309089660644531e+001 1.3480262756347656e+001
  4.8600315093994141e+001 3.9937385559082031e+001 0 -1
  2.6028384399414062e+002 9.2890777587890625e+001
  1.3114285469055176e+001 2.6872152328491211e+001
  3.8603561401367188e+001 0 -1 1.9503556823730469e+002
  9.4055023193359375e+001 1.3688259124755859e+001
  1.2925080871582031e+002 3.7341323852539062e+001 0 -1
  4.7681906127929687e+002 9.9047561645507813e+001
  1.4142857551574707e+001 2.8743463134765625e+002
  3.5339286804199219e+001 0 -1 4.2792736816406250e+002
  1.0691588592529297e+002 1.4625492095947266e+001
  2.6629144287109375e+002 4.7421508789062500e+001 0 -1
  4.5744393920898437e+002 1.0735363769531250e+002
  1.2473684310913086e+001 2.7229812622070312e+002
  3.5118423461914063e+001 0 -1 4.6373654174804687e+002
  1.0716941833496094e+002 1.3349999427795410e+001
  2.7558197021484375e+002 4.9012496948242188e+001 0 -1
  4.7999444580078125e+002 1.0766529083251953e+002
  1.2287672042846680e+001 3.2378234863281250e+002
  4.2083892822265625e+001 0 -1 4.8064080810546875e+002
  1.1094457244873047e+002 1.2599999427795410e+001
  3.4568017578125000e+002 4.2350006103515625e+001 0 -1
  3.5095037841796875e+002 1.1175643157958984e+002
  1.2529412269592285e+001 3.1919174194335937e+002
  3.0132354736328125e+001 0 -1 193. 1.1489021301269531e+002
  1.4571428298950195e+001 2.5182136535644531e+002
  3.2571426391601563e+001 0 -1 4.3204473876953125e+002
  1.1464907073974609e+002 1.3577695846557617e+001
  8.6967811584472656e+001 3.5132812500000000e+001 0 -1
  4.4634622192382812e+002 1.1437880706787109e+002
  1.4188600540161133e+001 8.6453041076660156e+001
  3.9084335327148438e+001 0 -1 4.5291284179687500e+002
  1.1501338958740234e+002 12. 8.8427047729492188e+001 41. 0 -1
  4.6175894165039062e+002 1.1516252136230469e+002
  1.2937500000000000e+001 9.1596817016601562e+001
  5.9781250000000000e+001 0 -1 4.7011633300781250e+002
  1.1553228759765625e+002 1.3333333969116211e+001
  6.2032562255859375e+001 4.2888900756835938e+001 0 -1
  3.5390310668945312e+002 1.1584667205810547e+002
  1.1357143402099609e+001 3.4059619140625000e+002
  3.7160717010498047e+001 0 -1 1.9614395141601562e+002
  1.1791827392578125e+002 1.1901203155517578e+001
  2.5328350830078125e+002 4.9008682250976563e+001 0 -1
  2.0471597290039062e+002 1.1785621643066406e+002
  1.4570234298706055e+001 3.2668429565429687e+002
  9.6055801391601562e+001 0 -1 2.6388778686523437e+002
  1.1898088073730469e+002 1.2915924072265625e+001
  2.3314385986328125e+002 8.1839080810546875e+001 0 -1
  4.0927432250976563e+002 1.1934889984130859e+002
  1.3674417495727539e+001 1.3933207702636719e+002
  1.1834884643554687e+002 0 -1 3.4377365112304687e+002
  1.2395500183105469e+002 1.1625000000000000e+001
  1.5891394042968750e+002 6.3125000000000000e+001 0 -1
  3.4976687622070312e+002 1.2409233093261719e+002
  1.2553398132324219e+001 6.1075534820556641e+000
  1.1943807983398437e+002 0 -1 4.7944888305664062e+002
  1.2446903228759766e+002 1.2599999427795410e+001
  8.1285346984863281e+001 3.6125000000000000e+001 0 -1
  4.0273626708984375e+002 1.6042604064941406e+002
  1.4500000000000000e+001 2.4021502685546875e+002
  3.3083335876464844e+001 0 -1 3.3718206787109375e+002
  1.6994790649414062e+002 1.3373231887817383e+001
  4.9805236816406250e+001 4.0042037963867188e+001 0 -1
  2.1477102661132812e+002 1.7797392272949219e+002
  1.6125000000000000e+001 2.0915008544921875e+002
  3.3781250000000000e+001 0 -1 2.0885551452636719e+002
  1.9135865783691406e+002 1.3264872550964355e+001
  2.5109117126464844e+002 1.5088406372070312e+002 0 -1
  2.6624389648437500e+002 1.9122560119628906e+002
  1.4165471076965332e+001 2.7838626098632812e+002
  9.8902130126953125e+001 0 -1 2.7471273803710937e+002
  1.9113870239257812e+002 1.0818181991577148e+001
  2.6640652465820312e+002 3.0640144348144531e+001 0 -1
  2.7288888549804687e+002 1.9217477416992187e+002
  1.2333333969116211e+001 2.6121350097656250e+002
  5.9055557250976563e+001 0 -1 2.7864578247070312e+002
  1.9168623352050781e+002 1.2288677215576172e+001
  2.8189276123046875e+002 5.9248916625976563e+001 0 -1
  3.2537747192382812e+002 1.9211865234375000e+002
  1.4217391967773438e+001 2.9583819580078125e+002
  3.7570655822753906e+001 0 -1 3.4585266113281250e+002
  1.9199772644042969e+002 1.3948453903198242e+001
  2.9118823242187500e+002 1.3111468505859375e+002 0 -1
  2.7490701293945313e+002 1.9404788208007812e+002
  1.2333333969116211e+001 2.5703558349609375e+002
  3.2055557250976563e+001 0 -1 3.5488659667968750e+002
  2.1611169433593750e+002 1.2870967864990234e+001
  2.4608712768554687e+002 3.2326614379882812e+001 0 -1
  1.9531800842285156e+002 2.2063688659667969e+002
  1.6973102569580078e+001 2.2852670288085937e+002
  4.5686813354492188e+001 0 -1 2.0495285034179687e+002
  2.4829621887207031e+002 1.2923077583312988e+001
  3.4662716674804687e+002 9.2923065185546875e+001 0 -1
  2.6304171752929687e+002 2.4880389404296875e+002
  1.3923076629638672e+001 2.9367675781250000e+002
  5.3003204345703125e+001 0 -1 3.5381033325195312e+002
  2.5004570007324219e+002 1.2157894134521484e+001
  3.5946307373046875e+002 3.8013153076171875e+001 0 -1
  1.9259872436523437e+002 2.5137780761718750e+002
  1.2951219558715820e+001 1.5985501098632812e+002
  4.1515243530273438e+001 0 -1 2.6278240966796875e+002
  2.5540036010742188e+002 1.4769231796264648e+001
  4.6406471252441406e+001 6.0769233703613281e+001 0 -1
  4.8008401489257812e+002 2.5887875366210937e+002
  1.3193830490112305e+001 6.2925167083740234e+000
  3.2480644226074219e+001 0 -1 2.1236856079101562e+002
  2.6604351806640625e+002 1.2631579399108887e+001
  1.7553998947143555e+001 3.9210525512695312e+001 0 -1
  2.1169801330566406e+002 2.7001831054687500e+002
  1.3090909957885742e+001 2.5971607208251953e+001
  5.6727279663085938e+001 0 -1 4.7104284667968750e+002
  2.7598825073242187e+002 1.1888888359069824e+001
  9.0179504394531250e+001 3.5009262084960938e+001 0 -1
  2.5960031127929687e+002 3.1841940307617187e+002
  1.2620690345764160e+001 2.7271105957031250e+002
  5.2482757568359375e+001 0 -1 2.2359236145019531e+002
  3.1908187866210937e+002 1.3012889862060547e+001
  1.6405543518066406e+002 3.8254280090332031e+001 0 -1
  2.8077227783203125e+002 4.6639171600341797e+001
  1.9571565628051758e+001 2.9340438842773437e+002
  1.5217533874511719e+002 1 -1 399. 48. 12. 3.5482989501953125e+002
  1.2244444274902344e+002 1 -1 3.1711688232421875e+002
