<?xml version="1.0"?>
<opencv_storage>
<keyPoints>
  2.7957748413085937e+002 5.5755008697509766e+001
  1.3461318969726563e+001 7.8679527282714844e+001
  4.5159805297851563e+001 0 -1 2.0578659057617187e+002
  6.5955528259277344e+001 1.3939615249633789e+001
  1.0867386817932129e+001 1.1644247436523437e+002 0 -1
  4.3161822509765625e+002 6.8415885925292969e+001
  1.3660861015319824e+001 2.2627868652343750e+002
  7.7225753784179688e+001 0 -1 4.4564141845703125e+002
  6.8655792236328125e+001 1.4142857551574707e+001
  2.3434358596801758e+001 3.7785713195800781e+001 0 -1
  2.0615943908691406e+002 7.3873115539550781e+001
  1.3838708877563477e+001 1.6030017852783203e+001
  3.6455642700195312e+001 0 -1 2.6857479858398437e+002
  7.5177413940429687e+001 1.3953017234802246e+001
  2.8864913940429687e+002 1.3731448364257812e+002 0 -1
  2.6847528076171875e+002 7.9693237304687500e+001
  1.3399454116821289e+001 2.7696234130859375e+002
  1.1487771606445312e+002 0 -1 3.4271890258789063e+002
  8.1619674682617188e+001 15. 1.5941726684570312e+002
  1.6725000000000000e+002 0 -1 351. 8.2750000000000000e+001 18.
  1.0515464019775391e+002 46. 0 -1 4.3156625366210937e+002
  8.3702575683593750e+001 1.3705882072448730e+001
  8.5166313171386719e+001 6.5061279296875000e+001 0 -1
  1.9736801147460937e+002 8.6918365478515625e+001
  1.2257143020629883e+001 3.3646917724609375e+002
  6.2064285278320312e+001 0 -1 2.8924975585937500e+002
  9.2640945434570313e+001 1.4282847404479980e+001
  3.0084338378906250e+002 7.4070159912109375e+001 0 -1
  1.7151271057128906e+002 1.0154225158691406e+002
  1.4512819290161133e+001 1.1752427673339844e+002
  1.3144235229492187e+002 0 -1 2.3652606201171875e+002
  1.0101705932617187e+002 1.3241462707519531e+001
  7.2183143615722656e+001 3.6119758605957031e+001 0 -1
  2.0041621398925781e+002 1.0438960266113281e+002
  1.4744680404663086e+001 2.7404354095458984e+001
  4.9917556762695312e+001 0 -1 1.9428346252441406e+002
  1.0486973571777344e+002 1.3372881889343262e+001
  3.8590766906738281e+001 1.0508898925781250e+002 0 -1
  1.5568237304687500e+002 1.0675403594970703e+002
  1.3235294342041016e+001 1.9479501342773437e+002
  4.0720588684082031e+001 0 -1 3.7954681396484375e+002
  1.0552384948730469e+002 1.3930309295654297e+001
  2.8465307617187500e+002 3.4865158081054687e+001 0 -1
  2.5756332397460937e+002 1.1151515960693359e+002
  1.3250000000000000e+001 2.4899057006835937e+002
  3.1520835876464844e+001 0 -1 2.4884616088867187e+002
  1.1732771301269531e+002 1.4538461685180664e+001
  2.3605328369140625e+002 3.8326919555664063e+001 0 -1
  2.4238101196289062e+002 1.2142297363281250e+002
  1.2937500000000000e+001 2.3189393615722656e+002
  4.3390625000000000e+001 0 -1 2.4075822448730469e+002
  1.2256701660156250e+002 1.0548387527465820e+001
  2.3239645385742187e+002 3.1907257080078125e+001 0 -1
  2.3572441101074219e+002 1.2603814697265625e+002
  1.3750000000000000e+001 2.2999998474121094e+002
  4.8020835876464844e+001 0 -1 2.3349873352050781e+002
  1.2750126647949219e+002 1.3888889312744141e+001
  2.2947906494140625e+002 3.1337959289550781e+001 0 -1 296. 127. 12.
  1.5816574096679687e+002 45. 0 -1 2.9195443725585937e+002
  1.3004557800292969e+002 1.2049384117126465e+001
  1.9056282043457031e+002 4.5001602172851563e+001 0 -1
  2.8490097045898437e+002 1.3209797668457031e+002
  1.2789473533630371e+001 2.8035510253906250e+002
  3.6493423461914063e+001 0 -1 2.8696078491210937e+002
  1.3307182312011719e+002 1.2307693481445313e+001
  2.9838079833984375e+002 6.0102539062500000e+001 0 -1
  2.7902005004882812e+002 1.3402011108398438e+002
  1.3250000000000000e+001 3.0207550048828125e+002
  5.4041671752929688e+001 0 -1 2.4785098266601562e+002
  1.3898599243164062e+002 1.2750000000000000e+001
  7.8549537658691406e+001 4.8250000000000000e+001 0 -1
  2.5018966674804687e+002 1.4016212463378906e+002
  1.3520293235778809e+001 9.2911048889160156e+001
  7.6240264892578125e+001 0 -1 2.0182759094238281e+002
  1.4872703552246094e+002 1.2517241477966309e+001
  2.4335826110839844e+002 4.1107757568359375e+001 0 -1
  3.7807806396484375e+002 1.7103427124023437e+002
  1.5593416213989258e+001 2.0067361450195312e+002
  3.9059249877929688e+001 0 -1 2.1218057250976562e+002 180.
  1.3907372474670410e+001 1.5544024658203125e+002
  5.2879196166992188e+001 0 -1 1.8006294250488281e+002
  1.8732270812988281e+002 1.2391304969787598e+001
  1.7136126708984375e+002 3.5048912048339844e+001 0 -1
  1.9188827514648437e+002 1.9182415771484375e+002
  1.2666666984558105e+001 2.7002349853515625e+002
  3.6333328247070312e+001 0 -1 197. 1.9201010131835937e+002
  1.3636363983154297e+001 3.0592703247070312e+002
  3.4818183898925781e+001 0 -1 2.7366796875000000e+002
  2.0940626525878906e+002 1.2891892433166504e+001
  2.5090832519531250e+002 3.1408798217773438e+001 0 -1 265. 215.
  1.2483870506286621e+001 2.3369705200195312e+002
  3.1100807189941406e+001 0 -1 3.1930917358398437e+002
  2.2075271606445312e+002 1.3545454025268555e+001
  3.5788223266601562e+002 7.7189392089843750e+001 0 -1
  2.5125105285644531e+002 2.2470042419433594e+002
  1.4039999008178711e+001 2.2910870361328125e+002
  6.3890014648437500e+001 0 -1 3.0826672363281250e+002
  2.2410038757324219e+002 1.4419355392456055e+001
  1.7311172485351562e+002 4.0520156860351562e+001 0 -1
  2.4574911499023437e+002 2.2838131713867187e+002
  1.2444444656372070e+001 2.3275704956054687e+002
  5.4148147583007813e+001 0 -1 3.1862951660156250e+002
  2.2748112487792969e+002 1.4700000762939453e+001
  2.8764102935791016e+001 3.6025001525878906e+001 0 -1
  2.7820831298828125e+002 2.2879167175292969e+002
  1.4714284896850586e+001 3.4603152465820312e+002
  3.2148811340332031e+001 0 -1 3.0577966308593750e+002
  2.2911225891113281e+002 1.2157894134521484e+001
  1.5899116516113281e+002 5.3013153076171875e+001 0 -1
  3.0218823242187500e+002 2.3188877868652344e+002
  1.1142856597900391e+001 1.9279074096679687e+002
  3.8428565979003906e+001 0 -1 2.9769067382812500e+002
  2.3491404724121094e+002 1.4090908050537109e+001
  3.3641625976562500e+002 5.0003784179687500e+001 0 -1
  2.3167059326171875e+002 2.3832940673828125e+002
  1.4299161911010742e+001 2.3475994873046875e+002
  3.2745704650878906e+001 0 -1 2.2861904907226562e+002
  2.4038095092773437e+002 1.3857143402099609e+001
  2.3368234252929687e+002 3.1005950927734375e+001 0 -1
  2.6032876586914062e+002 2.4263394165039062e+002
  1.3832668304443359e+001 6.0699863433837891e+001
  8.3347167968750000e+001 0 -1 2.2257968139648437e+002
  2.4438414001464844e+002 1.2500000000000000e+001
  2.3303945922851563e+002 3.4125000000000000e+001 0 -1 211.
  2.5239813232421875e+002 1.3799999237060547e+001
  2.2348410034179687e+002 4.8125000000000000e+001 0 -1
  2.0305714416503906e+002 2.5794287109375000e+002
  1.3285713195800781e+001 2.2022708129882812e+002
  3.0642852783203125e+001 0 -1 1.9947883605957031e+002
  2.6052117919921875e+002 1.3736843109130859e+001
  2.2810919189453125e+002 4.2592117309570313e+001 0 -1
  1.9662500000000000e+002 2.6237500000000000e+002
  1.3125000000000000e+001 2.4053149414062500e+002
  3.2562500000000000e+001 0 -1 1.9302589416503906e+002
  2.6497409057617187e+002 1.5517351150512695e+001
  2.4240298461914062e+002 3.3321990966796875e+001 0 -1
  1.8176922607421875e+002 2.7250711059570312e+002
  1.3555555343627930e+001 2.0208448791503906e+002
  7.8814819335937500e+001 0 -1 1.7920018005371094e+002
  2.7863156127929687e+002 1.4664413452148437e+001
  1.6361093139648437e+002 4.9759841918945313e+001 0 -1
  2.1955216979980469e+002 2.8856573486328125e+002
  1.0875000000000000e+001 1.9599331665039062e+002
  3.4281250000000000e+001 0 -1 1.9144061279296875e+002 290.
  1.2250000000000000e+001 1.5032130432128906e+002
  4.8041671752929688e+001 0 -1 208. 2.9673629760742187e+002
  1.3440000534057617e+001 2.9339215087890625e+002
  6.3440002441406250e+001 0 -1 3.7495156860351562e+002
  3.0371734619140625e+002 1.4268297195434570e+001
  1.7482240295410156e+002 3.3395034790039063e+001 0 -1
  2.0545419311523437e+002 6.6019401550292969e+001
