%YAML:1.0
---
recording:
   type: VideoRecording
   recordId: Action_20171124T115613
   channelId: main
   timeStamp: "131559981736530000"
   sessionTimestamp: "0"
   width: -1
   height: -1
   frameCount: 172
   fps: 2.9969999999999999e+001
   recordingType: 2000
   frameTransformRect: [ [ -1, -1 ], [ -1, -1 ], [ -1, -1 ], [ -1, -1 ] ]
   trackingMode: 1
   segments:
      - { startFrame:89, stopFrame:136, segmentType:2000, focusFrame:-1,
          focusPoint:{ values:[ -1., -1. ], type:Vector2 }, isFragment:0 }
      - { startFrame:0, stopFrame:165, segmentType:1000, focusFrame:-1,
          focusPoint:{ values:[ -1., -1. ], type:Vector2 }, isFragment:0 }
   framesRelTs: [ "0", "180000", "380000", "710000", "1150000",
       "1340000", "1660000", "1980000", "2300000", "2620000", "2940000",
       "3260000", "3580000", "4200000", "4580000", "4900000", "5080000",
       "5330000", "5660000", "5980000", "6300000", "6620000", "6940000",
       "7260000", "7580000", "7900000", "8380000", "8700000", "9020000",
       "9330000", "9660000", "9980000", "10310000", "10620000",
       "10940000", "11260000", "11580000", "11910000", "12580000",
       "12790000", "13020000", "13350000", "13660000", "13980000",
       "14310000", "14740000", "15000000", "15280000", "15590000",
       "15900000", "16220000", "16700000", "17020000", "17340000",
       "17660000", "17980000", "18300000", "18620000", "18940000",
       "19260000", "19590000", "19900000", "20230000", "20710000",
       "21030000", "21340000", "21660000", "21990000", "22300000",
       "22620000", "22940000", "23260000", "23590000", "23900000",
       "24220000", "24700000", "25020000", "25350000", "25660000",
       "25980000", "26300000", "26620000", "26940000", "27260000",
       "27580000", "27900000", "28220000", "28540000", "29020000",
       "29340000", "29660000", "29980000", "30300000", "30620000",
       "30940000", "31260000", "31580000", "31900000", "32220000",
       "32540000", "33020000", "33340000", "33660000", "33980000",
       "34300000", "34620000", "34940000", "35280000", "35630000",
       "35900000", "36220000", "36540000", "36860000", "37340000",
       "37660000", "37980000", "38300000", "38620000", "38940000",
       "39260000", "39580000", "39910000", "40220000", "40540000",
       "40860000", "41340000", "41660000", "41980000", "42300000",
       "42620000", "42940000", "43270000", "43580000", "43900000",
       "44220000", "44540000", "44860000", "45180000", "45660000",
       "45980000", "46300000", "46620000", "46940000", "47260000",
       "47580000", "47910000", "48220000", "48540000", "48860000",
       "49190000", "49660000", "49990000", "50300000", "50620000",
       "50940000", "51250000", "51580000", "51900000", "52220000",
       "52540000", "52860000", "53180000", "53660000", "53980000",
       "54310000", "54630000", "54940000", "55260000", "55580000",
       "55900000", "56220000", "56540000" ]
   chunks:
      - { path:"Recordings/Action_20171124T115613/recording.avi",
          startFrameIdx:0 }
