<?xml version="1.0"?>
<opencv_storage>
<keyPoints>
  2.7152142333984375e+002 2.5343921661376953e+001
  1.4729784965515137e+001 8.9598587036132813e+001
  3.4601043701171875e+001 0 -1 3.1009106445312500e+002
  2.6437652587890625e+001 1.3105262756347656e+001
  8.7030731201171875e+001 5.5967102050781250e+001 0 -1
  3.1460827636718750e+002 2.6741281509399414e+001 11.
  8.0473968505859375e+001 3.2458335876464844e+001 0 -1
  4.1104296875000000e+002 2.6994754791259766e+001
  1.1828024864196777e+001 8.7382087707519531e+001
  4.2458671569824219e+001 0 -1 2.6720101928710937e+002
  2.7887697219848633e+001 1.3537834167480469e+001
  8.9083190917968750e+001 6.5737197875976563e+001 0 -1
  3.8874880981445312e+002 2.7364515304565430e+001
  1.6677761077880859e+001 9.4823417663574219e+001
  4.6124954223632812e+001 0 -1 3.9162136840820312e+002
  2.7665548324584961e+001 1.3526315689086914e+001
  9.4832733154296875e+001 6.2844299316406250e+001 0 -1
  4.1571328735351562e+002 2.7568378448486328e+001
  1.2424455642700195e+001 8.4395652770996094e+001
  3.2056999206542969e+001 0 -1 2.2612103271484375e+002
  2.9291532516479492e+001 1.3186046600341797e+001
  9.4672958374023438e+001 4.6840118408203125e+001 0 -1
  2.7544305419921875e+002 2.9354986190795898e+001
  1.3772875785827637e+001 9.4057830810546875e+001
  3.7559150695800781e+001 0 -1 3.1486901855468750e+002
  2.9287567138671875e+001 1.2529412269592285e+001
  8.0919082641601562e+001 3.1066177368164063e+001 0 -1
  2.5958364868164062e+002 2.9710277557373047e+001
  1.1765066146850586e+001 8.4927680969238281e+001
  3.5578216552734375e+001 0 -1 4.1415548706054687e+002
  2.9937751770019531e+001 1.1372093200683594e+001
  8.2604530334472656e+001 3.5235466003417969e+001 0 -1
  4.1892471313476562e+002 3.1665788650512695e+001
  1.2359999656677246e+001 8.0125892639160156e+001
  3.1044998168945313e+001 0 -1 3.7454269409179687e+002
  4.1640338897705078e+001 1.4739130020141602e+001
  2.0255191040039062e+002 6.1793472290039063e+001 0 -1
  3.9728393554687500e+002 4.4748569488525391e+001
  1.6172414779663086e+001 3.0872509765625000e+002
  1.4703591918945312e+002 0 -1 2.8340133666992187e+002
  4.9612815856933594e+001 1.4384614944458008e+001
  2.3855253219604492e+001 4.7080123901367188e+001 0 -1
  2.5091987609863281e+002 8.0665916442871094e+001
  1.3258064270019531e+001 3.3612164306640625e+002
  3.4681449890136719e+001 0 -1 3.9846014404296875e+002
  8.3764305114746094e+001 15. 3.3360192871093750e+002
  1.2762500000000000e+002 0 -1 3.1155496215820312e+002
  8.5295799255371094e+001 1.4760000228881836e+001
  2.7374517822265625e+002 6.5290008544921875e+001 0 -1
  4.0189984130859375e+002 8.5798408508300781e+001 13.
  1.1687696456909180e+001 4.4541671752929688e+001 0 -1
  1.9044386291503906e+002 1.0188658905029297e+002
  1.1419574737548828e+001 2.4620324707031250e+002
  3.3650962829589844e+001 0 -1 2.1578511047363281e+002
  1.0158509063720703e+002 1.2894736289978027e+001
  2.8078305053710937e+002 5.2633789062500000e+001 0 -1
  3.9236871337890625e+002 1.0389643096923828e+002
  1.4485713958740234e+001 2.3233317565917969e+002
  5.2003570556640625e+001 0 -1 3.9484921264648437e+002
  1.0296334075927734e+002 1.1714284896850586e+001
  2.5525564575195312e+002 3.5047615051269531e+001 0 -1
  4.2071868896484375e+002 1.0446154022216797e+002
  1.6384614944458008e+001 3.0143438720703125e+002
  3.9471153259277344e+001 0 -1 2.1131584167480469e+002
  1.0532135009765625e+002 1.2352941513061523e+001
  2.7405377197265625e+002 3.4058822631835938e+001 0 -1
  3.1590353393554687e+002 1.0494999694824219e+002
  1.2299999237060547e+001 2.8083929443359375e+002
  3.0050003051757812e+001 0 -1 1.9197712707519531e+002
  1.0654431915283203e+002 1.5593127250671387e+001
  2.3141351318359375e+002 1.2502676391601562e+002 0 -1
  2.0471434020996094e+002 1.0828395843505859e+002
  1.3630285263061523e+001 2.6699255371093750e+002
  3.3784240722656250e+001 0 -1 1.9865847778320312e+002
  1.0949267578125000e+002 1.4823529243469238e+001
  2.4261450195312500e+002 3.6764694213867188e+001 0 -1
  2.4665132141113281e+002 1.1194767761230469e+002
  1.3666666030883789e+001 2.8889105224609375e+002
  4.6388885498046875e+001 0 -1 4.1078552246093750e+002
  1.1146802520751953e+002 1.4785713195800781e+001
  2.9189111328125000e+002 5.2017852783203125e+001 0 -1
  4.2219775390625000e+002 1.2326663208007812e+002
  1.4733332633972168e+001 3.8119270324707031e+001
  7.6669433593750000e+001 0 -1 3.6823342895507812e+002
  1.4275373840332031e+002 1.6375000000000000e+001
  3.2641735839843750e+002 9.9760406494140625e+001 0 -1
  2.4625000000000000e+002 1.6975000000000000e+002 18.
  5.4966754913330078e+001 5.4111328125000000e+001 0 -1
  4.9705358886718750e+002 1.7659730529785156e+002
  1.4513513565063477e+001 1.9164968872070312e+002
  1.2049325561523437e+002 0 -1 4.9163235473632812e+002
  1.7958299255371094e+002 1.4142857551574707e+001
  1.7623941040039062e+002 4.2785713195800781e+001 0 -1
  2.4239822387695312e+002 2.2760563659667969e+002
  1.3614575386047363e+001 2.6646197509765625e+002
  3.3444664001464844e+001 0 -1 4.9170861816406250e+002
  2.3341766357421875e+002 1.3186046600341797e+001
  1.9111450195312500e+002 4.4840118408203125e+001 0 -1 368.
  2.5675000000000000e+002 18. 3.0581411743164062e+002 114. 0 -1
  2.4681675720214844e+002 2.8233026123046875e+002
  1.3285713195800781e+001 3.1072790527343750e+002
  3.3642852783203125e+001 0 -1 3.6709890747070312e+002
  2.8376495361328125e+002 1.7364896774291992e+001
  6.2801792144775391e+001 4.7112777709960938e+001 0 -1
  2.4067378234863281e+002 2.8474835205078125e+002
  1.2157894134521484e+001 1.9675540161132812e+002
  5.5013153076171875e+001 0 -1 2.4551507568359375e+002
  2.8515057373046875e+002 1.4571428298950195e+001
  3.0305746459960937e+002 5.7571426391601562e+001 0 -1
  2.9305645751953125e+002 3.1811306762695312e+002 13.
  3.0993203735351562e+002 3.0208335876464844e+001 0 -1
  2.9229089355468750e+002 3.2148901367187500e+002
  1.3799999237060547e+001 3.4727420043945312e+002
  6.1349998474121094e+001 0 -1 3.1835504150390625e+002
  3.2165759277343750e+002 1.3974029541015625e+001
  2.3256099700927734e+001 8.0921417236328125e+001 0 -1
  3.7409008789062500e+002 4.1536132812500000e+001
  1.9244785308837891e+001 1.1888147735595703e+002
  6.1691257476806641e+001 1 -1 2.4559542846679687e+002
  8.2211334228515625e+001 24. 3.5655618286132812e+002
  1.7832421875000000e+002 1 -1 3.1132507324218750e+002
  8.4852447509765625e+001 1.8552833557128906e+001
  2.7578991699218750e+002 6.6017150878906250e+001 1 -1
  2.0725000000000000e+002 1.0650000000000000e+002 24.
  2.8169320678710937e+002 44. 1 -1 2.1938645935058594e+002
  1.0650000000000000e+002 24. 3.1991970825195312e+002
  9.2275390625000000e+001 1 -1 4.2050000000000000e+002
  1.0650000000000000e+002 24. 3.2397705078125000e+002 96. 1 -1
  1.9256060791015625e+002 1.0796379089355469e+002
  2.2286815643310547e+001 2.2338911437988281e+002
  1.3269717407226562e+002 1 -1 2.0491302490234375e+002
  1.0902861022949219e+002 2.0099998474121094e+001
  2.7100656127929687e+002 4.5224990844726563e+001 1 -1
  3.0141760253906250e+002 1.0927700805664062e+002
  2.0050868988037109e+001 2.5313105773925781e+002
  6.8585052490234375e+001 1 -1 3.0942712402343750e+002
  1.0943434143066406e+002 1.8798198699951172e+001
  2.8761361694335937e+002 6.0321502685546875e+001 1 -1
  3.6775000000000000e+002 1.1590886688232422e+002
  1.9959877014160156e+001 2.0697506713867187e+002
  8.3246276855468750e+001 1 -1 2.4634942626953125e+002
  1.1771128845214844e+002 2.0482450485229492e+001
  3.2996664428710937e+002 5.2843040466308594e+001 1 -1
  4.9114923095703125e+002 1.2463079833984375e+002
  1.7250000000000000e+001 1.8139970397949219e+002
  4.8187500000000000e+001 1 -1 3.6741915893554687e+002
  1.7207051086425781e+002 2.2508308410644531e+001
  7.6700065612792969e+001 8.8205703735351563e+001 1 -1
  4.9663952636718750e+002 1.7685157775878906e+002
  1.8479591369628906e+001 1.8265550231933594e+002
  1.2007604980468750e+002 1 -1 4.9154559326171875e+002
