%YAML:1.0
---
recording:
   type: VideoRecording
   recordId: Action_20180109T110207
   channelId: main
   timeStamp: "131599693279140000"
   sessionTimestamp: "0"
   width: -1
   height: -1
   frameCount: 177
   fps: 2.9969999999999999e+001
   recordingType: 2000
   frameTransformRect: [ [ -1, -1 ], [ -1, -1 ], [ -1, -1 ], [ -1, -1 ] ]
   trackingMode: 1
   segments:
      - { startFrame:59, stopFrame:107, segmentType:2000, focusFrame:-1,
          focusPoint:{ values:[ -1., -1. ], type:Vector2 }, isFragment:0 }
      - { startFrame:0, stopFrame:170, segmentType:1000, focusFrame:-1,
          focusPoint:{ values:[ -1., -1. ], type:Vector2 }, isFragment:0 }
   framesRelTs: [ "0", "250000", "460000", "820000", "1160000",
       "1470000", "1800000", "2120000", "2440000", "2760000", "3090000",
       "3410000", "3750000", "4070000", "4390000", "4700000", "5030000",
       "5360000", "5680000", "6010000", "6320000", "6660000", "6980000",
       "7320000", "7640000", "7970000", "8290000", "8610000", "8950000",
       "9270000", "9590000", "9940000", "10260000", "10570000",
       "10900000", "11220000", "11550000", "11880000", "12200000",
       "12540000", "12850000", "13180000", "13510000", "13830000",
       "14150000", "14480000", "14810000", "15150000", "15470000",
       "15810000", "16130000", "16450000", "16780000", "17100000",
       "17430000", "17750000", "18080000", "18400000", "18730000",
       "19050000", "19390000", "19720000", "20040000", "20370000",
       "20700000", "21010000", "21340000", "21660000", "21990000",
       "22310000", "22630000", "22960000", "23280000", "23610000",
       "23950000", "24280000", "24610000", "24930000", "25260000",
       "25600000", "25910000", "26230000", "26550000", "26910000",
       "27260000", "27560000", "27870000", "28190000", "28520000",
       "28860000", "29190000", "29510000", "29830000", "30150000",
       "30630000", "30960000", "31150000", "31450000", "31790000",
       "32280000", "32470000", "32760000", "33110000", "33430000",
       "33760000", "34070000", "34400000", "34720000", "35050000",
       "35530000", "35860000", "36190000", "36400000", "36860000",
       "37170000", "37510000", "37830000", "38150000", "38480000",
       "38800000", "39130000", "39460000", "39790000", "40110000",
       "40440000", "40760000", "41090000", "41410000", "41730000",
       "42050000", "42400000", "42720000", "43040000", "43360000",
       "43690000", "44040000", "44340000", "44660000", "44990000",
       "45310000", "45650000", "45970000", "46290000", "46620000",
       "46940000", "47270000", "47590000", "47920000", "48240000",
       "48570000", "48910000", "49220000", "49540000", "49870000",
       "50200000", "50530000", "50850000", "51180000", "51510000",
       "51830000", "52150000", "52470000", "52790000", "53130000",
       "53460000", "53780000", "54110000", "54430000", "54760000",
       "55080000", "55410000", "55730000", "56060000", "56390000",
       "56720000", "57050000", "57410000" ]
   chunks:
      - { path:"Recordings/Action_20180109T110207/recording.avi",
          startFrameIdx:0 }
