%YAML:1.0
---
recording:
   type: VideoRecording
   recordId: Action_20180109T151356
   channelId: main
   timeStamp: "131599844360690000"
   sessionTimestamp: "0"
   width: -1
   height: -1
   frameCount: 115
   fps: 2.9969999999999999e+001
   recordingType: 2000
   frameTransformRect: [ [ -1, -1 ], [ -1, -1 ], [ -1, -1 ], [ -1, -1 ] ]
   trackingMode: 0
   segments:
      - { startFrame:0, stopFrame:108, segmentType:1000, focusFrame:-1,
          focusPoint:{ values:[ -1., -1. ], type:Vector2 }, isFragment:0 }
   framesRelTs: [ "0", "250000", "530000", "850000", "1660000",
       "1860000", "2030000", "2210000", "2500000", "2820000", "3140000",
       "3470000", "3800000", "4130000", "4440000", "4780000", "5110000",
       "5440000", "5770000", "6100000", "6430000", "6750000", "7070000",
       "7410000", "7730000", "8060000", "8390000", "8730000", "9050000",
       "9370000", "9700000", "10020000", "10370000", "10690000",
       "11020000", "11350000", "11680000", "12010000", "12340000",
       "12670000", "13000000", "13320000", "13660000", "13970000",
       "14310000", "14640000", "14970000", "15310000", "15630000",
       "15960000", "16300000", "16620000", "16960000", "17280000",
       "17610000", "17930000", "18260000", "18590000", "18910000",
       "19240000", "19570000", "19910000", "20230000", "20550000",
       "20890000", "21210000", "21550000", "21870000", "22200000",
       "22520000", "22850000", "23190000", "23520000", "23850000",
       "24190000", "24510000", "24840000", "25170000", "25500000",
       "25830000", "26160000", "26480000", "26810000", "27130000",
       "27470000", "27800000", "28130000", "28460000", "28790000",
       "29120000", "29460000", "29780000", "30110000", "30440000",
       "30770000", "31160000", "31450000", "31810000", "31990000",
       "32280000", "32610000", "32940000", "33260000", "33580000",
       "33910000", "34260000", "34570000", "34900000", "35230000",
       "35550000", "35890000", "36210000", "36540000", "36870000",
       "37470000" ]
   chunks:
      - { path:"Recordings/Action_20180109T151356/recording.avi",
          startFrameIdx:0 }
