<?xml version="1.0"?>
<opencv_storage>
<keyPoints>
  2.7156002807617187e+002 2.5411685943603516e+001
  1.5550853729248047e+001 9.0249755859375000e+001
  3.6246391296386719e+001 0 -1 3.1037402343750000e+002
  2.6368091583251953e+001 1.2529412269592285e+001
  8.6509399414062500e+001 5.2198516845703125e+001 0 -1
  3.1456527709960937e+002 2.6764270782470703e+001
  1.1341463088989258e+001 8.2288833618164063e+001
  3.5246948242187500e+001 0 -1 4.1119235229492187e+002
  2.6914089202880859e+001 1.1647058486938477e+001
  8.6889106750488281e+001 4.4058822631835938e+001 0 -1
  2.6712619018554687e+002 2.7882499694824219e+001
  1.3632013320922852e+001 8.9370002746582031e+001
  6.2820877075195313e+001 0 -1 3.8875708007812500e+002
  2.7378786087036133e+001 1.6714216232299805e+001
  9.5012603759765625e+001 4.7442306518554687e+001 0 -1
  3.9152862548828125e+002 2.7769088745117188e+001
  1.3430768966674805e+001 9.5223823547363281e+001
  6.4848052978515625e+001 0 -1 4.1596179199218750e+002
  2.7525321960449219e+001 1.2917118072509766e+001
  8.4959602355957031e+001 3.1250511169433594e+001 0 -1
  2.2578852844238281e+002 2.9258434295654297e+001
  1.3049285888671875e+001 9.4308235168457031e+001
  4.3087333679199219e+001 0 -1 2.7558892822265625e+002
  2.9626859664916992e+001 1.3427730560302734e+001
  9.4492477416992188e+001 3.6321289062500000e+001 0 -1
  3.1460729980468750e+002 2.9183511734008789e+001
  1.2652173995971680e+001 8.3046661376953125e+001
  3.1135864257812500e+001 0 -1 2.5954620361328125e+002
  2.9759649276733398e+001 1.1769230842590332e+001
  8.5477928161621094e+001 3.5038467407226563e+001 0 -1
  4.1403256225585938e+002 2.9924955368041992e+001
  1.1399999618530273e+001 8.2058296203613281e+001
  3.4199996948242188e+001 0 -1 3.7453134155273437e+002
  4.1758388519287109e+001 1.4733332633972168e+001
  1.9959140014648437e+002 6.2669433593750000e+001 0 -1
  3.9728298950195312e+002 4.4779167175292969e+001
  1.6200000762939453e+001 3.1345214843750000e+002
  1.4582501220703125e+002 0 -1 2.8160861206054687e+002
  4.4993740081787109e+001 1.4485713958740234e+001
  3.1788912963867187e+002 1.3201071166992187e+002 0 -1
  2.8309677124023438e+002 4.9671722412109375e+001
  1.3604650497436523e+001 2.3535900115966797e+001
  4.4537796020507812e+001 0 -1 2.7851727294921875e+002
  5.1648860931396484e+001 1.4889169692993164e+001
  8.8733955383300781e+001 9.4931976318359375e+001 0 -1
  2.5093949890136719e+002 8.0627601623535156e+001
  1.3125000000000000e+001 3.4529763793945313e+002
  3.2562500000000000e+001 0 -1 3.1147781372070312e+002
  8.5314933776855469e+001 1.4869564056396484e+001
  2.7527078247070312e+002 6.3260879516601563e+001 0 -1
  4.0176254272460937e+002 8.5895133972167969e+001
  1.3058822631835938e+001 1.3486249923706055e+001
  3.7529411315917969e+001 0 -1 1.9018005371093750e+002
  1.0183345031738281e+002 1.1423495292663574e+001
  2.4455355834960937e+002 3.1755455017089844e+001 0 -1
  2.1577613830566406e+002 1.0160769653320312e+002
  1.2762711524963379e+001 2.7689297485351562e+002
  5.1476684570312500e+001 0 -1 3.9480331420898437e+002
  1.0302148437500000e+002 1.1727272987365723e+001
  2.5181509399414062e+002 3.9045455932617188e+001 0 -1
  4.2237564086914063e+002 1.0340991973876953e+002
  1.3600061416625977e+001 2.9766888427734375e+002
  5.8611587524414062e+001 0 -1 4.2088058471679687e+002
  1.0480000305175781e+002 1.7400001525878906e+001
  3.0700198364257812e+002 4.1075004577636719e+001 0 -1
  2.1129583740234375e+002 1.0550983428955078e+002
  1.2500000000000000e+001 2.6390316772460937e+002
  3.9125000000000000e+001 0 -1 1.9188523864746094e+002
  1.0667581176757812e+002 1.4659339904785156e+001
  2.2986709594726562e+002 7.1043350219726563e+001 0 -1
  2.4325000000000000e+002 1.0975000000000000e+002 18.
  3.5892938232421875e+002 5.7444335937500000e+001 0 -1
  2.4577430725097656e+002 112. 14. 3.4387646484375000e+002
  3.9333328247070313e+001 0 -1 371. 1.1250000000000000e+002
  1.3500000000000000e+001 3.2181008911132812e+002
  3.2250000000000000e+001 0 -1 3.6508953857421875e+002
  1.2994215393066406e+002 1.2554273605346680e+001
  3.5786242675781250e+002 3.0146720886230469e+001 0 -1
  3.7154013061523438e+002 1.3027964782714844e+002
  1.3683692932128906e+001 3.5809771728515625e+002
  4.9526306152343750e+001 0 -1 3.7451623535156250e+002
  1.3008113098144531e+002 13. 3.0135922431945801e+000
  5.7708328247070313e+001 0 -1 2.3689717102050781e+002
  1.5423428344726562e+002 1.2846153259277344e+001
  3.0846132278442383e+001 4.5387817382812500e+001 0 -1
  2.4862149047851562e+002 1.5417971801757812e+002
  1.3779661178588867e+001 1.3150404930114746e+001
  6.8595336914062500e+001 0 -1 3.6422311401367187e+002
  1.5433387756347656e+002 1.3545454025268555e+001
  4.0823688507080078e+000 3.4094696044921875e+001 0 -1
  3.7431756591796875e+002 1.5501298522949219e+002
  1.2621170997619629e+001 2.0084273815155029e-001
  4.9288131713867188e+001 0 -1 2.4555683898925781e+002
  1.7037350463867187e+002 1.3493173599243164e+001
  6.4617681503295898e+000 3.8469329833984375e+001 0 -1
  4.9045208740234375e+002 1.7077861022949219e+002
  1.0116278648376465e+001 4.8043746948242188e+001
  4.5119186401367188e+001 0 -1 2.4558216857910156e+002
  1.7178775024414062e+002 1.3163265228271484e+001
  2.2906675338745117e+000 4.1920928955078125e+001 0 -1
  4.7191159057617187e+002 1.8147857666015625e+002
  1.3971427917480469e+001 2.1540896606445312e+002
  3.3889282226562500e+001 0 -1 2.6179852294921875e+002
  1.9140165710449219e+002 1.2805580139160156e+001
  2.3857478332519531e+002 3.4955780029296875e+001 0 -1
  2.3583804321289062e+002 1.9192214965820313e+002
  1.3263156890869141e+001 9.5682014465332031e+001
  4.2842102050781250e+001 0 -1 2.4814076232910156e+002
  1.9189526367187500e+002 1.3137929916381836e+001
  1.1197539329528809e+001 3.3521545410156250e+001 0 -1
  3.7030728149414062e+002 1.9123091125488281e+002
  1.2096774101257324e+001 2.1371118545532227e+001
  3.0004035949707031e+001 0 -1 3.7345639038085937e+002
  1.9271847534179687e+002 1.4023895263671875e+001
  3.9681682586669922e+000 3.5595054626464844e+001 0 -1
  2.4477825927734375e+002 2.0876411437988281e+002
  1.2450000762939453e+001 3.4139724731445312e+002
  3.4112503051757812e+001 0 -1 2.6160977172851562e+002
  2.0983966064453125e+002 1.2571429252624512e+001
  1.4215615844726562e+002 3.6190475463867188e+001 0 -1
  3.6548513793945312e+002 2.0968103027343750e+002
  1.3859910964965820e+001 3.1771563720703125e+002
  3.1991828918457031e+001 0 -1 3.7048129272460937e+002
  2.0972102355957031e+002 1.1823529243469238e+001
  3.2813156127929687e+002 3.0014701843261719e+001 0 -1
  4.7278887939453125e+002 2.1097776794433594e+002
  1.1903225898742676e+001 2.6879251098632812e+002
  6.2008071899414063e+001 0 -1 242. 2.2675000000000000e+002 18.
  3.4962991333007812e+002 48. 0 -1 368. 2.2675000000000000e+002 18.
  3.5139434814453125e+002 43. 0 -1 3.7049285888671875e+002
  2.3082958984375000e+002 1.3040815353393555e+001
  3.5878253173828125e+002 3.4737258911132812e+001 0 -1
  2.4797148132324219e+002 2.4527967834472656e+002
  1.4140338897705078e+001 3.4721463012695312e+002
  4.2749221801757813e+001 0 -1 3.6430438232421875e+002
  2.4578190612792969e+002 1.3941177368164063e+001
  3.5490914916992187e+002 3.6779403686523438e+001 0 -1
  3.7355661010742187e+002 2.4624707031250000e+002
  1.3424127578735352e+001 3.5675903320312500e+002
  4.2027084350585938e+001 0 -1 2.4762348937988281e+002
  2.7042288208007812e+002 1.3447156906127930e+001
  8.0244064331054687e+000 5.1726699829101563e+001 0 -1
  2.3762658691406250e+002 2.7050018310546875e+002
  1.3782239913940430e+001 8.5210996866226196e-001
  3.5586776733398438e+001 0 -1 2.4523286437988281e+002
  2.7044668579101562e+002 1.4067155838012695e+001
  4.5555286407470703e+000 3.6235328674316406e+001 0 -1
  3.7214242553710937e+002 2.7158862304687500e+002
  1.4362745285034180e+001 5.5848777294158936e-001
  4.5132644653320312e+001 0 -1 3.7120169067382812e+002
  2.7168746948242187e+002 1.4526315689086914e+001
