<?xml version="1.0"?>
<opencv_storage>
<keyPoints>
  2.6192819213867187e+002 2.5468717575073242e+001
  1.3615385055541992e+001 8.8872528076171875e+001
  3.0942306518554687e+001 0 -1 2.7164620971679687e+002
  2.5417436599731445e+001 1.5136329650878906e+001
  8.9564720153808594e+001 3.3671669006347656e+001 0 -1
  3.1074224853515625e+002 2.6351417541503906e+001
  1.2219511985778809e+001 8.5629882812500000e+001
  5.2027435302734375e+001 0 -1 3.1565249633789062e+002
  2.6882902145385742e+001 1.2712760925292969e+001
  8.3312957763671875e+001 4.0976089477539063e+001 0 -1
  4.1164175415039062e+002 2.7084121704101562e+001
  1.2523809432983398e+001 8.6754646301269531e+001
  5.8240066528320312e+001 0 -1 2.6735485839843750e+002
  2.7904014587402344e+001 1.3708193778991699e+001
  8.8999389648437500e+001 6.9530670166015625e+001 0 -1
  3.9163088989257812e+002 2.7818677902221680e+001
  1.3730768203735352e+001 9.5147674560546875e+001
  6.2163452148437500e+001 0 -1 2.2617608642578125e+002
  2.9488563537597656e+001 1.2858819961547852e+001
  9.4050392150878906e+001 3.9823661804199219e+001 0 -1
  2.5979568481445312e+002 2.9928976058959961e+001
  1.1830188751220703e+001 8.5904617309570313e+001
  3.6021224975585938e+001 0 -1 2.7543258666992188e+002
  2.9783111572265625e+001 1.3733022689819336e+001
  9.3335632324218750e+001 3.7003982543945313e+001 0 -1
  4.1904061889648437e+002 3.1828445434570313e+001
  1.2840000152587891e+001 8.0862136840820313e+001
  3.0244995117187500e+001 0 -1 3.7460772705078125e+002
  4.2260292053222656e+001 1.4529411315917969e+001
  2.1223554992675781e+002 6.2531860351562500e+001 0 -1
  2.8359487915039062e+002 4.9896522521972656e+001
  1.4142857551574707e+001 2.2744829177856445e+001
  4.6678573608398438e+001 0 -1 2.5096958923339844e+002
  8.1075599670410156e+001 1.3611232757568359e+001
  3.3834640502929687e+002 3.2475288391113281e+001 0 -1
  3.9828195190429688e+002 8.3888862609863281e+001
  1.5995965003967285e+001 3.3139883422851562e+002
  1.2810397338867187e+002 0 -1 3.1165734863281250e+002
  8.5302452087402344e+001 1.4875000000000000e+001
  2.8420117187500000e+002 6.4510421752929688e+001 0 -1
  4.0189651489257812e+002 8.5972267150878906e+001
  1.3333333969116211e+001 9.0313663482666016e+000
  3.6888900756835938e+001 0 -1 1.6133518981933594e+002
  1.0151708984375000e+002 1.4866666793823242e+001
  5.5977943420410156e+001 6.4136108398437500e+001 0 -1
  2.1586264038085937e+002 1.0168140411376953e+002
  1.3193870544433594e+001 2.7528320312500000e+002
  4.9929397583007813e+001 0 -1 3.9223278808593750e+002
  1.0386363983154297e+002 1.5272727012634277e+001
  2.2965435791015625e+002 4.0272727966308594e+001 0 -1
  3.9489117431640625e+002 1.0321836090087891e+002
  1.1924185752868652e+001 2.5579489135742187e+002
  3.3288314819335938e+001 0 -1 2.1160887145996094e+002
  1.0534027099609375e+002 1.1264150619506836e+001
  2.5877725219726562e+002 3.7398574829101563e+001 0 -1
  2.4715809631347656e+002 1.1204939270019531e+002
  1.4010009765625000e+001 2.9738998413085937e+002
  4.5948837280273438e+001 0 -1 4.1049484252929687e+002
  1.1145206451416016e+002 1.6022115707397461e+001
  2.9108117675781250e+002 4.3839637756347656e+001 0 -1 368. 115.
  1.5166666030883789e+001 2.8322003173828125e+002
  5.4013885498046875e+001 0 -1 3.6593341064453125e+002
  1.1573081970214844e+002 1.7338432312011719e+001
  2.3669021606445312e+002 6.4136642456054687e+001 0 -1
  2.4642066955566406e+002 1.1755187225341797e+002
  1.5912108421325684e+001 3.0430819702148437e+002
  5.2904464721679688e+001 0 -1 4.7366128540039062e+002
  1.2858332824707031e+002 1.2526508331298828e+001
  2.6061132812500000e+002 3.3338058471679688e+001 0 -1
  2.4639851379394531e+002 1.6975874328613281e+002
  1.7156373977661133e+001 4.9925495147705078e+001
  4.9877861022949219e+001 0 -1 4.9094979858398437e+002
  1.7235209655761719e+002 1.1210526466369629e+001
  9.8495567321777344e+001 3.7328948974609375e+001 0 -1
  4.7362298583984375e+002 1.8283123779296875e+002
  1.2681818008422852e+001 2.5904043579101563e+002
  3.0284088134765625e+001 0 -1 4.7419125366210937e+002
  2.1262498474121094e+002 1.2125000000000000e+001
  2.5119943237304687e+002 5.3010421752929688e+001 0 -1
  3.6863397216796875e+002 2.2755737304687500e+002
  1.4294116973876953e+001 2.9145248413085937e+002
  4.3485290527343750e+001 0 -1 2.4696157836914062e+002
  2.8238229370117187e+002 13. 3.1287661743164062e+002
  3.4416671752929688e+001 0 -1 2.4063310241699219e+002
  2.8483865356445312e+002 1.2428571701049805e+001
  1.9780578613281250e+002 4.9089286804199219e+001 0 -1
  2.4562031555175781e+002 2.8593331909179687e+002
  1.6320989608764648e+001 3.0021286010742188e+002
  6.1525718688964844e+001 0 -1 2.9102783203125000e+002
  3.1991235351562500e+002 1.1750000000000000e+001
  3.2027294921875000e+002 3.7020835876464844e+001 0 -1
  2.9262902832031250e+002 3.2180221557617187e+002
  1.1872370719909668e+001 3.5038952636718750e+002
  6.0009452819824219e+001 0 -1 3.1810775756835937e+002
  3.2175958251953125e+002 1.2685714721679688e+001
  2.5617275238037109e+001 8.1457138061523438e+001 0 -1
  4.0378030395507812e+002 2.7613101959228516e+001
  1.7277107238769531e+001 8.9706703186035156e+001
  6.1025604248046875e+001 1 -1 2.5880834960937500e+002
  3.0116802215576172e+001 1.5375000000000000e+001
  8.8093276977539063e+001 3.1531250000000000e+001 1 -1
  3.9682446289062500e+002 4.6500000000000000e+001 24.
  8.7145301818847656e+001 2.1498730468750000e+002 1 -1
  2.7575738525390625e+002 4.9047798156738281e+001
  1.8307720184326172e+001 1.5785194396972656e+002
  6.5712997436523438e+001 1 -1 2.4560488891601562e+002
  8.2342575073242188e+001 2.2580581665039063e+001
  3.5406167602539062e+002 1.8011267089843750e+002 1 -1
  3.1142153930664062e+002 8.4970565795898438e+001
  1.8383823394775391e+001 2.7732385253906250e+002
  6.4326210021972656e+001 1 -1 2.1944442749023437e+002
  1.0650000000000000e+002 24. 3.1235552978515625e+002
  8.8361328125000000e+001 1 -1 4.2050775146484375e+002
  1.0650274658203125e+002 2.3933973312377930e+001
  3.2499203491210937e+002 8.5001007080078125e+001 1 -1
  2.9357824707031250e+002 1.0816322326660156e+002 24.
  2.2403573608398437e+002 1.2255371093750000e+002 1 -1
  2.0650000000000000e+002 1.0850000000000000e+002 24.
  2.5418521118164062e+002 4.6555664062500000e+001 1 -1
  3.0160034179687500e+002 1.0945570373535156e+002
  2.0121952056884766e+001 2.5632150268554687e+002
  6.3564025878906250e+001 1 -1 3.0934893798828125e+002
  1.0962854003906250e+002 1.8066667556762695e+001
  2.8802606201171875e+002 5.8002777099609375e+001 1 -1
  4.7117401123046875e+002 1.2807431030273438e+002
  2.0594512939453125e+001 2.2533850097656250e+002
  3.4997039794921875e+001 1 -1 2.4450000000000000e+002
  1.4250000000000000e+002 24. 8.4954166412353516e+000
  1.8355566406250000e+002 1 -1 2.4561924743652344e+002
  1.7078347778320312e+002 2.0036054611206055e+001
  6.3777534484863281e+001 6.3823318481445313e+001 1 -1
  4.7082562255859375e+002 1.8293118286132812e+002
  2.1983734130859375e+001 1.8209349060058594e+002
  3.8696670532226563e+001 1 -1 4.6082150268554687e+002
  2.8641558837890625e+002 1.8483652114868164e+001
  1.9653431701660156e+002 3.3016784667968750e+001 1 -1
  3.7462625122070312e+002 4.2123310089111328e+001
  2.0058219909667969e+001 1.2446415710449219e+002
  6.2560131072998047e+001 2 -1 2.7956652832031250e+002
  4.5679565429687500e+001 2.8463306427001953e+001
  8.6384468078613281e+001 2.0969282531738281e+002 2 -1
  2.4519139099121094e+002 8.3105117797851562e+001
  2.7533620834350586e+001 3.5662145996093750e+002
  1.8977928161621094e+002 2 -1 3.1164541625976562e+002
  8.5619758605957031e+001 1.8373910903930664e+001
  2.7795944213867187e+002 6.4268806457519531e+001 2 -1
  3.9705245971679687e+002 8.3879852294921875e+001
  2.5907337188720703e+001 2.6320721435546875e+002
  1.9606623840332031e+002 2 -1 3.9529711914062500e+002
  8.5279449462890625e+001 2.9952659606933594e+001
  2.5551324462890625e+002 2.0895356750488281e+002 2 -1
  2.0717497253417969e+002 1.0826123046875000e+002
