%YAML:1.0
---
recording:
   type: VideoRecording
   recordId: Action_20180109T111043
   channelId: main
   timeStamp: "131599698433990000"
   sessionTimestamp: "0"
   width: 0
   height: 0
   frameCount: 177
   fps: 2.9969999999999999e+001
   recordingType: 2000
   frameTransformRect: [ [ -1, -1 ], [ -1, -1 ], [ -1, -1 ], [ -1, -1 ] ]
   trackingMode: 1
   segments:
      - { startFrame:21, stopFrame:39, segmentType:2000, focusFrame:-1,
          focusPoint:{ values:[ -1., -1. ], type:Vector2 }, isFragment:0 }
      - { startFrame:96, stopFrame:129, segmentType:2000, focusFrame:-1,
          focusPoint:{ values:[ -1., -1. ], type:Vector2 }, isFragment:0 }
      - { startFrame:0, stopFrame:170, segmentType:1000, focusFrame:-1,
          focusPoint:{ values:[ -1., -1. ], type:Vector2 }, isFragment:0 }
   framesRelTs: [ "0", "240000", "520000", "730000", "1020000",
       "1490000", "1680000", "2150000", "2470000", "2790000", "3210000",
       "3470000", "3780000", "4100000", "4420000", "4750000", "5080000",
       "5420000", "5740000", "6060000", "6400000", "6710000", "7050000",
       "7370000", "7690000", "8010000", "8350000", "8690000", "9010000",
       "9330000", "9660000", "10000000", "10330000", "10650000",
       "10980000", "11290000", "11610000", "11940000", "12270000",
       "12590000", "12910000", "13230000", "13550000", "13890000",
       "14210000", "14530000", "14860000", "15200000", "15520000",
       "15840000", "16170000", "16480000", "16810000", "17140000",
       "17460000", "17780000", "18110000", "18430000", "18760000",
       "19070000", "19390000", "19720000", "20040000", "20370000",
       "20700000", "21030000", "21350000", "21670000", "21990000",
       "22310000", "22620000", "22950000", "23280000", "23610000",
       "23930000", "24530000", "24800000", "25080000", "25400000",
       "25720000", "26060000", "26380000", "26710000", "27040000",
       "27370000", "27690000", "28030000", "28240000", "28530000",
       "28850000", "29330000", "29530000", "29870000", "30170000",
       "30640000", "30970000", "31290000", "31510000", "31930000",
       "32270000", "32590000", "32920000", "33240000", "33560000",
       "33890000", "34230000", "34440000", "34880000", "35200000",
       "35530000", "35860000", "36170000", "36500000", "36820000",
       "37140000", "37460000", "37800000", "38120000", "38440000",
       "38780000", "39100000", "39430000", "39750000", "40080000",
       "40400000", "40730000", "41060000", "41380000", "41700000",
       "42030000", "42350000", "42680000", "42990000", "43320000",
       "43650000", "43960000", "44280000", "44600000", "44930000",
       "45250000", "45570000", "45900000", "46240000", "46570000",
       "46880000", "47210000", "47540000", "47860000", "48190000",
       "48510000", "48840000", "49170000", "49490000", "49800000",
       "50150000", "50480000", "50800000", "51130000", "51450000",
       "51790000", "52100000", "52430000", "52770000", "53080000",
       "53410000", "53740000", "54070000", "54400000", "54710000",
       "55040000", "55370000", "55690000", "56010000", "56490000",
       "56820000", "57140000", "57470000" ]
   chunks:
      - { path:"Recordings/Action_20180109T111043/recording.avi",
          startFrameIdx:0 }
