<?xml version="1.0"?>
<opencv_storage>
<keyPoints>
  2.3777500915527344e+002 4.1390056610107422e+001
  1.3263156890869141e+001 3.3311920166015625e+002
  3.4842102050781250e+001 0 -1 3.1297076416015625e+002
  4.3767536163330078e+001 1.2176470756530762e+001
  1.1445323944091797e+002 4.0014709472656250e+001 0 -1
  3.0236264038085937e+002 48. 1.3087912559509277e+001
  1.5637060546875000e+002 7.7495880126953125e+001 0 -1
  3.0402380371093750e+002 47. 1.2567566871643066e+001
  1.4620611572265625e+002 7.1165542602539063e+001 0 -1
  3.0341720581054688e+002 4.9493053436279297e+001
  9.5454549789428711e+000 1.3229782104492187e+002
  5.6681819915771484e+001 0 -1 3.0594827270507812e+002
  5.0796550750732422e+001 1.2310344696044922e+001
  1.6658981323242187e+002 4.0077590942382813e+001 0 -1
  3.1154754638671875e+002 5.0617176055908203e+001
  1.4225805282592773e+001 1.7997462463378906e+002
  4.4133056640625000e+001 0 -1 2.9425000000000000e+002
  5.2262096405029297e+001 1.3500000000000000e+001
  1.9166462707519531e+002 3.4250000000000000e+001 0 -1
  2.9792071533203125e+002 5.2815433502197266e+001
  1.1678571701049805e+001 1.8285197448730469e+002
  3.6080352783203125e+001 0 -1 2.9692480468750000e+002
  5.4822959899902344e+001 8.3999996185302734e+000
  1.7825151062011719e+002 5.0239997863769531e+001 0 -1
  3.0972003173828125e+002 5.5303958892822266e+001
  1.3815316200256348e+001 2.1193986511230469e+002
  4.2596817016601563e+001 0 -1 3.0137731933593750e+002
  5.6208229064941406e+001 1.2263158798217773e+001
  2.0736840820312500e+002 3.7054824829101563e+001 0 -1
  2.9503076171875000e+002 56. 1.2461538314819336e+001
  2.1151983642578125e+002 3.3076927185058594e+001 0 -1
  2.9721530151367187e+002 5.7395790100097656e+001
  1.0708850860595703e+001 2.1594860839843750e+002
  3.4406478881835937e+001 0 -1 3.0198864746093750e+002
  5.8102008819580078e+001 8.3999996185302734e+000
  2.1929409790039062e+002 5.3919998168945312e+001 0 -1
  3.0459954833984375e+002 5.9500118255615234e+001
  8.8695650100708008e+000 2.3256054687500000e+002
  6.4260864257812500e+001 0 -1 2.2484797668457031e+002
  6.0897018432617188e+001 1.3024341583251953e+001
  2.3312551879882813e+002 9.5211090087890625e+001 0 -1
  2.4756553649902344e+002 6.1339363098144531e+001
  1.3163265228271484e+001 2.9736184692382812e+002
  6.4920928955078125e+001 0 -1 2.4818170166015625e+002
  6.1686889648437500e+001 1.5412304878234863e+001
  2.9651727294921875e+002 6.6824127197265625e+001 0 -1
  2.9621920776367187e+002 6.0636863708496094e+001
  1.0297297477722168e+001 2.4138502502441406e+002
  3.4489860534667969e+001 0 -1 3.0241152954101562e+002
  6.0789623260498047e+001 1.1526315689086914e+001
  2.3458129882812500e+002 4.9177627563476563e+001 0 -1
  3.0678906250000000e+002 6.1470821380615234e+001
  1.2138595581054687e+001 2.3672470092773437e+002
  7.3019897460937500e+001 0 -1 3.0022940063476562e+002
  1.4731489562988281e+002 1.2545454025268555e+001
  1.7798757934570312e+002 8.1181816101074219e+001 0 -1
  3.9353533935546875e+002 1.4819825744628906e+002
  1.0640866279602051e+001 9.0126823425292969e+001
  7.0031959533691406e+001 0 -1 2.9779132080078125e+002
  1.8647682189941406e+002 1.2873896598815918e+001
  1.9564578247070312e+002 8.6542129516601563e+001 0 -1
  3.9326116943359375e+002 1.8799761962890625e+002
  1.1958904266357422e+001 2.8871029663085937e+002
  9.8001708984375000e+001 0 -1 2.9586975097656250e+002
  2.2829020690917969e+002 1.2622641563415527e+001
  2.2984068298339844e+002 8.4285385131835938e+001 0 -1
  3.9335855102539062e+002 2.2999958801269531e+002
  1.2569620132446289e+001 3.5022479248046875e+002
  1.1035601806640625e+002 0 -1 2.9243280029296875e+002
  2.7158609008789062e+002 1.0714285850524902e+001
  2.3043009948730469e+002 8.2964286804199219e+001 0 -1
  3.9350393676757812e+002 2.7445178222656250e+002
  1.2172499656677246e+001 6.2842288970947266e+001
  9.2608482360839844e+001 0 -1 2.3788897705078125e+002
  3.3898468017578125e+002 1.1500000000000000e+001
  2.6907635498046875e+002 5.5166664123535156e+001 0 -1
  3.0895251464843750e+002 5.6255661010742187e+001
  1.6714284896850586e+001 2.1456985473632812e+002
  4.5321426391601563e+001 1 -1 3.0172116088867187e+002
  6.0240386962890625e+001 1.7769229888916016e+001
  2.2687364196777344e+002 3.0009613037109375e+001 1 -1
  2.5050000000000000e+002 6.0500000000000000e+001 24.
  2.8822680664062500e+002 8.6888885498046875e+001 1 -1
  3.0121163940429688e+002 4.8129371643066406e+001
  2.3689655303955078e+001 1.9149209594726562e+002
  6.7038780212402344e+001 2 -1 2.9524700927734375e+002
  5.2939956665039063e+001 2.5399997711181641e+001
  2.1017953491210937e+002 6.6816650390625000e+001 2 -1
  3.0993804931640625e+002 5.4939636230468750e+001
  2.5648723602294922e+001 2.1371061706542969e+002
  4.8676776885986328e+001 2 -1 2.2371032714843750e+002
  6.0135810852050781e+001 2.2345775604248047e+001
  2.5541345214843750e+002 8.5815307617187500e+001 2 -1
  2.4983068847656250e+002 6.1887771606445313e+001
  2.7810844421386719e+001 2.8540954589843750e+002
  8.9593360900878906e+001 2 -1 3.0834381103515625e+002
  5.8950225830078125e+001 2.4888879776000977e+001
  2.2153802490234375e+002 5.0152385711669922e+001 2 -1
  2.2370681762695312e+002 6.0500000000000000e+001 24.
  2.5874902343750000e+002 9.3978515625000000e+001 3 -1
  3.0041778564453125e+002 6.0832115173339844e+001
  3.6888889312744141e+001 2.2377186584472656e+002
  6.2148162841796875e+001 3 -1 3.9378527832031250e+002
  2.7406182861328125e+002 42. 1.4192205810546875e+002
  3.1833333969116211e+001 4 -1</keyPoints>
