<?xml version="1.0"?>
<opencv_storage>
<keyPoints>
  3.1047927856445312e+002 2.6333799362182617e+001
  1.2411764144897461e+001 8.6369140625000000e+001
  5.3120101928710938e+001 0 -1 3.1445468139648437e+002
  2.6836902618408203e+001 1.1372093200683594e+001
  8.2390922546386719e+001 3.6235466003417969e+001 0 -1
  4.1100320434570312e+002 2.7023788452148438e+001
  1.2076923370361328e+001 8.7749839782714844e+001
  4.5003204345703125e+001 0 -1 2.6718438720703125e+002
  2.7899095535278320e+001 1.3677174568176270e+001
  8.9073852539062500e+001 6.5205184936523438e+001 0 -1
  3.9155929565429687e+002 2.7734889984130859e+001
  1.3677965164184570e+001 9.4876960754394531e+001
  6.1307205200195313e+001 0 -1 4.1596356201171875e+002
  2.7637575149536133e+001 1.2874507904052734e+001
  8.5203269958496094e+001 3.0263175964355469e+001 0 -1
  2.2593531799316406e+002 2.9295925140380859e+001
  1.3020435333251953e+001 9.4527748107910156e+001
  4.3506759643554688e+001 0 -1 2.7547747802734375e+002
  2.9544292449951172e+001 1.3389887809753418e+001
  9.4103126525878906e+001 3.6194168090820313e+001 0 -1
  2.5963894653320312e+002 2.9854158401489258e+001
  1.1666666030883789e+001 8.5054161071777344e+001
  3.6083328247070312e+001 0 -1 4.1401577758789062e+002
  2.9957984924316406e+001 1.1228571891784668e+001
  8.0054817199707031e+001 3.3289283752441406e+001 0 -1
  4.1894628906250000e+002 3.1729764938354492e+001
  1.2652173995971680e+001 8.1684585571289063e+001
  3.1135864257812500e+001 0 -1 3.7462142944335937e+002
  4.2353321075439453e+001 1.4345455169677734e+001
  1.9864778137207031e+002 6.1202285766601563e+001 0 -1
  3.9734759521484375e+002 4.4800334930419922e+001
  1.6159090042114258e+001 3.1255520629882812e+002
  1.4514202880859375e+002 0 -1 2.8150994873046875e+002
  4.4953529357910156e+001 15. 3.1577612304687500e+002
  1.2725000000000000e+002 0 -1 2.8338800048828125e+002
  4.9836875915527344e+001 1.4230770111083984e+001
  2.3697935104370117e+001 4.4695510864257813e+001 0 -1
  2.3040336608886719e+002 5.4591274261474609e+001
  1.4764705657958984e+001 1.0847357749938965e+001
  5.8414230346679688e+001 0 -1 2.5089419555664062e+002
  8.0825325012207031e+001 1.3507888793945313e+001
  3.3744119262695312e+002 3.3806365966796875e+001 0 -1
  3.1146618652343750e+002 8.5273635864257813e+001
  1.4975490570068359e+001 2.8303466796875000e+002
  6.2892486572265625e+001 0 -1 4.0179736328125000e+002
  8.5861419677734375e+001 1.3166666030883789e+001
  1.0984443664550781e+001 3.8680557250976562e+001 0 -1
  1.6124539184570312e+002 1.0146653747558594e+002 15.
  5.5646144866943359e+001 5.9250000000000000e+001 0 -1
  2.1576606750488281e+002 1.0159217834472656e+002
  1.2836065292358398e+001 2.7561328125000000e+002
  5.2592208862304687e+001 0 -1 3.9479983520507812e+002
  1.0312657928466797e+002 1.1842104911804199e+001
  2.5573812866210937e+002 3.3013160705566406e+001 0 -1
  4.2239556884765625e+002 1.0345732116699219e+002
  1.3448400497436523e+001 2.9840026855468750e+002
  5.8899383544921875e+001 0 -1 4.2045724487304687e+002
  1.0414820098876953e+002 1.5272727012634277e+001
  2.9783840942382812e+002 4.0272727966308594e+001 0 -1
  2.1132917785644531e+002 1.0552955627441406e+002
  1.2529412269592285e+001 2.6394299316406250e+002
  3.6132354736328125e+001 0 -1 1.9181143188476562e+002
  1.0663670349121094e+002 15. 2.2686424255371094e+002
  7.2375000000000000e+001 0 -1 2.4670977783203125e+002
  1.1207462310791016e+002 1.4030122756958008e+001
  2.9566781616210937e+002 5.0321472167968750e+001 0 -1
  4.2226257324218750e+002 1.2346562957763672e+002 15.
  3.7559139251708984e+001 7.8125000000000000e+001 0 -1
  4.7271163940429687e+002 1.2730979156494141e+002
  1.2506220817565918e+001 2.4980599975585937e+002
  3.1873825073242188e+001 0 -1 2.4629734802246094e+002
  1.6973785400390625e+002 1.7692848205566406e+001
  5.4450431823730469e+001 5.1252502441406250e+001 0 -1
  4.9070666503906250e+002 1.7117672729492187e+002
  1.0350000381469727e+001 6.0363838195800781e+001
  4.3512504577636719e+001 0 -1 4.7270123291015625e+002
  2.1124905395507812e+002 1.2321428298950195e+001
  2.5590956115722656e+002 5.9080368041992188e+001 0 -1 368.
  2.5675000000000000e+002 18. 3.0795910644531250e+002 106. 0 -1
  2.4675691223144531e+002 2.8240335083007812e+002
  1.3363636016845703e+001 3.1329492187500000e+002
  3.4852279663085937e+001 0 -1 3.6706835937500000e+002
  2.8374591064453125e+002 1.7494949340820312e+001
  6.2701408386230469e+001 4.4065757751464844e+001 0 -1
  3.6635525512695312e+002 285. 18. 6.4184989929199219e+001 67. 0 -1
  2.4053332519531250e+002 2.8473565673828125e+002
  1.2599999427795410e+001 2.0832275390625000e+002
  4.7125000000000000e+001 0 -1 4.5895507812500000e+002
  2.8555078125000000e+002 1.3956521987915039e+001
  1.7536320495605469e+002 3.1222831726074219e+001 0 -1
  2.9293722534179687e+002 3.1811755371093750e+002
  1.3105262756347656e+001 3.1346997070312500e+002
  3.2322368621826172e+001 0 -1 2.9067327880859375e+002
  3.1979702758789062e+002 1.2299999237060547e+001
  3.1872955322265625e+002 3.6024997711181641e+001 0 -1
  3.1662643432617187e+002 3.1997412109375000e+002 12.
  3.5855672359466553e+000 35. 0 -1 2.9223867797851562e+002
  3.2175433349609375e+002 1.2506528854370117e+001
  3.5312802124023437e+002 6.1152450561523438e+001 0 -1
  3.1797000122070313e+002 3.2173001098632812e+002
  1.2692307472229004e+001 2.4511854171752930e+001
  7.6432693481445313e+001 0 -1 3.9724334716796875e+002
  4.6033401489257813e+001 2.2043800354003906e+001
  8.2529579162597656e+001 2.1257318115234375e+002 1 -1
  2.7567858886718750e+002 4.8926609039306641e+001
  2.0142856597900391e+001 1.4442793273925781e+002
  7.1446426391601562e+001 1 -1 2.4547549438476562e+002
  8.2282699584960938e+001 2.3587242126464844e+001
  3.5419635009765625e+002 1.8058694458007813e+002 1 -1
  3.1132571411132812e+002 8.4910110473632812e+001
  1.8876552581787109e+001 2.7690689086914063e+002
  6.5495269775390625e+001 1 -1 2.1935116577148437e+002
  1.0650000000000000e+002 24. 3.1346926879882812e+002
  8.8378906250000000e+001 1 -1 4.2050000000000000e+002
  1.0650000000000000e+002 24. 3.2583111572265625e+002 93. 1 -1
  3.0145233154296875e+002 1.0924690246582031e+002
  2.0172134399414063e+001 2.5517958068847656e+002
  6.8849578857421875e+001 1 -1 3.0935247802734375e+002
  1.0944680023193359e+002 1.8685070037841797e+001
  2.8818634033203125e+002 6.5275939941406250e+001 1 -1
  3.6775000000000000e+002 1.1596073150634766e+002
  1.9948715209960938e+001 2.0928456115722656e+002
  7.9784606933593750e+001 1 -1 2.4670236206054687e+002
  1.1815296173095703e+002 2.0400001525878906e+001
  3.2738510131835937e+002 5.1799999237060547e+001 1 -1
  4.7004241943359375e+002 1.2722154235839844e+002
  2.0547176361083984e+001 2.1968486022949219e+002
  3.4385223388671875e+001 1 -1 2.4625000000000000e+002
  1.7076078796386719e+002 1.9794876098632812e+001
  5.8832939147949219e+001 6.1336471557617188e+001 1 -1
  3.6731024169921875e+002 1.7228672790527344e+002
  2.2118133544921875e+001 7.9942245483398437e+001
  8.6797363281250000e+001 1 -1 4.6973480224609375e+002
  1.8190296936035156e+002 2.1318952560424805e+001
  1.8348379516601562e+002 3.7218444824218750e+001 1 -1
  4.6935314941406250e+002 2.3597305297851562e+002
  1.9784305572509766e+001 2.1217153930664062e+002
  3.0703308105468750e+001 1 -1 4.5958355712890625e+002
  2.4081689453125000e+002 19. 1.9625389099121094e+002
  3.0083333969116211e+001 1 -1 3.6697335815429687e+002
  2.8547695922851562e+002 2.2569904327392578e+001
  5.7112869262695313e+001 8.5606552124023438e+001 1 -1
  2.4531677246093750e+002 2.8525000000000000e+002
  1.8303064346313477e+001 3.3277426147460937e+002
  5.7930648803710938e+001 1 -1 3.7451394653320312e+002
  4.2033168792724609e+001 2.0383714675903320e+001
  1.1469234466552734e+002 6.1291706085205078e+001 2 -1
  2.7944638061523437e+002 4.5598060607910156e+001
  2.8580787658691406e+001 8.7265190124511719e+001
  2.0970869445800781e+002 2 -1 2.4514982604980469e+002
  8.3091484069824219e+001 2.7519119262695313e+001
