<?xml version="1.0"?>
<opencv_storage>
<keyPoints>
  2.6786303710937500e+002 3.0289127349853516e+001 15.
  8.9800117492675781e+001 7.4250000000000000e+001 0 -1
  3.9858956909179687e+002 5.2593551635742187e+001
  1.4938144683837891e+001 1.4935041427612305e+001
  1.4063015747070312e+002 0 -1 4.4136972045898437e+002
  5.2537494659423828e+001 1.6574626922607422e+001
  2.8420507812500000e+002 5.2137252807617188e+001 0 -1
  2.7953176879882812e+002 5.5657985687255859e+001
  1.3469635009765625e+001 7.7689140319824219e+001
  4.5056045532226563e+001 0 -1 4.2927511596679688e+002
  6.7413177490234375e+001 1.5890571594238281e+001
  2.2926535034179687e+002 7.8969879150390625e+001 0 -1
  4.4161264038085937e+002 6.7624710083007812e+001
  1.4555555343627930e+001 3.2670700073242187e+002
  3.7449073791503906e+001 0 -1 3.8416452026367187e+002
  6.9969261169433594e+001 1.2263158798217773e+001
  1.9041976928710937e+002 4.0054824829101563e+001 0 -1
  3.8717889404296875e+002 7.2019058227539063e+001
  1.2336372375488281e+001 2.4236354064941406e+002
  7.2786926269531250e+001 0 -1 2.0121849060058594e+002
  7.3464729309082031e+001 1.3793058395385742e+001
  3.4696087646484375e+002 1.2409588623046875e+002 0 -1
  2.6452218627929687e+002 7.5346733093261719e+001
  1.4346534729003906e+001 2.9221783447265625e+002
  1.3872402954101563e+002 0 -1 1.8135871887207031e+002
  7.8132965087890625e+001 1.1608695983886719e+001
  3.3881958007812500e+002 3.6048912048339844e+001 0 -1
  2.0108418273925781e+002 7.8070930480957031e+001
  1.3178571701049805e+001 9.7175575256347656e+001
  1.1916070556640625e+002 0 -1 2.2924688720703125e+002
  7.7889831542968750e+001 1.4485713958740234e+001
  2.5756228637695312e+002 4.5003570556640625e+001 0 -1 230.
  7.7603157043457031e+001 1.3617738723754883e+001
  2.7295239257812500e+002 4.2397903442382813e+001 0 -1
  1.7433374023437500e+002 8.0877189636230469e+001
  1.2368421554565430e+001 1.8640573120117187e+002
  6.7107467651367188e+001 0 -1 2.6409136962890625e+002
  7.9586257934570313e+001 1.3144330978393555e+001
  2.9600100708007812e+002 1.2376416015625000e+002 0 -1
  1.7855104064941406e+002 8.0964462280273438e+001
  1.2071099281311035e+001 3.2032324218750000e+002
  8.0200256347656250e+001 0 -1 1.8499275207519531e+002
  8.0981498718261719e+001 1.2214286804199219e+001
  3.5237460327148437e+002 3.4017852783203125e+001 0 -1
  2.2075640869140625e+002 8.1633270263671875e+001
  1.2158760070800781e+001 1.7363755798339844e+002
  5.2864578247070312e+001 0 -1 2.4023597717285156e+002
  8.1906875610351563e+001 1.2529412269592285e+001
  7.2880911827087402e+000 4.8198516845703125e+001 0 -1
  3.4637820434570312e+002 8.2473335266113281e+001
  1.5399999618530273e+001 1.0247270965576172e+002
  3.6816665649414063e+001 0 -1 4.3374075317382812e+002
  8.2534385681152344e+001 1.3040010452270508e+001
  1.5572741699218750e+002 3.6841911315917969e+001 0 -1
  4.2874453735351562e+002 8.2661979675292969e+001
  1.3744185447692871e+001 1.6371160888671875e+002
  5.4816864013671875e+001 0 -1 1.8704136657714844e+002
  8.3526748657226563e+001 1.3869876861572266e+001
  3.7420351505279541e+000 5.3262802124023438e+001 0 -1
  4.3670101928710937e+002 8.5163192749023438e+001
  1.3340425491333008e+001 4.6374561309814453e+001
  4.5172882080078125e+001 0 -1 3.8676821899414062e+002
  9.4051589965820313e+001 1.2142856597900391e+001
  3.1326931762695312e+002 3.9011901855468750e+001 0 -1
  3.7437661743164063e+002 9.7497062683105469e+001
  1.5514286041259766e+001 2.0412583923339844e+002
  5.7003570556640625e+001 0 -1 3.7960351562500000e+002
  9.6309722900390625e+001 1.6034482955932617e+001
  2.2011172485351562e+002 4.4556045532226563e+001 0 -1 377.
  9.9959732055664063e+001 1.3111110687255859e+001
  2.0286892700195312e+002 5.0925933837890625e+001 0 -1
  3.7806744384765625e+002 1.0348973083496094e+002
  1.5202327728271484e+001 1.7850732421875000e+002
  7.1379104614257813e+001 0 -1 380. 105. 1.2576922416687012e+001
  1.6158267211914062e+002 4.0240386962890625e+001 0 -1
  3.7938522338867187e+002 1.0809943389892578e+002
  1.4600000381469727e+001 1.5251266479492187e+002
  5.5225006103515625e+001 0 -1 2.3774638366699219e+002
  1.6736499023437500e+002 1.4500000000000000e+001
  2.3024546813964844e+002 3.7083335876464844e+001 0 -1
  2.3251969909667969e+002 1.6856974792480469e+002
  1.4818181991577148e+001 2.5548927307128906e+002
  4.1640151977539063e+001 0 -1 2.0607691955566406e+002
  2.5292308044433594e+002 1.5230768203735352e+001
  2.8202005004882812e+002 3.3769226074218750e+001 0 -1
  3.8105438232421875e+002 2.8589376831054687e+002
  1.3754844665527344e+001 1.1843314361572266e+002
  4.8269485473632813e+001 0 -1 4.2849163818359375e+002
  2.9411752319335937e+002 1.3344746589660645e+001
  1.1055195617675781e+002 3.2043342590332031e+001 0 -1
  4.2860345458984375e+002 2.9818341064453125e+002
  1.3002561569213867e+001 9.9335487365722656e+001
  3.7493255615234375e+001 0 -1 3.7876473999023437e+002
  3.0178521728515625e+002 1.1875000000000000e+001
  2.3799215698242187e+002 3.5010421752929688e+001 0 -1
  3.8125000000000000e+002 3.0475000000000000e+002 18.
  2.7814169311523437e+002 5.9222656250000000e+001 0 -1
  3.8296554565429687e+002 3.0883932495117187e+002
  1.2171428680419922e+001 3.4636999511718750e+002
  5.5028564453125000e+001 0 -1 2.6668075561523437e+002
  3.0374935150146484e+001 1.8907264709472656e+001
  9.1115898132324219e+001 7.3573364257812500e+001 1 -1
  4.3850000000000000e+002 5.2500000000000000e+001 24.
  2.7547659301757812e+002 6.4777343750000000e+001 1 -1
  4.3782830810546875e+002 6.7714736938476562e+001
  1.5891798019409180e+001 2.9243951416015625e+002
  5.2592185974121094e+001 1 -1 3.8680499267578125e+002
  7.3670867919921875e+001 1.8652172088623047e+001
  3.7136940002441406e+001 5.7135879516601562e+001 1 -1
  2.2650000000000000e+002 7.6500000000000000e+001 24.
  3.3455014038085937e+002 5.1888671875000000e+001 1 -1
  2.6434872436523437e+002 7.5370590209960938e+001 16.
  2.9488638305664062e+002 1.3366667175292969e+002 1 -1
  2.0121096801757813e+002 78. 12. 2.1645123291015625e+002
  1.0739453125000000e+002 1 -1 4.3569439697265625e+002
  7.6538619995117188e+001 1.8250295639038086e+001
  2.8109298706054687e+002 7.0013397216796875e+001 1 -1
  2.2452613830566406e+002 7.7901489257812500e+001
  2.0142856597900391e+001 2.0946002197265625e+002
  5.2785736083984375e+001 1 -1 2.2944059753417969e+002
  7.8620994567871094e+001 1.5315788269042969e+001
  2.7078927612304687e+002 4.4901313781738281e+001 1 -1
  1.7411947631835937e+002 8.0225532531738281e+001
  1.4867324829101563e+001 1.9311280822753906e+002
  6.5443740844726563e+001 1 -1 2.3425000000000000e+002
  8.2500000000000000e+001 24. 3.3439388275146484e+001 86. 1 -1
  1.7869555664062500e+002 8.2689002990722656e+001
  1.8771429061889648e+001 1.6008426666259766e+001
  5.7289276123046875e+001 1 -1 1.7411375427246094e+002
  8.7341384887695313e+001 1.7142856597900391e+001
  1.3250579833984375e+002 5.4285720825195312e+001 1 -1
  4.3825000000000000e+002 8.8500000000000000e+001 24.
  1.1351614952087402e+001 55. 1 -1 387. 9.4153060913085938e+001 12.
  3.1758386230468750e+002 3.6968750000000000e+001 1 -1
  3.7706286621093750e+002 9.7061904907226563e+001
  1.7553192138671875e+001 2.0963067626953125e+002
  5.8130310058593750e+001 1 -1 3.7225000000000000e+002
  1.0075000000000000e+002 2.0115653991699219e+001
  1.9031294250488281e+002 8.8530670166015625e+001 1 -1
  3.8583486938476562e+002 1.0243752288818359e+002
  1.7869697570800781e+001 3.4394464111328125e+002
  3.3001808166503906e+001 1 -1 3.7763479614257812e+002
  1.0617179870605469e+002 1.8750000000000000e+001
  1.6936845397949219e+002 9.0500000000000000e+001 1 -1
  2.3278134155273438e+002 1.6758694458007812e+002
  1.8308494567871094e+001 3.1402627563476562e+002
  4.3375160217285156e+001 1 -1 2.3763934326171875e+002
  1.6780462646484375e+002 1.5923076629638672e+001
  2.5285955810546875e+002 3.7778846740722656e+001 1 -1
  3.7306875610351562e+002 1.7070497131347656e+002
  1.9500000000000000e+001 1.8520574951171875e+002
