<?xml version="1.0"?>
<opencv_storage>
<keyPoints>
  2.6786505126953125e+002 3.0221998214721680e+001
  1.4547170639038086e+001 8.8626457214355469e+001
  7.5775939941406250e+001 0 -1 3.8850701904296875e+002
  3.0008190155029297e+001 1.1631578445434570e+001
  1.9128106689453125e+002 3.3107452392578125e+001 0 -1
  3.9855722045898437e+002 5.2517940521240234e+001
  1.4600000381469727e+001 3.3846752166748047e+001
  1.4185833740234375e+002 0 -1 4.4425000000000000e+002
  5.2750000000000000e+001 18. 2.7863348388671875e+002
  5.8222656250000000e+001 0 -1 2.7916903686523437e+002
  5.5727188110351563e+001 1.4069941520690918e+001
  7.5109283447265625e+001 4.4218116760253906e+001 0 -1
  2.0562715148925781e+002 6.5760162353515625e+001
  1.3438117980957031e+001 1.1333714485168457e+001
  1.1294165039062500e+002 0 -1 4.4541506958007812e+002
  6.8703628540039063e+001 1.3600000381469727e+001
  2.6298175811767578e+001 3.5066665649414063e+001 0 -1
  2.0596199035644531e+002 7.3700653076171875e+001
  1.4090151786804199e+001 7.7062582969665527e+000
  3.5875862121582031e+001 0 -1 2.6828982543945313e+002
  7.5472999572753906e+001 1.3819057464599609e+001
  2.9033276367187500e+002 1.2926524353027344e+002 0 -1
  2.6792898559570312e+002 7.9669960021972656e+001
  1.3018867492675781e+001 2.8686059570312500e+002
  1.1952828979492187e+002 0 -1 349. 8.2750000000000000e+001 18.
  1.1600174713134766e+002 48. 0 -1 4.3130175781250000e+002
  8.3522613525390625e+001 1.4020408630371094e+001
  8.7410209655761719e+001 5.9778060913085938e+001 0 -1
  1.9716107177734375e+002 8.6802772521972656e+001
  1.2698630332946777e+001 3.3823654174804687e+002
  6.2494873046875000e+001 0 -1 2.8472906494140625e+002
  9.2404243469238281e+001 1.4076922416687012e+001
  2.8208096313476562e+002 9.2673095703125000e+001 0 -1 289.
  9.2441726684570313e+001 1.3551460266113281e+001
  3.0069421386718750e+002 7.0881332397460938e+001 0 -1
  1.7135243225097656e+002 1.0130487823486328e+002
  1.4719678878784180e+001 1.1713118743896484e+002
  1.3122064208984375e+002 0 -1 2.3611322021484375e+002
  1.0079383850097656e+002 1.4319073677062988e+001
  2.1655541992187500e+002 3.7112197875976562e+001 0 -1
  2.0033457946777344e+002 1.0452958679199219e+002
  1.4684209823608398e+001 2.7986707687377930e+001
  4.3802627563476563e+001 0 -1 1.5571401977539062e+002 106.
  1.2139030456542969e+001 1.9788883972167969e+002
  3.7589706420898437e+001 0 -1 3.7910638427734375e+002
  1.0517960357666016e+002 1.4461179733276367e+001
  2.9837573242187500e+002 3.2664283752441406e+001 0 -1
  1.9631292724609375e+002 1.0784622955322266e+002
  1.3137929916381836e+001 4.4062690734863281e+001
  4.3521545410156250e+001 0 -1 1.8851005554199219e+002
  1.0885080718994141e+002 1.5315790176391602e+001
  5.5489570617675781e+001 3.3901313781738281e+001 0 -1
  2.5849145507812500e+002 1.1059680938720703e+002
  1.3846153259277344e+001 2.5275241088867187e+002
  4.0230766296386719e+001 0 -1 2.4995594787597656e+002
  1.1622077178955078e+002 1.3064516067504883e+001
  2.3521682739257812e+002 3.2487907409667969e+001 0 -1
  2.4312841796875000e+002 1.2075991821289062e+002 15.
  2.3145629882812500e+002 4.2250000000000000e+001 0 -1
  2.9568801879882813e+002 1.2725458526611328e+002
  1.4384614944458008e+001 1.0320755004882812e+002
  4.6080123901367188e+001 0 -1 2.9187313842773437e+002
  1.2990399169921875e+002 1.2705883026123047e+001
  1.7479583740234375e+002 3.5235298156738281e+001 0 -1
  2.8538540649414062e+002 1.3232090759277344e+002
  1.2535713195800781e+001 2.7943466186523437e+002
  3.6223205566406250e+001 0 -1 2.8687384033203125e+002
  1.3299618530273437e+002 1.1957746505737305e+001
  3.0139849853515625e+002 6.1001754760742188e+001 0 -1
  2.7884591674804687e+002 1.3375877380371094e+002
  1.3744185447692871e+001 3.0627105712890625e+002
  5.4816864013671875e+001 0 -1 248. 1.3812194824218750e+002
  1.2365853309631348e+001 7.7258316040039062e+001
  4.5076217651367188e+001 0 -1 2.4974510192871094e+002
  1.3997341918945312e+002 1.3732219696044922e+001
  9.4329895019531250e+001 7.3705413818359375e+001 0 -1 208.
  1.4382870483398437e+002 1.3888889312744141e+001
  2.4970716857910156e+002 3.4337959289550781e+001 0 -1
  2.0588487243652344e+002 1.4511512756347656e+002
  1.2750000000000000e+001 2.4847279357910156e+002
  3.7312500000000000e+001 0 -1 2.0023480224609375e+002
  1.4908523559570312e+002 1.3851062774658203e+001
  2.3910870361328125e+002 5.1236694335937500e+001 0 -1
  1.9356163024902344e+002 1.5343836975097656e+002
  1.4555555343627930e+001 2.2963450622558594e+002
  3.6449073791503906e+001 0 -1 3.7774789428710937e+002
  1.7145039367675781e+002 1.4146204948425293e+001
  2.0728918457031250e+002 3.4343338012695313e+001 0 -1
  2.1150912475585937e+002 1.7974359130859375e+002
  1.4230770111083984e+001 1.5421461486816406e+002
  5.2695510864257813e+001 0 -1 1.7980967712402344e+002
  1.8706629943847656e+002 1.2310344696044922e+001
  1.7111296081542969e+002 3.5038795471191406e+001 0 -1
  1.8302915954589844e+002 1.8801409912109375e+002
  1.3500000000000000e+001 2.4289489746093750e+002
  3.7125000000000000e+001 0 -1 2.0399414062500000e+002
  1.8798342895507812e+002 1.3615385055541992e+001
  2.6593734741210937e+002 3.1942306518554688e+001 0 -1
  1.9620851135253906e+002 1.9295396423339844e+002
  1.4485713958740234e+001 3.5062506103515625e+002
  4.0003570556640625e+001 0 -1 2.9426968383789062e+002
  1.9363545227050781e+002 1.6267303466796875e+001
  2.7278198242187500e+002 1.0303436279296875e+002 0 -1
  2.6569989013671875e+002 2.1436375427246094e+002
  1.2818181991577148e+001 2.3664862060546875e+002
  3.1306823730468750e+001 0 -1 260. 218. 1.3857143402099609e+001
  2.2908149719238281e+002 3.3005950927734375e+001 0 -1
  3.1825000000000000e+002 2.2075000000000000e+002 18.
  4.2698192596435547e+000 9.3333007812500000e+001 0 -1
  2.5225000000000000e+002 2.2375000000000000e+002 18.
  2.2810148620605469e+002 41. 0 -1 3.0808178710937500e+002
  2.2396110534667969e+002 1.2529412269592285e+001
  1.8565501403808594e+002 4.2132354736328125e+001 0 -1
  2.5042916870117187e+002 2.2485945129394531e+002
  1.2044776916503906e+001 2.3063111877441406e+002
  6.2001876831054688e+001 0 -1 3.0573672485351562e+002
  2.2851286315917969e+002 1.2562500000000000e+001
  1.6084254455566406e+002 4.8140625000000000e+001 0 -1
  3.0204412841796875e+002 2.3171244812011719e+002
  1.1918918609619141e+001 1.8384031677246094e+002
  3.7003379821777344e+001 0 -1 2.9703787231445312e+002
  2.3475982666015625e+002 1.2870967864990234e+001
  2.8264877319335937e+002 4.7326614379882812e+001 0 -1
  2.2986990356445312e+002 2.3913009643554687e+002
  1.3941177368164063e+001 2.3422108459472656e+002
  4.1779403686523438e+001 0 -1 2.6006042480468750e+002
  2.4264062500000000e+002 1.4414499282836914e+001
  6.3572525024414063e+001 8.4314422607421875e+001 0 -1
  2.2396371459960937e+002 2.4315242004394531e+002
  1.2870967864990234e+001 2.3760313415527344e+002
  3.3326614379882813e+001 0 -1 221. 245. 1.2777777671813965e+001
  2.4245571899414062e+002 3.2226852416992187e+001 0 -1
  1.9126722717285156e+002 290. 1.2279999732971191e+001
  2.4990402221679688e+001 6.8081665039062500e+001 0 -1
  3.7473092651367187e+002 3.0360992431640625e+002
  1.3968083381652832e+001 1.8700102233886719e+002
  3.3571655273437500e+001 0 -1 2.6636322021484375e+002
  3.0342456817626953e+001 19. 9.1005867004394531e+001
  7.5125000000000000e+001 1 -1 1.9410949707031250e+002
  6.9113815307617188e+001 1.7670738220214844e+001
  3.3427352905273437e+002 6.1029846191406250e+001 1 -1
  2.6786029052734375e+002 7.7508087158203125e+001
  1.7812477111816406e+001 2.6356982421875000e+002
  1.0550683593750000e+002 1 -1 1.8979339599609375e+002
  7.9282684326171875e+001 1.9149690628051758e+001
  3.3515066528320312e+002 9.1591415405273438e+001 1 -1
  3.4264303588867187e+002 8.1504257202148437e+001
  1.7232557296752930e+001 1.5806604003906250e+002
  1.7235174560546875e+002 1 -1 1.9808267211914062e+002
  8.8414497375488281e+001 1.9500000000000000e+001
