<?xml version="1.0"?>
<opencv_storage>
<keyPoints>
  3.9126501464843750e+002 2.8379909515380859e+001
  1.4520000457763672e+001 9.2486518859863281e+001
  3.9205001831054687e+001 0 -1 3.9880587768554688e+002
  4.7704845428466797e+001 1.3672567367553711e+001
  3.2173504638671875e+002 1.3039050292968750e+002 0 -1
  2.7941778564453125e+002 5.3139835357666016e+001
  1.3909090042114258e+001 7.0843879699707031e+001
  3.8670455932617187e+001 0 -1 3.5699365234375000e+002
  8.5188079833984375e+001 1.3736843109130859e+001
  2.7518377685546875e+002 3.1796058654785156e+001 0 -1
  1.7914642333984375e+002 9.1056068420410156e+001
  1.2428571701049805e+001 8.3446456909179688e+001
  3.7089286804199219e+001 0 -1 1.8490312194824219e+002
  9.1187278747558594e+001 1.1086956977844238e+001
  9.8133041381835938e+001 3.9532608032226563e+001 0 -1
  1.9572851562500000e+002 9.0593376159667969e+001
  1.4641799926757813e+001 2.4745617675781250e+002
  1.1321603393554687e+002 0 -1 1.9508998107910156e+002
  9.4088615417480469e+001 1.3714763641357422e+001
  2.2593856811523437e+002 3.5139266967773438e+001 0 -1
  4.7679824829101562e+002 9.9193458557128906e+001
  1.4564273834228516e+001 2.8773327636718750e+002
  3.5219718933105469e+001 0 -1 4.0868939208984375e+002
  1.0224214172363281e+002 1.5203517913818359e+001
  2.2120997619628906e+002 1.1851226806640625e+002 0 -1
  4.2811032104492187e+002 1.0706932830810547e+002
  1.4062500000000000e+001 2.6661474609375000e+002
  4.3890625000000000e+001 0 -1 4.4453598022460937e+002
  1.0728808593750000e+002 1.3604650497436523e+001
  2.7355236816406250e+002 4.6537796020507813e+001 0 -1
  4.5777130126953125e+002 1.0763776397705078e+002 12.
  2.7261019897460937e+002 3.7409179687500000e+001 0 -1
  4.6366217041015625e+002 1.0742666625976562e+002
  1.2692307472229004e+001 2.7426296997070312e+002
  4.7259613037109375e+001 0 -1 4.8014453125000000e+002
  1.0791066741943359e+002 1.2500000000000000e+001
  3.2387396240234375e+002 4.2250000000000000e+001 0 -1
  4.8079025268554687e+002 1.1128076934814453e+002
  1.2452054977416992e+001 3.4455337524414062e+002
  4.2207183837890625e+001 0 -1 4.3223751831054687e+002
  1.1504619598388672e+002 1.2942857742309570e+001
  8.7589172363281250e+001 3.4432144165039063e+001 0 -1
  4.4627600097656250e+002 1.1467749786376953e+002
  1.3349999427795410e+001 8.7082878112792969e+001
  4.0012496948242188e+001 0 -1 4.5290466308593750e+002
  1.1545159912109375e+002 1.2069766998291016e+001
  8.8764602661132813e+001 3.8002914428710938e+001 0 -1
  4.6180081176757812e+002 1.1539669036865234e+002
  1.2904761314392090e+001 9.1562561035156250e+001
  6.1716262817382813e+001 0 -1 3.5404797363281250e+002
  1.1624475097656250e+002 1.2260869979858398e+001
  3.4051135253906250e+002 4.5043472290039062e+001 0 -1
  4.6995126342773437e+002 1.1566047668457031e+002
  1.4214320182800293e+001 5.9742469787597656e+001
  4.1854103088378906e+001 0 -1 1.8079638671875000e+002
  1.1647730255126953e+002 1.4849999427795410e+001
  2.5270242309570312e+002 4.4512496948242188e+001 0 -1
  4.0933477783203125e+002 1.1950866699218750e+002
  1.3370369911193848e+001 1.4114385986328125e+002
  1.2311264038085937e+002 0 -1 1.7664431762695312e+002
  1.2151239776611328e+002 1.3519388198852539e+001
  2.5439143371582031e+002 3.9258209228515625e+001 0 -1
  4.8031942749023437e+002 1.2042793273925781e+002
  1.6442234039306641e+001 5.3401691436767578e+001
  9.6433898925781250e+001 0 -1 4.1046994018554687e+002
  1.2296886444091797e+002 1.2750000000000000e+001
  1.2296866607666016e+002 3.3250000000000000e+001 0 -1
  2.6754058837890625e+002 1.2458470153808594e+002
  1.5999810218811035e+001 2.9350637435913086e+001
  8.3292205810546875e+001 0 -1 3.4386907958984375e+002
  1.2407650756835937e+002 1.2199999809265137e+001
  1.5740324401855469e+002 6.6033340454101563e+001 0 -1
  3.4967190551757813e+002 1.2443385314941406e+002
  1.3195850372314453e+001 6.7145905494689941e+000
  1.1134158325195312e+002 0 -1 4.7950463867187500e+002
  1.2450923919677734e+002 1.3007873535156250e+001
  7.9978439331054688e+001 4.3423873901367188e+001 0 -1
  4.0658792114257812e+002 1.2697682952880859e+002
  1.4147166252136230e+001 1.2003775787353516e+002
  1.0047851562500000e+002 0 -1 2.1419519042968750e+002
  1.3751876831054687e+002 1.2381817817687988e+001
  1.9599023437500000e+002 6.1111358642578125e+001 0 -1
  4.9701739501953125e+002 1.5790736389160156e+002
  1.4099999427795410e+001 6.9718376159667969e+001
  3.1224998474121094e+001 0 -1 2.6511636352539062e+002
  1.6879606628417969e+002 1.2891892433166504e+001
  2.8335092163085937e+002 3.4408798217773438e+001 0 -1
  3.3632794189453125e+002 1.6976559448242187e+002
  1.7625864028930664e+001 8.3916755676269531e+001
  3.9810287475585937e+001 0 -1 2.6828298950195312e+002
  1.8861642456054687e+002 1.3085105895996094e+001
  3.5416497802734375e+002 4.9768615722656250e+001 0 -1
  2.6995870971679687e+002 1.9180024719238281e+002
  1.4142857551574707e+001 3.5782388305664062e+002
  5.6232147216796875e+001 0 -1 2.7881115722656250e+002
  1.9199858093261719e+002 1.2842798233032227e+001
  3.5104916381835937e+002 7.2668228149414063e+001 0 -1
  3.4584484863281250e+002 1.9227033996582031e+002
  1.4257732391357422e+001 2.3127026367187500e+002
  1.3086727905273437e+002 0 -1 2.7279800415039063e+002
  1.9242820739746094e+002 1.1382352828979492e+001
  3.5733666992187500e+002 5.4360305786132812e+001 0 -1
  4.0225054931640625e+002 1.9286543273925781e+002
  1.2529412269592285e+001 2.8158663940429687e+002
  3.6132354736328125e+001 0 -1 4.0678686523437500e+002
  1.9288996887207031e+002 1.2661016464233398e+001
  2.8561666870117187e+002 5.5358062744140625e+001 0 -1
  4.1654629516601562e+002 1.9260511779785156e+002
  1.3058822631835938e+001 2.9925543212890625e+002
  3.2529403686523437e+001 0 -1 4.8185910034179687e+002
  1.9325131225585938e+002 1.3551724433898926e+001
  3.0716998291015625e+002 6.8939651489257813e+001 0 -1
  2.6660482788085937e+002 1.9435969543457031e+002
  1.2857142448425293e+001 3.5991162109375000e+002
  3.4428573608398437e+001 0 -1 4.7805609130859375e+002
  2.1935494995117187e+002 1.4846973419189453e+001
  2.3411605834960937e+002 3.3310386657714844e+001 0 -1
  4.8038259887695312e+002 2.4876939392089844e+002
  1.2969085693359375e+001 2.7777795410156250e+002
  4.4058761596679688e+001 0 -1 4.8045812988281250e+002
  2.5156604003906250e+002 1.3625629425048828e+001
  2.8900729370117187e+002 7.7146820068359375e+001 0 -1
  4.1644006347656250e+002 2.5335180664062500e+002
  1.2187500000000000e+001 2.9520498657226562e+002
  3.1015625000000000e+001 0 -1 4.5981250000000000e+002
  2.5364352416992187e+002 1.6995800018310547e+001
  2.6717385864257812e+002 3.5201850891113281e+001 0 -1
  4.1873950195312500e+002 2.5601885986328125e+002
  1.1750259399414063e+001 2.4682064819335937e+002
  4.1583267211914063e+001 0 -1 4.1641796875000000e+002
  2.5890313720703125e+002 1.1938948631286621e+001
  2.5646789550781250e+002 4.4071884155273438e+001 0 -1
  4.7114205932617187e+002 2.6071514892578125e+002
  1.2819417953491211e+001 2.8168862915039062e+002
  5.2105926513671875e+001 0 -1 4.6836175537109375e+002
  2.6309774780273437e+002 1.2882352828979492e+001
  2.4429978942871094e+002 3.2367645263671875e+001 0 -1 471. 266.
  1.3071428298950195e+001 1.0580505371093750e+001
  3.1446426391601563e+001 0 -1 4.7166461181640625e+002
  2.6676660156250000e+002 1.1549999237060547e+001
  5.2374286651611328e+001 3.6112495422363281e+001 0 -1
  4.7099206542968750e+002 2.7314846801757812e+002
  1.2597664833068848e+001 5.5908279418945313e+001
  4.5312011718750000e+001 0 -1 4.1141369628906250e+002
  2.7542745971679687e+002 1.4555555343627930e+001
  2.8324124145507812e+002 3.4449073791503906e+001 0 -1
  4.3940045166015625e+002 2.8292602539062500e+002
  1.1375000000000000e+001 2.9136428833007812e+002
  4.2260421752929687e+001 0 -1 4.3797955322265625e+002
  2.8587234497070312e+002 1.1776119232177734e+001
  2.7688128662109375e+002 4.3046646118164063e+001 0 -1
  2.1416377258300781e+002 3.1462896728515625e+002
