%YAML:1.0
---
recording:
   type: VideoRecording
   recordId: Action_20171124T115717
   channelId: main
   timeStamp: "131559982373330000"
   sessionTimestamp: "0"
   width: 0
   height: 0
   frameCount: 126
   fps: 2.9969999999999999e+001
   recordingType: 2000
   frameTransformRect: [ [ -1, -1 ], [ -1, -1 ], [ -1, -1 ], [ -1, -1 ] ]
   trackingMode: 1
   segments:
      - { startFrame:0, stopFrame:119, segmentType:1000, focusFrame:-1,
          focusPoint:{ values:[ -1., -1. ], type:Vector2 }, isFragment:0 }
   framesRelTs: [ "0", "230000", "550000", "860000", "1180000",
       "1500000", "1820000", "2170000", "2570000", "2830000", "3110000",
       "3590000", "3900000", "4220000", "4550000", "4860000", "5180000",
       "5510000", "5820000", "6140000", "6650000", "6850000", "7100000",
       "7420000", "7900000", "8220000", "8540000", "8860000", "9180000",
       "9500000", "9830000", "10140000", "10460000", "10780000",
       "11100000", "11420000", "11900000", "12230000", "12540000",
       "12860000", "13180000", "13500000", "13830000", "14140000",
       "14460000", "14780000", "15100000", "15430000", "15740000",
       "16220000", "16560000", "16860000", "17180000", "17500000",
       "17820000", "18150000", "18460000", "18780000", "19100000",
       "19420000", "19750000", "20220000", "20540000", "20860000",
       "21180000", "21500000", "21840000", "22140000", "22460000",
       "22780000", "23100000", "23510000", "23760000", "24060000",
       "24540000", "24870000", "25180000", "25500000", "25820000",
       "26140000", "26460000", "26780000", "27110000", "27420000",
       "27740000", "28070000", "28540000", "28860000", "29180000",
       "29500000", "29840000", "30140000", "30460000", "30790000",
       "31100000", "31420000", "31740000", "32070000", "32540000",
       "32860000", "33210000", "33500000", "33820000", "34140000",
       "34460000", "34780000", "35100000", "35420000", "35750000",
       "36060000", "36380000", "36860000", "37190000", "37500000",
       "37820000", "38150000", "38460000", "38780000", "39100000",
       "39420000", "39740000", "40070000", "40380000", "40940000",
       "41210000", "41500000" ]
   chunks:
      - { path:"Recordings/Action_20171124T115717/recording.avi",
          startFrameIdx:0 }
