<?xml version="1.0"?>
<opencv_storage>
<keyPoints>
  2.6522375488281250e+002 3.0223201751708984e+001
  1.4877551078796387e+001 8.9515419006347656e+001
  7.7635208129882812e+001 0 -1 2.6787429809570312e+002
  3.0092945098876953e+001 1.4473684310913086e+001
  8.8650939941406250e+001 7.7844299316406250e+001 0 -1
  2.8145178222656250e+002 4.9574501037597656e+001
  1.5725275039672852e+001 3.0873757934570312e+002
  1.5353985595703125e+002 0 -1 3.9854278564453125e+002
  5.2438472747802734e+001 1.4944953918457031e+001
  2.6996461868286133e+001 1.5312957763671875e+002 0 -1
  4.4050177001953125e+002 5.2227581024169922e+001
  1.4594108581542969e+001 2.8464950561523437e+002
  4.8030685424804688e+001 0 -1 2.3026130676269531e+002
  5.5702323913574219e+001 1.6200000762939453e+001
  3.0914492797851562e+002 4.6125000000000000e+001 0 -1
  2.7912619018554688e+002 5.5517837524414063e+001
  1.3446487426757813e+001 7.8757827758789063e+001
  4.4153488159179688e+001 0 -1 4.2723141479492187e+002
  6.6182060241699219e+001 1.4769231796264648e+001
  2.2153096008300781e+002 7.6538467407226563e+001 0 -1
  2.0084422302246094e+002 7.4174026489257812e+001
  1.3195627212524414e+001 2.3943624877929687e+002
  1.3315786743164062e+002 0 -1 2.6390109252929687e+002
  7.5353202819824219e+001 1.4022964477539063e+001
  2.9458706665039062e+002 1.4297476196289062e+002 0 -1
  2.0068669128417969e+002 7.8790901184082031e+001 13.
  2.2566499328613281e+002 1.2170834350585937e+002 0 -1
  2.6359527587890625e+002 7.9968009948730469e+001
  1.3295454025268555e+001 3.1430584716796875e+002
  1.1905111694335937e+002 0 -1 344. 8.2750000000000000e+001 18.
  1.1778656768798828e+002 57. 0 -1 4.2722039794921875e+002
  8.1692245483398438e+001 1.3883720397949219e+001
  8.6378601074218750e+001 5.4119186401367188e+001 0 -1 233.
  9.4750000000000000e+001 18. 2.9136505126953125e+002 62. 0 -1 235.
  9.4750000000000000e+001 18. 3.1704672241210937e+002 60. 0 -1
  3.7525000000000000e+002 9.7750000000000000e+001 18.
  2.6270645141601562e+002 7.0111114501953125e+001 0 -1
  2.3182067871093750e+002 9.7974540710449219e+001
  1.3394367218017578e+001 2.0605459594726562e+002
  6.4917266845703125e+001 0 -1 2.3503302001953125e+002
  9.7845687866210937e+001 1.1268907546997070e+001
  3.2123522949218750e+002 8.2883392333984375e+001 0 -1
  2.3181747436523438e+002 1.0057344818115234e+002
  1.1299064636230469e+001 1.4608663940429687e+002
  7.3730133056640625e+001 0 -1 2.3535450744628906e+002
  1.0146389007568359e+002 1.4444444656372070e+001
  4.9756278991699219e+001 7.4481491088867187e+001 0 -1
  3.7792306518554687e+002 102. 1.2230768203735352e+001
  3.2157501220703125e+002 5.4057678222656250e+001 0 -1
  3.7428482055664062e+002 1.0215884399414062e+002
  1.2448276519775391e+001 2.0506179809570312e+002
  6.2242797851562500e+001 0 -1 3.7525000000000000e+002
  1.6375000000000000e+002 18. 2.5966122436523437e+002
  8.4666992187500000e+001 0 -1 3.7701583862304687e+002
  1.6374154663085937e+002 1.7888889312744141e+001
  2.7909063720703125e+002 6.0004623413085937e+001 0 -1
  2.3326806640625000e+002 1.6410192871093750e+002
  1.2517241477966309e+001 2.9440527343750000e+002
  7.9323272705078125e+001 0 -1 2.3020996093750000e+002
  1.6520483398437500e+002 1.2061223983764648e+001
  2.0134790039062500e+002 6.7005096435546875e+001 0 -1
  2.3390109252929687e+002 1.6784318542480469e+002
  1.7068965911865234e+001 4.8787799835205078e+001
  6.7349136352539063e+001 0 -1 3.7402676391601562e+002
  1.6705204772949219e+002 1.3208955764770508e+001
  2.2127217102050781e+002 6.8360076904296875e+001 0 -1
  3.7658120727539062e+002 1.6663067626953125e+002
  1.2645569801330566e+001 2.8006207275390625e+002
  6.8457275390625000e+001 0 -1 3.7734548950195312e+002
  1.7024423217773437e+002 1.4169230461120605e+001
  4.8127792358398438e+001 8.0248077392578125e+001 0 -1
  3.4105853271484375e+002 1.7872204589843750e+002
  1.7482757568359375e+001 3.4921481323242187e+002
  5.3107757568359375e+001 0 -1 3.3526086425781250e+002
  1.7913453674316406e+002 1.2586206436157227e+001
  2.5206710815429687e+002 8.1415222167968750e+001 0 -1
  3.0905249023437500e+002 2.0550419616699219e+002
  1.2642677307128906e+001 3.2607592773437500e+002
  3.3886093139648438e+001 0 -1 3.0221957397460938e+002
  2.0652047729492187e+002 1.3566619873046875e+001
  2.0655752563476562e+002 3.2750259399414063e+001 0 -1
  3.0571743774414062e+002 2.0914421081542969e+002
  1.2870967864990234e+001 3.1423620605468750e+002
  1.1930645751953125e+002 0 -1 3.0796450805664062e+002
  2.2461430358886719e+002 1.5321370124816895e+001
  8.0325538635253906e+001 7.9416732788085938e+001 0 -1
  2.2859141540527344e+002 2.2748571777343750e+002
  1.4636363983154297e+001 2.4309924316406250e+002
  8.1371215820312500e+001 0 -1 2.2962414550781250e+002
  2.3034277343750000e+002 1.3246154785156250e+001
  2.3495422363281250e+002 7.0401931762695313e+001 0 -1
  2.3136625671386719e+002 2.3055223083496094e+002
  1.2075000762939453e+001 2.8735983276367187e+002
  7.3006256103515625e+001 0 -1 3.7407409667968750e+002
  2.3322120666503906e+002 1.4361701965332031e+001
  2.3707514953613281e+002 6.7640945434570313e+001 0 -1
  3.7649127197265625e+002 2.3316633605957031e+002
  1.3056338310241699e+001 3.1113491821289062e+002
  6.8100372314453125e+001 0 -1 2.6454824829101562e+002
  2.5143580627441406e+002 1.4914039611816406e+001
  2.6490463256835937e+002 4.6948867797851562e+001 0 -1
  2.6147186279296875e+002 2.5458016967773437e+002
  1.4560976028442383e+001 2.1574195861816406e+002
  7.8734756469726563e+001 0 -1 260. 2.5747747802734375e+002 12.
  1.7387013244628906e+002 35. 0 -1 2.6576965332031250e+002
  2.5735018920898437e+002 1.2272727012634277e+001
  2.6236151123046875e+002 9.5102264404296875e+001 0 -1
  2.7561572265625000e+002 2.6987185668945312e+002
  1.3739130020141602e+001 4.3388751983642578e+001
  1.5179705810546875e+002 0 -1 2.3309176635742187e+002
  2.9569659423828125e+002 1.7444444656372070e+001
  3.1899713134765625e+002 5.8115737915039063e+001 0 -1
  2.3080076599121094e+002 2.9712268066406250e+002
  1.2075000762939453e+001 2.9793472290039062e+002
  7.0006256103515625e+001 0 -1 3.7728756713867187e+002
  2.9858288574218750e+002 1.6500000000000000e+001
  3.1982772827148437e+002 60. 0 -1 3.7261648559570312e+002
  3.0012396240234375e+002 1.3607142448425293e+001
  2.4562979125976562e+002 6.7008926391601563e+001 0 -1
  3.7478292846679687e+002 2.9992935180664062e+002
  1.2071428298950195e+001 2.9932022094726562e+002
  7.2005950927734375e+001 0 -1 2.3163591003417969e+002
  3.0143521118164062e+002 1.4879426956176758e+001
  4.9709453582763672e+001 8.7638519287109375e+001 0 -1
  2.6633477783203125e+002 3.0386894226074219e+001
  1.6946140289306641e+001 9.0770210266113281e+001
  7.3934501647949219e+001 1 -1 4.3775726318359375e+002
  5.2737869262695313e+001 21. 2.7929730224609375e+002
  5.7626464843750000e+001 1 -1 4.2636727905273437e+002
  6.6839569091796875e+001 2.1529275894165039e+001
  2.2587612915039062e+002 8.6993698120117187e+001 1 -1
  4.3709799194335937e+002 6.8048889160156250e+001
  1.6863670349121094e+001 2.4020814895629883e+001
  5.6208114624023438e+001 1 -1 3.3820581054687500e+002
  8.1557853698730469e+001 1.7470588684082031e+001
  1.5574552917480469e+002 1.7619851684570312e+002 1 -1
  3.7225000000000000e+002 1.0018750000000000e+002
  1.9875000000000000e+001 2.2518487548828125e+002
  8.2562500000000000e+001 1 -1 374. 102. 12. 2.0519868469238281e+002
  5.1888889312744141e+001 1 -1 3.7120654296875000e+002
  1.0362244415283203e+002 2.0142856597900391e+001
  1.8198530578613281e+002 8.6232147216796875e+001 1 -1
  2.3115473937988281e+002 1.6401437377929687e+002
  1.7110233306884766e+001 2.4195449829101562e+002
  6.9288345336914063e+001 1 -1 3.7042877197265625e+002
  1.6768644714355469e+002 2.0454545974731445e+001
  1.9569139099121094e+002 1.0068179321289062e+002 1 -1
  3.7474771118164062e+002 1.6721246337890625e+002
  1.5680660247802734e+001 2.2912979125976563e+002
  6.4781021118164062e+001 1 -1 3.0319476318359375e+002
