<?xml version="1.0"?>
<opencv_storage>
<keyPoints>
  2.6738546752929687e+002 2.8569276809692383e+001
  1.4969790458679199e+001 9.0249549865722656e+001
  3.6708534240722656e+001 0 -1 3.9422250366210937e+002
  4.7539779663085938e+001 1.4916328430175781e+001
  4.7765357971191406e+001 9.3879821777343750e+001 0 -1
  3.9879806518554687e+002 4.7427852630615234e+001
  1.3500000000000000e+001 3.4472906494140625e+002
  1.2525000000000000e+002 0 -1 2.3035810852050781e+002
  5.3985176086425781e+001 1.6043478012084961e+001
  3.1509735107421875e+002 4.0222824096679688e+001 0 -1
  2.7926559448242187e+002 5.2978065490722656e+001
  1.3336456298828125e+001 7.3213539123535156e+001
  3.8814735412597656e+001 0 -1 2.4640693664550781e+002
  8.0763786315917969e+001 1.3754716873168945e+001
  3.1093154907226562e+002 6.7266510009765625e+001 0 -1
  3.9783197021484375e+002 8.1742660522460938e+001
  1.2882352828979492e+001 2.9689828491210937e+002
  4.1367645263671875e+001 0 -1 3.1719735717773437e+002
  8.7937934875488281e+001 1.5401272773742676e+001
  1.5009606933593750e+002 1.6756640625000000e+002 0 -1
  3.2275000000000000e+002 8.8750000000000000e+001 18.
  1.2738418579101563e+002 66. 0 -1 3.5483581542968750e+002
  8.8126518249511719e+001 1.2927289962768555e+001
  2.8179995727539062e+002 3.1291931152343750e+001 0 -1
  1.7912416076660156e+002 9.1119499206542969e+001
  1.2538461685180664e+001 8.3885787963867187e+001
  3.8157058715820313e+001 0 -1 1.8484780883789062e+002
  9.1175361633300781e+001 1.1285714149475098e+001
  9.8495552062988281e+001 3.6297615051269531e+001 0 -1
  1.9569697570800781e+002 9.0637413024902344e+001
  1.4444758415222168e+001 2.0093244934082031e+002
  1.1567782592773437e+002 0 -1 2.1062565612792969e+002
  9.1477622985839844e+001 1.4371618270874023e+001
  3.3769842529296875e+002 3.4657890319824219e+001 0 -1
  3.3871240234375000e+002 9.1365119934082031e+001
  1.3513724327087402e+001 4.8342998504638672e+001
  4.0930679321289063e+001 0 -1 2.6033871459960937e+002
  9.2968215942382813e+001 1.3285713195800781e+001
  2.5224420547485352e+001 3.6642852783203125e+001 0 -1
  1.9502861022949219e+002 9.4066596984863281e+001
  1.3835262298583984e+001 1.2888946533203125e+002
  3.4300651550292969e+001 0 -1 4.2791921997070312e+002
  1.0697415924072266e+002 1.4526315689086914e+001
  2.6657171630859375e+002 4.9368423461914063e+001 0 -1
  4.4442300415039062e+002 1.0712246704101562e+002
  1.4612903594970703e+001 2.7371066284179687e+002
  4.3939529418945313e+001 0 -1 4.5760400390625000e+002
  1.0743141937255859e+002 1.2272727012634277e+001
  2.7211968994140625e+002 3.4034088134765625e+001 0 -1
  4.6370736694335937e+002 1.0727788543701172e+002
  1.3216217041015625e+001 2.7373904418945312e+002
  4.6760147094726563e+001 0 -1 4.8003994750976562e+002
  1.0779563140869141e+002 1.2315790176391602e+001
  3.2406857299804687e+002 4.3105255126953125e+001 0 -1
  4.8071691894531250e+002 1.1110014343261719e+002
  1.2534246444702148e+001 3.4462561035156250e+002
  4.3289398193359375e+001 0 -1 4.3213928222656250e+002
  1.1478008270263672e+002 1.3233560562133789e+001
  8.7255439758300781e+001 3.4688911437988281e+001 0 -1
  4.4633206176757812e+002 1.1455672454833984e+002
  1.3764705657958984e+001 8.6712089538574219e+001
  4.0470596313476563e+001 0 -1 4.5281976318359375e+002
  1.1518772888183594e+002 1.2157894134521484e+001
  8.8371963500976562e+001 4.3019744873046875e+001 0 -1
  4.6176367187500000e+002 1.1524745941162109e+002
  1.2870967864990234e+001 9.1604507446289063e+001
  6.0653228759765625e+001 0 -1 3.5407321166992187e+002
  1.1621884918212891e+002 12. 3.4136239624023437e+002 35. 0 -1
  4.6992843627929687e+002 1.1544290924072266e+002
  1.3972105026245117e+001 6.0829246520996094e+001
  4.4541168212890625e+001 0 -1 1.9603536987304687e+002
  1.1807070922851562e+002 1.1266666412353516e+001
  2.5147854614257812e+002 4.0336112976074219e+001 0 -1 205.
  1.1837359619140625e+002 1.4142857551574707e+001
  3.2996365356445312e+002 8.6571426391601562e+001 0 -1
  2.6391525268554687e+002 1.1914914703369141e+002
  1.2885597229003906e+001 2.3220080566406250e+002
  8.2824188232421875e+001 0 -1 4.0931002807617187e+002
  1.1943097686767578e+002 1.3517646789550781e+001
  1.4018499755859375e+002 1.2371911621093750e+002 0 -1
  4.8031137084960937e+002 1.2030323791503906e+002
  1.6045942306518555e+001 5.6043937683105469e+001
  8.9435745239257813e+001 0 -1 2.0630274963378906e+002
  1.2443529510498047e+002 1.4350360870361328e+001
  1.6978240966796875e+001 1.0216787719726562e+002 0 -1
  3.4375305175781250e+002 1.2405207061767578e+002
  1.1250000000000000e+001 1.6080195617675781e+002
  4.8375000000000000e+001 0 -1 3.4979010009765625e+002
  1.2417263793945312e+002 1.2792453765869141e+001
  5.3116874694824219e+000 1.1792449951171875e+002 0 -1
  4.7964285278320312e+002 1.2473807525634766e+002
  1.3100286483764648e+001 8.1718872070312500e+001
  4.0909515380859375e+001 0 -1 4.0686700439453125e+002
  1.2647158813476562e+002 15. 1.2113861083984375e+002
  6.9500000000000000e+001 0 -1 4.9719750976562500e+002
  1.5772406005859375e+002 1.3909090042114258e+001
  6.8529861450195313e+001 3.1113639831542969e+001 0 -1
  3.3725292968750000e+002 1.7008155822753906e+002
  1.3540540695190430e+001 4.8554458618164063e+001
  3.9219589233398437e+001 0 -1 2.1478294372558594e+002
  1.7834306335449219e+002 1.6600000381469727e+001
  2.0658666992187500e+002 3.4408332824707031e+001 0 -1
  2.0888624572753906e+002 1.9147572326660156e+002
  1.2727762222290039e+001 2.4838604736328125e+002
  1.4437728881835937e+002 0 -1 2.6622122192382812e+002
  1.9138421630859375e+002 1.3461664199829102e+001
  2.7241351318359375e+002 8.9329734802246094e+001 0 -1
  2.7494229125976562e+002 1.9106459045410156e+002
  1.1432432174682617e+001 2.6630587768554687e+002
  3.5165542602539063e+001 0 -1 2.7273684692382812e+002
  1.9208398437500000e+002 1.2789473533630371e+001
  2.6367242431640625e+002 5.7328948974609375e+001 0 -1
  2.7871771240234375e+002 1.9183526611328125e+002
  1.2280496597290039e+001 2.8426815795898437e+002
  5.5296722412109375e+001 0 -1 3.2474411010742187e+002
  1.9241806030273438e+002 1.4280000686645508e+001
  3.0350045776367188e+002 3.9804992675781250e+001 0 -1
  3.4588900756835937e+002 1.9211372375488281e+002
  1.4126213073730469e+001 2.7128573608398437e+002
  1.3046722412109375e+002 0 -1 4.1684292602539062e+002
  1.9230130004882812e+002 1.3971427917480469e+001
  2.9112805175781250e+002 3.6889282226562500e+001 0 -1
  4.0226898193359375e+002 1.9280555725097656e+002
  1.2567566871643066e+001 2.8530892944335937e+002
  3.6165542602539063e+001 0 -1 4.0674545288085937e+002
  1.9273056030273437e+002 1.2957447052001953e+001
  2.8811587524414062e+002 5.3598403930664063e+001 0 -1
  4.8181121826171875e+002 1.9279386901855469e+002
  1.3656513214111328e+001 3.0317901611328125e+002
  6.6111633300781250e+001 0 -1 2.7494262695312500e+002
  1.9398709106445312e+002 12. 2.5977944946289062e+002 31. 0 -1
  4.9590942382812500e+002 1.9354171752929687e+002
  1.3399999618530273e+001 2.1271855163574219e+002
  6.0224990844726563e+001 0 -1 2.1168218994140625e+002
  2.1566860961914063e+002 1.3494745254516602e+001
  2.4529377746582031e+002 3.2486953735351563e+001 0 -1
  3.5460711669921875e+002 2.1621112060546875e+002
  1.2458110809326172e+001 2.3400585937500000e+002
  3.0065742492675781e+001 0 -1 1.9525000000000000e+002
  2.2075000000000000e+002 18. 2.2915345764160156e+002
  4.8555664062500000e+001 0 -1 4.8050048828125000e+002
  2.4794645690917969e+002 1.3716413497924805e+001
  2.7920855712890625e+002 4.2017776489257813e+001 0 -1
  2.0501713562011719e+002 2.4852458190917969e+002
  1.2730197906494141e+001 3.4737570190429687e+002
  9.2069656372070313e+001 0 -1 2.6303479003906250e+002
  2.4904409790039062e+002 1.4437500000000000e+001
  3.0103689575195312e+002 5.1640625000000000e+001 0 -1
  3.5357989501953125e+002 2.5038128662109375e+002
  1.2428571701049805e+001 3.5158901977539062e+002
  3.1053569793701172e+001 0 -1 4.1108187866210937e+002
  2.4929878234863281e+002 1.4485713958740234e+001
