%YAML:1.0
---
recording:
   type: VideoRecording
   recordId: Action_20180109T150735
   channelId: main
   timeStamp: "131599840559970000"
   sessionTimestamp: "0"
   width: -1
   height: -1
   frameCount: 126
   fps: 2.9969999999999999e+001
   recordingType: 2000
   frameTransformRect: [ [ -1, -1 ], [ -1, -1 ], [ -1, -1 ], [ -1, -1 ] ]
   trackingMode: 0
   segments:
      - { startFrame:0, stopFrame:119, segmentType:1000, focusFrame:-1,
          focusPoint:{ values:[ -1., -1. ], type:Vector2 }, isFragment:0 }
   framesRelTs: [ "0", "260000", "540000", "860000", "1200000",
       "1680000", "1870000", "2170000", "2500000", "2830000", "3170000",
       "3490000", "3810000", "4140000", "4480000", "4820000", "5140000",
       "5490000", "5810000", "6110000", "6460000", "6780000", "7090000",
       "7420000", "7750000", "8080000", "8440000", "8760000", "9080000",
       "9410000", "9740000", "10070000", "10390000", "10720000",
       "11050000", "11380000", "11700000", "12030000", "12350000",
       "12690000", "13020000", "13350000", "13670000", "14000000",
       "14330000", "14650000", "14980000", "15310000", "15640000",
       "15960000", "16310000", "16640000", "16960000", "17290000",
       "17610000", "17940000", "18270000", "18590000", "18930000",
       "19260000", "19590000", "19910000", "20250000", "20570000",
       "20900000", "21240000", "21550000", "21900000", "22210000",
       "22530000", "22870000", "23250000", "23530000", "23860000",
       "24190000", "24530000", "24860000", "25190000", "25530000",
       "25840000", "26180000", "26510000", "26840000", "27030000",
       "27330000", "27650000", "27980000", "28320000", "28800000",
       "29000000", "29290000", "29630000", "29950000", "30280000",
       "30620000", "30930000", "31270000", "31600000", "31930000",
       "32260000", "32580000", "32920000", "33240000", "33570000",
       "33900000", "34300000", "34580000", "34910000", "35220000",
       "35560000", "35880000", "36220000", "36610000", "36890000",
       "37210000", "37530000", "37880000", "38190000", "38540000",
       "38860000", "39190000", "39530000", "39860000", "40200000",
       "40550000", "40860000" ]
   chunks:
      - { path:"Recordings/Action_20180109T150735/recording.avi",
          startFrameIdx:0 }
