<?xml version="1.0"?>
<opencv_storage>
<keyPoints>
  2.8151522827148437e+002 4.6579856872558594e+001
  1.5367346763610840e+001 3.0351412963867187e+002
  1.5443365478515625e+002 0 -1 3.9867013549804687e+002
  4.6961570739746094e+001 1.4203539848327637e+001
  3.0704818725585937e+002 1.3562057495117187e+002 0 -1
  2.7929235839843750e+002 5.2621181488037109e+001
  1.4339530944824219e+001 7.5172653198242188e+001
  4.6727218627929688e+001 0 -1 2.4740965270996094e+002
  8.3791549682617187e+001 15. 2.3466463088989258e+001
  1.6287500000000000e+002 0 -1 1.8905523681640625e+002
  1.0223479461669922e+002 1.5348690032958984e+001
  2.6941430664062500e+002 4.2268569946289063e+001 0 -1
  2.9368515014648437e+002 1.0659196472167969e+002
  1.3915809631347656e+001 2.4504769897460938e+002
  3.7255691528320313e+001 0 -1 3.0546881103515625e+002
  1.0645110321044922e+002 13. 2.7471578979492187e+002
  3.0375000000000000e+001 0 -1 1.9238543701171875e+002
  1.0738217163085937e+002 1.4400000572204590e+001
  2.5678964233398437e+002 4.9199996948242188e+001 0 -1
  2.0050610351562500e+002 1.0692234039306641e+002
  1.1739130020141602e+001 2.8648889160156250e+002
  3.5043472290039063e+001 0 -1 2.0340074157714844e+002
  1.0657950592041016e+002 1.1313467979431152e+001
  2.9442532348632812e+002 4.0421508789062500e+001 0 -1
  4.0706564331054687e+002 1.0735270690917969e+002
  1.3111110687255859e+001 2.7053466796875000e+002
  6.0925933837890625e+001 0 -1 4.0489578247070312e+002
  1.0764620971679687e+002 1.4250000000000000e+001
  2.6373812866210937e+002 6.2375000000000000e+001 0 -1
  2.2046253967285156e+002 1.1743194580078125e+002
  1.4739130020141602e+001 3.4055786132812500e+002
  3.4396736145019531e+001 0 -1 2.3831367492675781e+002
  1.5482633972167969e+002 15. 3.5160140991210937e+002
  4.4625000000000000e+001 0 -1 2.3919592285156250e+002
  1.5482012939453125e+002 1.4441164016723633e+001
  3.5160174560546875e+002 3.8188247680664063e+001 0 -1
  2.5013681030273437e+002 1.5503657531738281e+002
  1.2614820480346680e+001 3.7660551071166992e-001
  3.1757446289062500e+001 0 -1 3.6146853637695312e+002
  1.5596478271484375e+002 1.3727272033691406e+001
  1.4098757934570312e+002 4.0367416381835937e+001 0 -1 243.
  1.9669424438476562e+002 1.7361915588378906e+001
  3.0268890380859375e+002 1.0422463989257812e+002 0 -1
  2.4325000000000000e+002 1.9675000000000000e+002 18.
  3.0755822753906250e+002 1.1577734375000000e+002 0 -1
  3.6775000000000000e+002 1.9675000000000000e+002 18.
  2.9854406738281250e+002 7.0444335937500000e+001 0 -1
  3.6975900268554687e+002 1.9637289428710937e+002
  1.4290575027465820e+001 3.0734036254882812e+002
  5.0396636962890625e+001 0 -1 2.3734712219238281e+002
  1.9640635681152344e+002 1.4140316009521484e+001
  2.1117642211914062e+002 6.3470489501953125e+001 0 -1
  2.4832655334472656e+002 1.9666969299316406e+002
  1.3202925682067871e+001 3.3521829223632812e+002
  8.9778839111328125e+001 0 -1 3.6286221313476562e+002
  1.9746916198730469e+002 1.3312500000000000e+001
  2.1090263366699219e+002 6.8531250000000000e+001 0 -1
  3.7408639526367187e+002 1.9693862915039062e+002
  1.4466667175292969e+001 3.3822790527343750e+002
  6.3802780151367188e+001 0 -1 2.3803189086914062e+002
  1.9940370178222656e+002 13. 1.7874926757812500e+002
  6.8666671752929687e+001 0 -1 365. 2.0046821594238281e+002
  1.0497516632080078e+001 1.6710581970214844e+002
  3.3292358398437500e+001 0 -1 2.3909054565429687e+002
  2.0208982849121094e+002 1.1732673645019531e+001
  1.3550616455078125e+002 6.9100250244140625e+001 0 -1
  2.4731280517578125e+002 2.0216073608398438e+002
  1.1923076629638672e+001 3.6742851257324219e+001
  6.5006408691406250e+001 0 -1 362. 2.0461010742187500e+002
  1.4289268493652344e+001 1.3309600830078125e+002
  3.2764205932617187e+001 0 -1 3.7811718750000000e+002 203.
  1.4812500000000000e+001 2.0843307495117188e+001
  4.0515625000000000e+001 0 -1 3.7020446777343750e+002
  2.0457431030273437e+002 1.2199999809265137e+001
  6.2562538146972656e+001 3.7016670227050781e+001 0 -1 374.
  2.0478053283691406e+002 1.3181818008422852e+001
  4.1410438537597656e+001 3.0640151977539063e+001 0 -1
  2.3852478027343750e+002 2.7149130249023437e+002
  1.4179906845092773e+001 1.1131566619873047e+002
  3.5305541992187500e+001 0 -1 3.6190405273437500e+002
  2.7203509521484375e+002 1.3799999237060547e+001
  6.7608039855957031e+001 3.9574996948242188e+001 0 -1
  3.7350125122070312e+002 2.7182601928710937e+002
  1.3302009582519531e+001 4.6081571578979492e+000
  3.2888412475585938e+001 0 -1 2.3631880187988281e+002
  2.7725836181640625e+002 1.2485691070556641e+001
  1.3973263549804687e+002 3.1434463500976563e+001 0 -1
  2.9048190307617187e+002 3.1716442871093750e+002
  1.3857143402099609e+001 2.3528610229492187e+002
  3.3005950927734375e+001 0 -1 3.1568481445312500e+002
  3.1743319702148437e+002 1.3137929916381836e+001
  2.1552536010742187e+002 3.4521545410156250e+001 0 -1
  2.9154843139648438e+002 3.2235440063476562e+002
  1.4285714149475098e+001 7.7220230102539063e+001
  6.2047622680664063e+001 0 -1 2.9306948852539062e+002
  3.2225915527343750e+002 1.3613748550415039e+001
  6.5848297119140625e+001 7.9909057617187500e+001 0 -1 318.
  3.2275000000000000e+002 18. 6.4462615966796875e+001 58. 0 -1
  3.1889852905273437e+002 3.2234786987304687e+002
  1.3633123397827148e+001 7.1995689392089844e+001
  8.6782348632812500e+001 0 -1 2.8080084228515625e+002
  4.6463638305664062e+001 2.0472246170043945e+001
  3.0935253906250000e+002 1.6092359924316406e+002 1 -1
  3.9759973144531250e+002 4.7033981323242187e+001 21.
  2.7727838134765625e+002 1.3265258789062500e+002 1 -1
  1.6068220520019531e+002 1.0220214843750000e+002 21.
  6.1780250549316406e+001 5.4088500976562500e+001 1 -1
  1.8903758239746094e+002 1.0241519165039062e+002
  1.6809206008911133e+001 2.6841012573242187e+002
  3.9696800231933594e+001 1 -1 3.0539404296875000e+002
  1.0652072143554687e+002 1.5637741088867188e+001
  2.7305746459960937e+002 3.1214103698730469e+001 1 -1
  1.9218975830078125e+002 1.0847566223144531e+002
  1.7718767166137695e+001 2.5187541198730469e+002
  5.8030136108398437e+001 1 -1 2.9341955566406250e+002
  1.0824407958984375e+002 1.9294754028320313e+001
  2.2960083007812500e+002 4.9491531372070313e+001 1 -1
  2.4544635009765625e+002 1.1306990814208984e+002
  1.9279628753662109e+001 3.3165653228759766e+001
  3.7872985839843750e+001 1 -1 3.6625000000000000e+002
  1.1425000000000000e+002 1.8333335876464844e+001
  2.0819306945800781e+002 3.5041656494140625e+001 1 -1
  2.1910418701171875e+002 1.1850000000000000e+002 24.
  4.0118918418884277e+000 4.3973632812500000e+001 1 -1
  2.3834146118164062e+002 1.5448266601562500e+002
  1.5857142448425293e+001 3.4890328979492187e+002
  4.2446426391601562e+001 1 -1 2.4092416381835937e+002
  1.7120527648925781e+002 1.8703624725341797e+001
  3.0716329956054687e+002 4.0728332519531250e+001 1 -1
  3.6550579833984375e+002 1.7208618164062500e+002 19.
  3.0751354980468750e+002 3.7333328247070313e+001 1 -1
  2.3753079223632812e+002 1.9657215881347656e+002
  1.5104876518249512e+001 2.0955555725097656e+002
  5.6725135803222656e+001 1 -1 3.6276605224609375e+002
  1.9731501770019531e+002 1.3613242149353027e+001
  2.1202232360839844e+002 6.2295791625976563e+001 1 -1
  3.5789987182617187e+002 1.9888771057128906e+002
  1.7181121826171875e+001 1.8312284851074219e+002
  1.0587902832031250e+002 1 -1 3.7825000000000000e+002
  1.9900488281250000e+002 1.9890850067138672e+001
  1.8721708059310913e+000 1.2139486694335937e+002 1 -1
  2.3678294372558594e+002 2.0404644775390625e+002
  1.7410408020019531e+001 1.2797991943359375e+002
  3.2104904174804688e+001 1 -1 2.4262393188476562e+002
  2.0365402221679687e+002 1.7739814758300781e+001
  7.4551818847656250e+001 1.0955195617675781e+002 1 -1
  3.6232528686523437e+002 2.0511282348632812e+002
  1.6304347991943359e+001 1.2576133728027344e+002
  3.2918472290039063e+001 1 -1 3.7406704711914062e+002
  2.0526422119140625e+002 1.5988763809204102e+001
  4.0185764312744141e+001 3.2098663330078125e+001 1 -1
