%YAML:1.0
---
recording:
   type: VideoRecording
   recordId: Action_20180109T150609
   channelId: main
   timeStamp: "131599839690800000"
   sessionTimestamp: "0"
   width: 0
   height: 0
   frameCount: 120
   fps: 2.9969999999999999e+001
   recordingType: 2000
   frameTransformRect: [ [ -1, -1 ], [ -1, -1 ], [ -1, -1 ], [ -1, -1 ] ]
   trackingMode: 0
   segments:
      - { startFrame:0, stopFrame:113, segmentType:1000, focusFrame:-1,
          focusPoint:{ values:[ -1., -1. ], type:Vector2 }, isFragment:0 }
   framesRelTs: [ "0", "250000", "570000", "910000", "1240000",
       "1580000", "1910000", "2230000", "2570000", "2880000", "3220000",
       "3420000", "3730000", "4060000", "4390000", "4720000", "5040000",
       "5370000", "5710000", "6050000", "6370000", "6700000", "7030000",
       "7360000", "7680000", "8010000", "8340000", "8670000", "9000000",
       "9330000", "9660000", "9980000", "10310000", "10640000",
       "10960000", "11300000", "11620000", "11960000", "12280000",
       "12620000", "12930000", "13260000", "13590000", "13920000",
       "14240000", "14570000", "14910000", "15230000", "15570000",
       "15880000", "16220000", "16560000", "16890000", "17220000",
       "17540000", "17860000", "18190000", "18520000", "18850000",
       "19180000", "19510000", "19840000", "20170000", "20500000",
       "20840000", "21170000", "21480000", "21810000", "22140000",
       "22480000", "22810000", "23130000", "23460000", "23790000",
       "24130000", "24440000", "24770000", "25100000", "25430000",
       "25770000", "26090000", "26410000", "26750000", "27080000",
       "27420000", "27730000", "28060000", "28400000", "28730000",
       "29080000", "29490000", "29760000", "29970000", "30260000",
       "30580000", "30900000", "31230000", "31560000", "31900000",
       "32220000", "32550000", "32880000", "33210000", "33540000",
       "33880000", "34210000", "34530000", "34880000", "35200000",
       "35530000", "35860000", "36180000", "36520000", "36840000",
       "37180000", "37580000", "37840000", "38170000", "38520000",
       "38830000" ]
   chunks:
      - { path:"Recordings/Action_20180109T150609/recording.avi",
          startFrameIdx:0 }
