%YAML:1.0
---
recording:
   type: VideoRecording
   recordId: Action_20180109T150649
   channelId: main
   timeStamp: "131599840099200000"
   sessionTimestamp: "0"
   width: -1
   height: -1
   frameCount: 183
   fps: 2.9969999999999999e+001
   recordingType: 2000
   frameTransformRect: [ [ -1, -1 ], [ -1, -1 ], [ -1, -1 ], [ -1, -1 ] ]
   trackingMode: 0
   segments:
      - { startFrame:62, stopFrame:152, segmentType:2000, focusFrame:-1,
          focusPoint:{ values:[ -1., -1. ], type:Vector2 }, isFragment:0 }
      - { startFrame:0, stopFrame:176, segmentType:1000, focusFrame:-1,
          focusPoint:{ values:[ -1., -1. ], type:Vector2 }, isFragment:0 }
   framesRelTs: [ "0", "260000", "530000", "860000", "1180000",
       "1520000", "1850000", "2170000", "2500000", "2830000", "3150000",
       "3480000", "3810000", "4140000", "4470000", "4800000", "5130000",
       "5460000", "5790000", "6120000", "6440000", "6780000", "7100000",
       "7440000", "7760000", "8090000", "8430000", "8760000", "9090000",
       "9420000", "9740000", "10080000", "10400000", "10740000",
       "11070000", "11400000", "11730000", "12060000", "12390000",
       "12710000", "13040000", "13370000", "13700000", "14030000",
       "14350000", "14540000", "14840000", "15180000", "15510000",
       "15840000", "16180000", "16500000", "16840000", "17160000",
       "17480000", "17820000", "18150000", "18480000", "18810000",
       "19150000", "19460000", "19780000", "20110000", "20450000",
       "20780000", "21100000", "21430000", "21800000", "22250000",
       "22430000", "22730000", "23080000", "23390000", "23720000",
       "24040000", "24380000", "24700000", "25030000", "25360000",
       "25690000", "26040000", "26350000", "26690000", "27020000",
       "27340000", "27670000", "28000000", "28320000", "28660000",
       "28990000", "29320000", "29640000", "29970000", "30300000",
       "30630000", "30960000", "31290000", "31620000", "31970000",
       "32280000", "32610000", "32940000", "33270000", "33590000",
       "33930000", "34260000", "34590000", "34930000", "35250000",
       "35580000", "35900000", "36230000", "36560000", "36890000",
       "37220000", "37550000", "37880000", "38210000", "38540000",
       "38880000", "39190000", "39510000", "39850000", "40170000",
       "40510000", "40840000", "41170000", "41500000", "41820000",
       "42150000", "42470000", "42800000", "43140000", "43460000",
       "43790000", "44120000", "44440000", "44780000", "45100000",
       "45440000", "45760000", "46090000", "46430000", "46750000",
       "47080000", "47410000", "47730000", "48060000", "48390000",
       "48730000", "49050000", "49400000", "49720000", "50050000",
       "50380000", "50710000", "51050000", "51360000", "51680000",
       "52030000", "52220000", "52510000", "52840000", "53330000",
       "53660000", "53980000", "54380000", "54650000", "54850000",
       "55150000", "55490000", "55800000", "56140000", "56460000",
       "56790000", "57110000", "57440000", "57770000", "58100000",
       "58430000", "58770000", "59100000", "59420000" ]
   chunks:
      - { path:"Recordings/Action_20180109T150649/recording.avi",
          startFrameIdx:0 }
