%YAML:1.0
---
recording:
   type: VideoRecording
   recordId: Action_20180109T153852
   channelId: main
   timeStamp: "131599859324890000"
   sessionTimestamp: "0"
   width: 0
   height: 0
   frameCount: 214
   fps: 2.9969999999999999e+001
   recordingType: 2000
   frameTransformRect: [ [ -1, -1 ], [ -1, -1 ], [ -1, -1 ], [ -1, -1 ] ]
   trackingMode: 0
   segments:
      - { startFrame:0, stopFrame:207, segmentType:1000, focusFrame:-1,
          focusPoint:{ values:[ -1., -1. ], type:Vector2 }, isFragment:0 }
   framesRelTs: [ "0", "250000", "460000", "640000", "800000", "2220000",
       "2400000", "2560000", "2730000", "2900000", "3070000", "3990000",
       "4270000", "4520000", "4700000", "4870000", "5720000", "5890000",
       "6050000", "6220000", "6380000", "6540000", "7420000", "7600000",
       "7750000", "7940000", "8110000", "8270000", "9330000", "9520000",
       "9710000", "9870000", "10050000", "10210000", "11130000",
       "11310000", "11460000", "11680000", "11840000", "12040000",
       "12870000", "13040000", "13200000", "13370000", "13660000",
       "14000000", "14640000", "14800000", "14990000", "15300000",
       "15640000", "16370000", "16530000", "16690000", "16940000",
       "17280000", "17610000", "18100000", "18270000", "18580000",
       "18920000", "19240000", "19890000", "20050000", "20230000",
       "20550000", "20880000", "21620000", "21780000", "21940000",
       "22190000", "22520000", "22850000", "23370000", "23550000",
       "23830000", "24150000", "24470000", "25120000", "25280000",
       "25470000", "25790000", "26120000", "26870000", "27020000",
       "27210000", "27440000", "27770000", "28100000", "28580000",
       "28770000", "29080000", "29410000", "29740000", "30350000",
       "30510000", "30730000", "31050000", "31380000", "32120000",
       "32280000", "32440000", "32690000", "33020000", "33350000",
       "33850000", "34020000", "34330000", "34660000", "34980000",
       "35600000", "35760000", "35980000", "36300000", "36630000",
       "37350000", "37500000", "37670000", "37950000", "38280000",
       "39040000", "39230000", "39410000", "39620000", "39940000",
       "40270000", "40780000", "40950000", "41260000", "41600000",
       "41910000", "42570000", "42730000", "42910000", "43220000",
       "43550000", "44300000", "44470000", "44630000", "44860000",
       "45200000", "45520000", "46070000", "46240000", "46530000",
       "46860000", "47180000", "47830000", "48000000", "48180000",
       "48490000", "48820000", "49600000", "49750000", "49920000",
       "50090000", "50310000", "50640000", "51340000", "51500000",
       "51670000", "51950000", "52290000", "53060000", "53240000",
       "53390000", "53600000", "53940000", "54270000", "54780000",
       "54970000", "55250000", "55650000", "55910000", "56680000",
       "56860000", "57010000", "57220000", "57550000", "57880000",
       "58410000", "58600000", "58860000", "59190000", "59520000",
       "60180000", "60340000", "60520000", "60820000", "61150000",
       "61930000", "62100000", "62240000", "62470000", "62790000",
       "63140000", "63670000", "63840000", "64110000", "64440000",
       "64770000", "65430000", "65580000", "65760000", "66080000",
       "66410000", "67150000", "67310000", "67480000", "67710000",
       "68050000", "68390000", "68880000", "70340000" ]
   chunks:
      - { path:"Recordings/Action_20180109T153852/recording.avi",
          startFrameIdx:0 }
