<?xml version="1.0"?>
<opencv_storage>
<keyPoints>
  2.6521240234375000e+002 2.9942106246948242e+001
  1.4473684310913086e+001 8.9395339965820312e+001
  7.7844299316406250e+001 0 -1 2.6793811035156250e+002
  2.9786354064941406e+001 1.4318840026855469e+001
  8.8959144592285156e+001 7.2739730834960937e+001 0 -1
  2.8151391601562500e+002 4.9232494354248047e+001
  1.5391304969787598e+001 3.0900994873046875e+002
  1.5069567871093750e+002 0 -1 3.9864508056640625e+002
  5.1605274200439453e+001 1.4446153640747070e+001
  2.5629365921020508e+001 1.5580383300781250e+002 0 -1
  2.7912051391601562e+002 5.5060817718505859e+001
  1.3702701568603516e+001 8.0066215515136719e+001
  4.3489868164062500e+001 0 -1 4.2727127075195312e+002
  6.5541168212890625e+001 1.4498489379882813e+001
  2.2238217163085937e+002 7.6156326293945313e+001 0 -1
  2.0098310852050781e+002 7.3967750549316406e+001
  1.3714286804199219e+001 2.4045382690429687e+002
  1.3157144165039062e+002 0 -1 2.6404043579101562e+002
  7.5143539428710937e+001 1.4411765098571777e+001
  2.9489657592773437e+002 1.4224020385742187e+002 0 -1
  2.0081956481933594e+002 7.8612373352050781e+001
  1.2889429092407227e+001 2.2827859497070312e+002
  1.2394137573242187e+002 0 -1 2.6370077514648437e+002
  7.9628982543945313e+001 1.3038379669189453e+001
  3.1302056884765625e+002 1.1757385253906250e+002 0 -1
  4.2737414550781250e+002 8.1144760131835938e+001
  1.4103444099426270e+001 8.8219245910644531e+001
  5.7819747924804688e+001 0 -1 2.3275000000000000e+002
  9.4750000000000000e+001 18. 2.8641494750976562e+002
  8.0888671875000000e+001 0 -1 2.3312286376953125e+002
  9.4640899658203125e+001 1.7052631378173828e+001
  2.8610162353515625e+002 6.7473693847656250e+001 0 -1 235.
  9.4750000000000000e+001 18. 3.1892190551757813e+002 70. 0 -1
  2.3300296020507812e+002 9.6733016967773438e+001
  1.4466667175292969e+001 2.6164202880859375e+002
  5.7802780151367187e+001 0 -1 3.7436099243164062e+002
  9.7479415893554688e+001 1.6028572082519531e+001
  2.4938705444335937e+002 5.5889297485351563e+001 0 -1
  2.3509558105468750e+002 9.7407257080078125e+001
  1.1327696800231934e+001 3.2072680664062500e+002
  6.1423843383789063e+001 0 -1 3.8028323364257812e+002
  9.8800231933593750e+001 1.6500000000000000e+001
  3.1604235839843750e+002 3.6625000000000000e+001 0 -1
  2.3211662292480469e+002 1.0000719451904297e+002
  1.1833333015441895e+001 1.4348963928222656e+002
  7.7041656494140625e+001 0 -1 377. 1.0052941131591797e+002
  1.3411764144897461e+001 2.8304058837890625e+002
  5.6882354736328125e+001 0 -1 2.3541047668457031e+002
  1.0116176605224609e+002 1.4174952507019043e+001
  5.1453491210937500e+001 7.2613189697265625e+001 0 -1
  3.7450482177734375e+002 1.0202223205566406e+002
  1.2500000000000000e+001 1.9628350830078125e+002
  4.7208343505859375e+001 0 -1 3.7764950561523437e+002
  1.0355314636230469e+002 1.3850850105285645e+001
  3.6392478942871094e+001 6.5464035034179687e+001 0 -1 232.
  1.6075000000000000e+002 18. 2.6490426635742187e+002 60. 0 -1
  3.4100332641601562e+002 1.6116255187988281e+002
  1.3714286804199219e+001 3.1249127197265625e+002
  8.7285720825195312e+001 0 -1 3.7754129028320312e+002
  1.6250999450683594e+002 1.4781818389892578e+001
  2.7975509643554687e+002 6.0911346435546875e+001 0 -1
  2.3354388427734375e+002 1.6335214233398438e+002
  1.1193548202514648e+001 2.8836972045898437e+002
  7.6840057373046875e+001 0 -1 2.3080067443847656e+002
  1.6506236267089844e+002 1.1928571701049805e+001
  1.9924359130859375e+002 6.3005950927734375e+001 0 -1
  3.3466513061523437e+002 1.6455906677246094e+002
  1.3766633987426758e+001 2.4732611083984375e+002
  5.7453643798828125e+001 0 -1 2.3295648193359375e+002
  1.6607374572753906e+002 1.3426229476928711e+001
  5.2791786193847656e+001 6.3723358154296875e+001 0 -1
  3.7777142333984375e+002 1.6611904907226562e+002
  1.2685714721679688e+001 2.9932910156250000e+002
  6.4457138061523437e+001 0 -1 3.7473266601562500e+002
  1.6667306518554688e+002 13. 2.2243705749511719e+002
  5.5625015258789063e+001 0 -1 3.3346466064453125e+002
  1.6839508056640625e+002 1.2150000572204590e+001
  2.1164541625976562e+002 3.4012496948242188e+001 0 -1
  3.4038461303710937e+002 1.6931344604492187e+002
  1.4268393516540527e+001 3.4227700805664062e+002
  3.7627822875976563e+001 0 -1 3.7748733520507812e+002
  1.6941899108886719e+002 1.3815162658691406e+001
  4.7122074127197266e+001 7.7678161621093750e+001 0 -1
  3.3574078369140625e+002 1.7086796569824219e+002
  1.2279999732971191e+001 2.6366592407226562e+002
  6.8081665039062500e+001 0 -1 3.3187701416015625e+002
  2.1060513305664062e+002 1.4454545974731445e+001
  1.1801451873779297e+002 4.4840911865234375e+001 0 -1 377.
  2.2975000000000000e+002 18. 2.9932684326171875e+002 59. 0 -1
  2.3275000000000000e+002 2.3036329650878906e+002
  1.2857142448425293e+001 3.1616476440429687e+002
  8.4857147216796875e+001 0 -1 3.7465890502929687e+002
  2.3252722167968750e+002 1.4172412872314453e+001
  2.4176211547851562e+002 7.1801712036132813e+001 0 -1
  3.7677145385742187e+002 2.3277822875976562e+002
  1.1857142448425293e+001 3.0778909301757813e+002
  7.7023803710937500e+001 0 -1 2.3263104248046875e+002
  2.3455006408691406e+002 1.5465994834899902e+001
  6.4566688537597656e+001 5.8319290161132812e+001 0 -1
  3.7318533325195312e+002 2.3676901245117187e+002
  1.5947368621826172e+001 1.2735263061523437e+002
  3.4111846923828125e+001 0 -1 3.2764724731445312e+002
  2.6680239868164062e+002 1.2488372802734375e+001
  3.5403259277343750e+002 6.3142440795898438e+001 0 -1
  3.2502297973632812e+002 2.7971716308593750e+002
  1.2226006507873535e+001 1.1322850036621094e+002
  4.4030349731445313e+001 0 -1 2.3156571960449219e+002
  2.9675933837890625e+002 1.1444444656372070e+001
  3.0138052368164062e+002 6.2347229003906250e+001 0 -1
  3.7549090576171875e+002 2.9912301635742187e+002
  1.2729729652404785e+001 2.9998730468750000e+002
  7.2547302246093750e+001 0 -1 3.7337609863281250e+002
  2.9935961914062500e+002 1.3530643463134766e+001
  2.5052316284179687e+002 6.4225204467773437e+001 0 -1
  3.7571188354492187e+002 3.0339910888671875e+002 15.
  5.2323066711425781e+001 5.4250000000000000e+001 0 -1
  2.8075903320312500e+002 4.9331626892089844e+001
  2.1584922790527344e+001 3.0034457397460937e+002
  1.5759411621093750e+002 1 -1 3.9706106567382812e+002
  5.2500000000000000e+001 24. 3.5375404357910156e+001
  1.7153808593750000e+002 1 -1 4.3851449584960937e+002
  5.2500000000000000e+001 24. 2.8482006835937500e+002
  6.2333984375000000e+001 1 -1 4.3721777343750000e+002
  6.7151504516601563e+001 1.7623893737792969e+001
  1.8618183135986328e+001 5.7999893188476563e+001 1 -1
  3.3892694091796875e+002 8.0934226989746094e+001
  1.8688323974609375e+001 1.5375541687011719e+002
  1.6824728393554687e+002 1 -1 2.3297625732421875e+002
  9.7786712646484375e+001 1.6736885070800781e+001
  3.0490673828125000e+002 6.1467803955078125e+001 1 -1
  2.2908743286132812e+002 1.0137382507324219e+002
  2.0666667938232422e+001 1.1640101623535156e+002
  8.7777778625488281e+001 1 -1 3.7119165039062500e+002
  1.0084342956542969e+002 1.9458370208740234e+001
  2.0622488403320312e+002 9.6322113037109375e+001 1 -1
  3.3553997802734375e+002 1.6151745605468750e+002
  2.3586757659912109e+001 2.7146105957031250e+002
  1.4089456176757812e+002 1 -1 2.2767019653320312e+002
  1.6434945678710937e+002 2.0812500000000000e+001
  1.9551570129394531e+002 9.4515625000000000e+001 1 -1
  2.3175942993164062e+002 1.6361785888671875e+002
  1.6684209823608398e+001 2.4906668090820313e+002
  7.2370605468750000e+001 1 -1 2.2756378173828125e+002
  1.6611047363281250e+002 2.0600000381469727e+001
  1.7404968261718750e+002 1.0322500610351562e+002 1 -1
  3.7149371337890625e+002 1.6631022644042969e+002 21.
  2.0456607055664062e+002 9.6625030517578125e+001 1 -1
  3.7556155395507812e+002 1.6656813049316406e+002
  1.5692307472229004e+001 2.4034074401855469e+002
  5.7923080444335938e+001 1 -1 3.4028231811523437e+002
  1.6924848937988281e+002 15. 3.3897854614257812e+002
