<?xml version="1.0"?>
<opencv_storage>
<keyPoints>
  3.8905532836914062e+002 2.8886775970458984e+001
  1.3041061401367188e+001 1.7586949157714844e+002
  3.7810569763183594e+001 0 -1 3.8882446289062500e+002
  3.1748710632324219e+001 1.1644067764282227e+001
  2.1053262329101562e+002 3.5103805541992187e+001 0 -1
  3.9886453247070312e+002 4.7668891906738281e+001
  1.4207710266113281e+001 3.8670387268066406e+001
  1.2617114257812500e+002 0 -1 205. 5.3700000762939453e+001
  1.7099998474121094e+001 2.8119976806640625e+002
  3.9224998474121094e+001 0 -1 2.7966464233398437e+002
  5.2836292266845703e+001 1.3392635345458984e+001
  7.4521697998046875e+001 4.4432174682617187e+001 0 -1
  4.3166674804687500e+002 6.2464794158935547e+001
  1.3782608985900879e+001 2.1845629882812500e+002
  8.6045288085937500e+001 0 -1 4.4589523315429687e+002
  6.2742858886718750e+001 1.3200000762939453e+001
  3.3349857330322266e+001 4.2599998474121094e+001 0 -1
  2.0584375000000000e+002 7.2158035278320313e+001
  1.4067961692810059e+001 2.5559692382812500e+001
  1.3211773681640625e+002 0 -1 2.6901028442382812e+002
  7.2482444763183594e+001 1.4628298759460449e+001
  2.9492260742187500e+002 1.4179589843750000e+002 0 -1
  2.0571525573730469e+002 7.6438713073730469e+001
  1.3475678443908691e+001 6.1110267639160156e+001
  1.1832043457031250e+002 0 -1 2.6882800292968750e+002
  7.6502677917480469e+001 1.4164117813110352e+001
  3.0609960937500000e+002 1.1956427001953125e+002 0 -1
  3.4498040771484375e+002 7.7379356384277344e+001
  1.3957220077514648e+001 1.5905888366699219e+002
  1.5409582519531250e+002 0 -1 3.5363970947265625e+002
  7.7972679138183594e+001 1.4853658676147461e+001
  1.0106837463378906e+002 4.4637191772460938e+001 0 -1
  4.3159439086914062e+002 7.7502105712890625e+001
  1.4955997467041016e+001 9.1308784484863281e+001
  6.2832565307617187e+001 0 -1 2.4423222351074219e+002
  9.4050338745117187e+001 1.5545454025268555e+001
  3.2890298461914062e+002 3.5840904235839844e+001 0 -1
  2.3797836303710937e+002 9.7652656555175781e+001
  1.2230768203735352e+001 2.3893785095214844e+002
  7.4067321777343750e+001 0 -1 2.4486776733398437e+002
  9.7754447937011719e+001 1.2642857551574707e+001
  3.4721755981445312e+002 3.5160713195800781e+001 0 -1
  2.3664389038085937e+002 1.0118680572509766e+002
  1.1750000000000000e+001 2.0198822021484375e+002
  4.6062500000000000e+001 0 -1 2.4391326904296875e+002
  1.0125866699218750e+002 1.2479999542236328e+001
  3.5123770141601562e+002 4.2159988403320312e+001 0 -1
  3.8089224243164062e+002 1.0045296478271484e+002
  1.4452857971191406e+001 2.8706671142578125e+002
  3.4129623413085937e+001 0 -1 2.3941532897949219e+002
  1.0392601776123047e+002 1.3473302841186523e+001
  3.0425146484375000e+002 8.0862274169921875e+001 0 -1
  3.8070910644531250e+002 1.6647749328613281e+002
  1.3944200515747070e+001 2.4280438232421875e+002
  3.8460800170898437e+001 0 -1 2.3690499877929687e+002
  1.9673870849609375e+002 1.0500000000000000e+001
  2.3579638671875000e+002 3.2375000000000000e+001 0 -1
  2.3719345092773437e+002 2.0094403076171875e+002
  1.2056604385375977e+001 5.8711208343505859e+001
  6.2002365112304688e+001 0 -1 2.3680000305175781e+002
  2.1158280944824219e+002 1.5203278541564941e+001
  9.1408912658691406e+001 6.9216995239257813e+001 0 -1
  3.8074432373046875e+002 2.3274028015136719e+002
  1.3925271034240723e+001 9.6238960266113281e+001
  3.2545944213867188e+001 0 -1 2.3684965515136719e+002
  2.9762042236328125e+002 1.4250000000000000e+001
  1.9086950683593750e+002 3.1687500000000000e+001 0 -1
  3.8472241210937500e+002 3.0065240478515625e+002
  1.4425735473632812e+001 1.1011714935302734e+002
  3.2897865295410156e+001 0 -1 3.9541070556640625e+002
  4.8125358581542969e+001 1.6793365478515625e+001
  4.2573440551757813e+001 9.6576850891113281e+001 1 -1
  3.4592391967773437e+002 7.7143127441406250e+001 21.
  1.5458605957031250e+002 1.7451953125000000e+002 1 -1
  2.3856256103515625e+002 9.4218978881835938e+001
  2.1644001007080078e+001 2.9097622680664062e+002
  1.4790226745605469e+002 1 -1 2.4250000000000000e+002
  9.4500000000000000e+001 24. 3.1554095458984375e+002
  7.2333335876464844e+001 1 -1 3.8046243286132812e+002
  9.9087982177734375e+001 2.0019784927368164e+001
  3.1736370849609375e+002 3.6435386657714844e+001 1 -1
  2.3900946044921875e+002 1.0515171813964844e+002
  1.7375000000000000e+001 3.1053442382812500e+002
  8.0260406494140625e+001 1 -1 3.8049572753906250e+002
  1.6489132690429687e+002 2.0389041900634766e+001
  2.6206774902343750e+002 3.7970840454101563e+001 1 -1 238. 201. 12.
  1.3517311096191406e+001 5.0666667938232422e+001 1 -1
  2.3741390991210937e+002 2.0207089233398438e+002
  1.6615385055541992e+001 6.4100006103515625e+001
  3.7692306518554688e+001 1 -1 2.3673449707031250e+002
  2.1110981750488281e+002 1.5981782913208008e+001
  9.2967315673828125e+001 6.2345733642578125e+001 1 -1
  2.8154547119140625e+002 4.6994716644287109e+001
  2.1252847671508789e+001 2.9836160278320312e+002
  1.5143795776367187e+002 2 -1 3.9796133422851562e+002
  4.7831871032714844e+001 2.3109001159667969e+001
  4.4727210998535156e+001 1.2183297729492187e+002 2 -1
  2.2941784667968750e+002 5.5428066253662109e+001
  2.8445943832397461e+001 3.1569854736328125e+002
  7.4948387145996094e+001 2 -1 2.0373762512207031e+002
  5.5503757476806641e+001 2.8307701110839844e+001
  3.0314486694335937e+002 6.4094139099121094e+001 2 -1
  4.3116729736328125e+002 6.3654838562011719e+001
  2.3787387847900391e+001 2.0141285705566406e+002
  9.2202781677246094e+001 2 -1 4.4296624755859375e+002
  6.1573356628417969e+001 2.7729351043701172e+001
  3.2674325561523437e+002 6.5840690612792969e+001 2 -1
  3.4754934692382812e+002 7.6352676391601563e+001
  2.8714284896850586e+001 1.5432809448242187e+002
  1.9948213195800781e+002 2 -1 2.3850267028808594e+002
  9.4973503112792969e+001 2.8441503524780273e+001
  3.1697958374023437e+002 1.6641276550292969e+002 2 -1
  2.3920857238769531e+002 1.4152900695800781e+002
  2.7872726440429688e+001 5.6037155151367187e+001
  4.1818927764892578e+001 2 -1 2.3672926330566406e+002
  1.9665487670898437e+002 2.6062500000000000e+001
  8.7758605957031250e+001 3.2630207061767578e+001 2 -1
  2.3715385437011719e+002 2.1225000000000000e+002 18.
  8.6161590576171875e+001 6.5133789062500000e+001 2 -1 235. 226. 36.
  8.9931137084960937e+001 78. 2 -1 2.3601042175292969e+002
  2.2830262756347656e+002 2.8450990676879883e+001
  9.0770889282226563e+001 9.4092285156250000e+001 2 -1
  3.8081237792968750e+002 2.3015914916992187e+002
  2.3589714050292969e+001 8.7004684448242188e+001
  3.1816537857055664e+001 2 -1 2.3721324157714844e+002
  2.9696270751953125e+002 1.9743690490722656e+001
  9.1425582885742188e+001 3.1038560867309570e+001 2 -1
  2.2884732055664062e+002 5.5376914978027344e+001
  3.1086631774902344e+001 4.2148990631103516e+000
  7.3111373901367188e+001 3 -1 4.4317651367187500e+002
  6.1831893920898438e+001 24. 3.4924581909179687e+002
  6.3839843750000000e+001 3 -1 4.3083795166015625e+002
  6.5112152099609375e+001 3.1050567626953125e+001
  4.6569393157958984e+001 8.3864395141601563e+001 3 -1
  3.4912039184570312e+002 7.5846008300781250e+001
  3.4571426391601563e+001 1.5798643493652344e+002
  1.9944641113281250e+002 3 -1 4.3085400390625000e+002
  7.5312911987304687e+001 3.2085891723632813e+001
  9.3611640930175781e+001 8.3224113464355469e+001 3 -1
  2.3657713317871094e+002 2.2750238037109375e+002 39.
  8.6082923889160156e+001 7.9875000000000000e+001 3 -1
  2.6948739624023437e+002 7.4661621093750000e+001
  4.3928573608398438e+001 3.5695941162109375e+002
  9.5074409484863281e+001 4 -1 350. 77. 36. 1.5056346130371094e+002 191.
  4 -1 2.3858923339843750e+002 1.1306589508056641e+002
  5.2285713195800781e+001 1.2923025131225586e+001
  3.1744039535522461e+001 4 -1 2.3766197204589844e+002
  2.0563122558593750e+002 4.6235294342041016e+001
  8.1545005798339844e+001 5.1061279296875000e+001 4 -1
  2.3716996765136719e+002 2.2543721008300781e+002
  5.0639999389648438e+001 8.3037879943847656e+001
