<?xml version="1.0"?>
<opencv_storage>
<keyPoints>
  2.6739627075195312e+002 2.5501077651977539e+001
  1.5549247741699219e+001 8.9408020019531250e+001
  3.8388359069824219e+001 0 -1 2.7160009765625000e+002
  2.5402439117431641e+001 1.4780738830566406e+001
  9.0020858764648437e+001 3.5786735534667969e+001 0 -1
  3.1053857421875000e+002 2.6297098159790039e+001
  1.2321428298950195e+001 8.6288780212402344e+001
  5.4080368041992188e+001 0 -1 3.1448165893554687e+002
  2.6817615509033203e+001 1.1372093200683594e+001
  8.2201164245605469e+001 3.7235466003417969e+001 0 -1 411.
  2.7025774002075195e+001 12. 8.7755882263183594e+001
  4.5455078125000000e+001 0 -1 2.6707025146484375e+002
  2.7899303436279297e+001 1.3685987472534180e+001
  8.9070808410644531e+001 6.4123123168945313e+001 0 -1
  3.8874652099609375e+002 2.7388605117797852e+001
  1.6786117553710938e+001 9.4994346618652344e+001
  4.6600219726562500e+001 0 -1 3.9157116699218750e+002
  2.7732282638549805e+001 1.3576271057128906e+001
  9.5021858215332031e+001 6.2036010742187500e+001 0 -1
  4.1595980834960937e+002 2.7586677551269531e+001
  1.2964488983154297e+001 8.5244705200195313e+001
  3.1598976135253906e+001 0 -1 2.2592134094238281e+002
  2.9305654525756836e+001 1.3027751922607422e+001
  9.4696868896484375e+001 4.5524497985839844e+001 0 -1
  2.7549655151367187e+002 2.9515628814697266e+001
  1.3263156890869141e+001 9.4795021057128906e+001
  3.8842102050781250e+001 0 -1 2.5956640625000000e+002
  2.9797533035278320e+001 1.1666666030883789e+001
  8.4992630004882813e+001 3.7083328247070313e+001 0 -1
  4.1401425170898437e+002 2.9944284439086914e+001
  1.1454545021057129e+001 8.2624488830566406e+001
  3.7181816101074219e+001 0 -1 4.1897534179687500e+002
  3.1749706268310547e+001 1.2130435943603516e+001
  7.9870819091796875e+001 3.0005432128906250e+001 0 -1
  3.7453201293945312e+002 4.1603973388671875e+001
  1.4739130020141602e+001 2.0064759826660156e+002
  6.1793472290039063e+001 0 -1 3.9731179809570312e+002
  4.4758716583251953e+001 1.6103446960449219e+001
  3.1034600830078125e+002 1.4634625244140625e+002 0 -1
  2.8329949951171875e+002 4.9698822021484375e+001
  1.4500000000000000e+001 2.3090826034545898e+001
  4.6125000000000000e+001 0 -1 2.5089894104003906e+002
  8.0822158813476563e+001 1.3324329376220703e+001
  3.3707922363281250e+002 3.3253967285156250e+001 0 -1
  3.9844158935546875e+002 8.3804649353027344e+001
  1.5133333206176758e+001 3.3351290893554687e+002
  1.2627221679687500e+002 0 -1 3.1150448608398437e+002
  8.5254890441894531e+001 1.4760000228881836e+001
  2.7386495971679687e+002 6.5290008544921875e+001 0 -1
  4.0186364746093750e+002 8.5786743164062500e+001
  1.2891892433166504e+001 1.1186043739318848e+001
  4.2408798217773438e+001 0 -1 2.1578642272949219e+002
  1.0165861511230469e+002 13. 2.7626119995117187e+002
  5.0791656494140625e+001 0 -1 3.9245910644531250e+002
  1.0386556243896484e+002 1.4052631378173828e+001
  2.3274784851074219e+002 5.1223693847656250e+001 0 -1
  3.9480163574218750e+002 1.0302006530761719e+002
  1.1926829338073730e+001 2.5501045227050781e+002
  3.5003051757812500e+001 0 -1 4.2080447387695312e+002
  1.0466666412353516e+002 17. 3.0451541137695312e+002
  3.9166664123535156e+001 0 -1 2.1133233642578125e+002
  1.0541403198242187e+002 1.2562500000000000e+001
  2.6439215087890625e+002 3.2140625000000000e+001 0 -1
  1.9178031921386719e+002 1.0661299133300781e+002
  1.4888889312744141e+001 2.2671554565429688e+002
  7.4259246826171875e+001 0 -1 2.4667739868164062e+002
  1.1152190399169922e+002 1.3773429870605469e+001
  2.8961080932617187e+002 4.7756973266601563e+001 0 -1
  3.6841192626953125e+002 115. 1.4917224884033203e+001
  2.7931997680664062e+002 5.5886581420898437e+001 0 -1
  2.4632733154296875e+002 1.1747930908203125e+002
  1.6522497177124023e+001 3.0570205688476562e+002
  5.1344123840332031e+001 0 -1 2.4625000000000000e+002
  1.6975000000000000e+002 18. 5.5912788391113281e+001
  5.2222656250000000e+001 0 -1 4.9703421020507812e+002
  1.7662088012695312e+002 1.4162790298461914e+001
  1.9208374023437500e+002 1.2258718872070312e+002 0 -1
  4.9164456176757812e+002 1.7970629882812500e+002
  1.4286890029907227e+001 1.7684980773925781e+002
  4.5060867309570313e+001 0 -1 2.4237965393066406e+002
  2.2763656616210937e+002 1.3836933135986328e+001
  2.6932531738281250e+002 3.3682998657226563e+001 0 -1 368.
  2.5675000000000000e+002 18. 3.0672775268554687e+002 111. 0 -1
  2.4689865112304688e+002 2.8232235717773437e+002 13.
  3.1620028686523437e+002 3.6458335876464844e+001 0 -1
  3.6716027832031250e+002 2.8376336669921875e+002
  1.6941053390502930e+001 5.6367301940917969e+001
  4.7349884033203125e+001 0 -1 3.6631082153320312e+002 285. 18.
  6.5796592712402344e+001 68. 0 -1 2.4062988281250000e+002
  2.8479910278320312e+002 1.2315790176391602e+001
  1.9600746154785156e+002 5.4052635192871094e+001 0 -1
  2.9306423950195313e+002 3.1817416381835938e+002
  1.3285713195800781e+001 3.1439413452148437e+002
  3.2321426391601563e+001 0 -1 2.9125778198242187e+002
  3.2018197631835937e+002 1.2428571701049805e+001
  3.2678622436523437e+002 3.7053569793701172e+001 0 -1
  2.9240176391601562e+002 3.2169067382812500e+002
  1.2724087715148926e+001 3.5072802734375000e+002
  5.6234642028808594e+001 0 -1 3.1794024658203125e+002
  3.2165115356445312e+002 1.3125000000000000e+001
  2.8183040618896484e+001 7.5125000000000000e+001 0 -1
  3.4948318481445312e+002 3.0150951385498047e+001
  1.5465862274169922e+001 9.1457725524902344e+001
  3.0483503341674805e+001 1 -1 3.9715155029296875e+002
  4.5922229766845703e+001 2.2364994049072266e+001
  8.3369873046875000e+001 2.1199157714843750e+002 1 -1
  2.7580004882812500e+002 4.8802669525146484e+001 21.
  1.1521929168701172e+002 6.9625000000000000e+001 1 -1
  2.4548852539062500e+002 8.2357643127441406e+001 24.
  3.5955551147460937e+002 1.7856738281250000e+002 1 -1
  3.1136151123046875e+002 8.4897720336914062e+001
  1.8918659210205078e+001 2.7585131835937500e+002
  6.6368728637695313e+001 1 -1 2.0729586791992187e+002
  1.0648145294189453e+002 2.3838155746459961e+001
  2.6197808837890625e+002 4.3005798339843750e+001 1 -1
  2.1936175537109375e+002 1.0650000000000000e+002 24.
  3.1385363769531250e+002 8.8825195312500000e+001 1 -1
  4.2050000000000000e+002 1.0650000000000000e+002 24.
  3.2409680175781250e+002 9.5555664062500000e+001 1 -1
  3.0146368408203125e+002 1.0923709869384766e+002
  2.0174840927124023e+001 2.5539175415039062e+002
  6.9866058349609375e+001 1 -1 3.0934024047851562e+002
  1.0952585601806641e+002 1.8412096023559570e+001
  2.8827828979492187e+002 6.1095397949218750e+001 1 -1
  3.6750424194335937e+002 1.1596475982666016e+002
  2.0080858230590820e+001 2.1070330810546875e+002
  7.9570281982421875e+001 1 -1 4.9116235351562500e+002
  1.2474237823486328e+002 1.7086956024169922e+001
  1.8105863952636719e+002 4.8266311645507813e+001 1 -1
  2.4625000000000000e+002 1.7081619262695312e+002
  1.9584108352661133e+001 6.0034370422363281e+001
  6.2768722534179688e+001 1 -1 3.6751547241210937e+002
  1.7233686828613281e+002 2.2791460037231445e+001
  7.7208435058593750e+001 8.6630874633789063e+001 1 -1
  4.9665374755859375e+002 1.7693853759765625e+002
  1.8797737121582031e+001 1.8295501708984375e+002
  1.1916856384277344e+002 1 -1 4.9158886718750000e+002
  1.7978640747070312e+002 1.5856066703796387e+001
  1.7875161743164062e+002 4.2893566131591797e+001 1 -1
  3.7448254394531250e+002 4.1924018859863281e+001
  2.0183464050292969e+001 1.2094120025634766e+002
  6.2408168792724609e+001 2 -1 2.7952832031250000e+002
  4.5590744018554687e+001 2.8771743774414062e+001
  8.6776191711425781e+001 2.0938569641113281e+002 2 -1
  2.4515324401855469e+002 8.2782325744628906e+001
  3.0100170135498047e+001 3.4767135620117187e+002
  1.9763056945800781e+002 2 -1 3.1136386108398437e+002
  8.5744323730468750e+001 18. 2.7383770751953125e+002
  6.6265625000000000e+001 2 -1 3.9691159057617187e+002
  8.3836105346679688e+001 2.6436212539672852e+001
  2.5715222167968750e+002 1.9220739746093750e+002 2 -1
