%YAML:1.0
---
recording:
   type: VideoRecording
   recordId: Action_20171124T150242
   channelId: main
   timeStamp: "131560093624100000"
   sessionTimestamp: "0"
   width: -1
   height: -1
   frameCount: 155
   fps: 2.9969999999999999e+001
   recordingType: 2000
   frameTransformRect: [ [ -1, -1 ], [ -1, -1 ], [ -1, -1 ], [ -1, -1 ] ]
   trackingMode: 1
   segments:
      - { startFrame:71, stopFrame:104, segmentType:2000, focusFrame:-1,
          focusPoint:{ values:[ -1., -1. ], type:Vector2 }, isFragment:0 }
      - { startFrame:0, stopFrame:148, segmentType:1000, focusFrame:-1,
          focusPoint:{ values:[ -1., -1. ], type:Vector2 }, isFragment:0 }
   framesRelTs: [ "0", "210000", "530000", "850000", "1160000",
       "1480000", "1810000", "2120000", "2440000", "2920000", "3240000",
       "3560000", "3880000", "4200000", "4520000", "4840000", "5160000",
       "5480000", "5830000", "6120000", "6450000", "7040000", "7330000",
       "7600000", "7930000", "8240000", "8560000", "8910000", "9200000",
       "9520000", "9850000", "10160000", "10480000", "10820000",
       "11330000", "11690000", "11930000", "12230000", "12550000",
       "12850000", "13170000", "13490000", "13800000", "14120000",
       "14450000", "14760000", "15250000", "15560000", "15890000",
       "16200000", "16520000", "16840000", "17160000", "17490000",
       "17810000", "18130000", "18450000", "18770000", "19090000",
       "19560000", "19890000", "20210000", "20520000", "20850000",
       "21170000", "21480000", "21810000", "22140000", "22450000",
       "22770000", "23080000", "23560000", "23880000", "24200000",
       "24540000", "24850000", "25330000", "25650000", "25980000",
       "26310000", "26610000", "26940000", "27240000", "27570000",
       "27890000", "28200000", "28530000", "28870000", "29170000",
       "29640000", "29970000", "30290000", "30620000", "30940000",
       "31250000", "31570000", "31890000", "32210000", "32530000",
       "32850000", "33170000", "33640000", "33980000", "34280000",
       "34600000", "34930000", "35250000", "35570000", "35890000",
       "36200000", "36660000", "36850000", "37200000", "37490000",
       "37970000", "38290000", "38610000", "38930000", "39250000",
       "39570000", "39880000", "40210000", "40530000", "40850000",
       "41170000", "41530000", "41970000", "42280000", "42610000",
       "42930000", "43250000", "43570000", "43890000", "44210000",
       "44540000", "44850000", "45160000", "45490000", "45970000",
       "46300000", "46610000", "46930000", "47250000", "47640000",
       "47920000", "48220000", "48530000", "48850000", "49170000",
       "49480000", "49810000", "50290000", "50630000", "50940000",
       "51250000" ]
   chunks:
      - { path:"Recordings/Action_20171124T150242/recording.avi",
          startFrameIdx:0 }
