<?xml version="1.0"?>
<opencv_storage>
<keyPoints>
  2.6733996582031250e+002 2.8530086517333984e+001
  1.4881216049194336e+001 9.0280326843261719e+001
  3.6587768554687500e+001 0 -1 3.9882708740234375e+002
  4.7317104339599609e+001 1.3701030731201172e+001
  3.4464364624023437e+002 1.2189822387695312e+002 0 -1
  2.2964311218261719e+002 5.2720108032226563e+001 16.
  3.0585296630859375e+002 3.8333328247070312e+001 0 -1
  2.7931506347656250e+002 5.2941215515136719e+001
  1.3799999237060547e+001 7.3939598083496094e+001
  3.6125000000000000e+001 0 -1 2.4642945861816406e+002
  8.0709106445312500e+001 1.3653061866760254e+001
  3.1003805541992187e+002 6.0859695434570312e+001 0 -1
  3.9790341186523437e+002 8.1710350036621094e+001 13.
  2.9794262695312500e+002 3.8416671752929688e+001 0 -1
  3.1743045043945312e+002 8.7794326782226562e+001
  1.5272704124450684e+001 1.5004530334472656e+002
  1.6865203857421875e+002 0 -1 1.7916766357421875e+002
  9.0958335876464844e+001 1.2225022315979004e+001
  8.2256431579589844e+001 3.8526176452636719e+001 0 -1
  1.8491288757324219e+002 9.1142913818359375e+001
  1.1300000190734863e+001 9.6845611572265625e+001
  4.5408340454101563e+001 0 -1 1.9570970153808594e+002
  9.0515556335449219e+001 1.4927703857421875e+001
  1.9688391113281250e+002 1.1547918701171875e+002 0 -1
  2.1075120544433594e+002 9.1369377136230469e+001
  1.4082410812377930e+001 3.3724478149414062e+002
  3.9706451416015625e+001 0 -1 3.3878295898437500e+002
  9.1352890014648438e+001 1.3735771179199219e+001
  4.9037860870361328e+001 4.1325416564941406e+001 0 -1
  2.6032080078125000e+002 9.2917778015136719e+001
  1.3235294342041016e+001 2.7113208770751953e+001
  3.7720588684082031e+001 0 -1 1.9520359802246094e+002
  9.4092224121093750e+001 1.3858940124511719e+001
  1.2776303100585937e+002 3.6918624877929688e+001 0 -1
  4.7672088623046875e+002 9.8988113403320313e+001
  1.4660604476928711e+001 2.8684002685546875e+002
  3.3794242858886719e+001 0 -1 4.2800531005859375e+002
  1.0691356658935547e+002 1.4775903701782227e+001
  2.6261315917968750e+002 4.8680816650390625e+001 0 -1
  4.4461834716796875e+002 1.0699530029296875e+002
  1.4600000381469727e+001 2.7364764404296875e+002
  4.4816665649414063e+001 0 -1 4.5761196899414062e+002
  1.0730096435546875e+002 1.1429632186889648e+001
  2.7210678100585937e+002 3.5536483764648437e+001 0 -1
  4.6387838745117187e+002 1.0720362091064453e+002
  1.3090909957885742e+001 2.7383273315429687e+002
  5.0727279663085937e+001 0 -1 4.8011291503906250e+002
  1.0772497558593750e+002 1.2299999237060547e+001
  3.2384774780273437e+002 4.4100006103515625e+001 0 -1
  4.8076043701171875e+002 1.1104905700683594e+002
  1.2567566871643066e+001 3.4467568969726562e+002
  4.4331085205078125e+001 0 -1 1.9301707458496094e+002
  1.1488762664794922e+002 1.4785713195800781e+001
  2.5226818847656250e+002 3.4017852783203125e+001 0 -1
  4.3217181396484375e+002 1.1469452667236328e+002
  1.3516347885131836e+001 8.6838729858398437e+001
  3.4975791931152344e+001 0 -1 4.4636340332031250e+002
  1.1437771606445312e+002 1.3931180953979492e+001
  8.6604537963867188e+001 3.8786666870117188e+001 0 -1
  4.5297186279296875e+002 1.1504403686523437e+002
  1.2111110687255859e+001 8.8326179504394531e+001
  4.3009262084960938e+001 0 -1 4.6177462768554688e+002
  1.1520167541503906e+002 13. 9.1778404235839844e+001
  6.0875000000000000e+001 0 -1 3.5409298706054687e+002
  1.1602364349365234e+002 1.1769230842590332e+001
  3.4091516113281250e+002 3.7019229888916016e+001 0 -1
  4.7040917968750000e+002 1.1545273590087891e+002
  1.2512662887573242e+001 6.4737335205078125e+001
  4.3578109741210937e+001 0 -1 1.9611714172363281e+002
  1.1794326019287109e+002 1.1314290046691895e+001
  2.5254579162597656e+002 4.5355545043945313e+001 0 -1 205.
  1.1820330047607422e+002 1.4104476928710938e+001
  3.2903219604492187e+002 9.1121246337890625e+001 0 -1
  2.6401785278320312e+002 1.1904085540771484e+002
  1.3063339233398437e+001 2.3286193847656250e+002
  8.4229003906250000e+001 0 -1 4.0948791503906250e+002
  1.1931930541992187e+002 1.3875000000000000e+001
  1.4009817504882813e+002 1.1412500000000000e+002 0 -1
  4.8032498168945312e+002 1.2017659759521484e+002
  1.6238401412963867e+001 5.5982929229736328e+001
  9.3219696044921875e+001 0 -1 2.0632736206054687e+002
  1.2430387878417969e+002 1.4342521667480469e+001
  1.7673786163330078e+001 1.0184878540039062e+002 0 -1
  3.4393261718750000e+002 1.2396006774902344e+002
  1.1953845977783203e+001 1.5968875122070313e+002
  6.2001922607421875e+001 0 -1 3.4976354980468750e+002
  1.2415771484375000e+002 1.2999383926391602e+001
  5.9622974395751953e+000 1.2057492065429687e+002 0 -1
  4.7952642822265625e+002 1.2430605316162109e+002
  1.2724138259887695e+001 8.0378051757812500e+001
  3.8211204528808594e+001 0 -1 4.7956738281250000e+002 125.
  1.3766399383544922e+001 8.2789611816406250e+001
  3.5724044799804688e+001 0 -1 3.7958984375000000e+002
  1.6651882934570312e+002 1.4294116973876953e+001
  1.0111971282958984e+002 3.3485290527343750e+001 0 -1
  3.3741567993164062e+002 1.7007049560546875e+002
  1.3682926177978516e+001 5.0607383728027344e+001
  4.3612808227539063e+001 0 -1 2.1490745544433594e+002
  1.7802592468261719e+002 1.5947368621826172e+001
  2.0880310058593750e+002 3.5111846923828125e+001 0 -1
  2.0932278442382812e+002 1.9135795593261719e+002
  1.1893733024597168e+001 2.5842877197265625e+002
  1.4109927368164062e+002 0 -1 2.6635153198242187e+002
  1.9132136535644531e+002 1.3909090042114258e+001
  2.7291070556640625e+002 9.5784088134765625e+001 0 -1
  2.7272222900390625e+002 1.9204496765136719e+002
  1.2833333015441895e+001 2.6374841308593750e+002
  5.8347221374511719e+001 0 -1 2.7866711425781250e+002
  1.9174116516113281e+002 1.2110336303710938e+001
  2.8264654541015625e+002 5.8198654174804687e+001 0 -1
  3.2477859497070312e+002 1.9213987731933594e+002
  1.4739130020141602e+001 3.0046551513671875e+002
  3.9396736145019531e+001 0 -1 3.4593276977539062e+002
  1.9206610107421875e+002 1.4073593139648437e+001
  2.7399230957031250e+002 1.3068472290039062e+002 0 -1
  4.1683905029296875e+002 1.9224015808105469e+002
  1.3378377914428711e+001 2.9168270874023437e+002
  3.5976348876953125e+001 0 -1 4.0234564208984375e+002
  1.9276312255859375e+002 1.2750000000000000e+001
  2.8885144042968750e+002 3.4250000000000000e+001 0 -1
  4.0680905151367187e+002 1.9272288513183594e+002
  1.2875000000000000e+001 2.8885049438476562e+002
  5.4510421752929687e+001 0 -1 4.8181399536132812e+002
  1.9274858093261719e+002 1.3786556243896484e+001
  3.0299615478515625e+002 6.4333877563476563e+001 0 -1
  2.7489288330078125e+002 1.9388931274414062e+002
  1.1399999618530273e+001 2.5823614501953125e+002
  3.0125000000000000e+001 0 -1 4.9590969848632812e+002
  1.9351057434082031e+002 1.3666666030883789e+001
  2.1337547302246094e+002 6.0736114501953125e+001 0 -1
  2.3549221801757812e+002 1.9742620849609375e+002
  1.4988924026489258e+001 2.9654608154296875e+002
  5.2929275512695313e+001 0 -1 2.1169749450683594e+002
  2.1559059143066406e+002 1.3600000381469727e+001
  2.4583511352539062e+002 3.1066665649414062e+001 0 -1
  1.9543771362304687e+002 2.2057354736328125e+002
  1.6297344207763672e+001 2.2815501403808594e+002
  4.3217781066894531e+001 0 -1 193. 2.4479328918457031e+002
  1.3988964080810547e+001 2.2407325744628906e+002
  3.7751785278320312e+001 0 -1 2.0517486572265625e+002
  2.4834838867187500e+002 1.2487864494323730e+001
  3.4727804565429687e+002 9.3139450073242188e+001 0 -1
  4.8054983520507812e+002 2.4780177307128906e+002
  1.4156671524047852e+001 2.7991357421875000e+002
  4.2849044799804688e+001 0 -1 2.6305056762695312e+002
  2.4899714660644531e+002 1.4647058486938477e+001
  3.0437817382812500e+002 5.3308822631835938e+001 0 -1
  3.5383303833007812e+002 2.5020359802246094e+002
  1.2500000000000000e+001 3.5096469116210937e+002
  3.7125000000000000e+001 0 -1 1.9275962829589844e+002
  2.5140197753906250e+002 1.3049999237060547e+001
  1.5990754699707031e+002 3.9612503051757813e+001 0 -1
