%YAML:1.0
---
recording:
   type: VideoRecording
   recordId: Action_20180109T110932
   channelId: main
   timeStamp: "131599697724430000"
   sessionTimestamp: "0"
   width: 0
   height: 0
   frameCount: 216
   fps: 2.9969999999999999e+001
   recordingType: 2000
   frameTransformRect: [ [ -1, -1 ], [ -1, -1 ], [ -1, -1 ], [ -1, -1 ] ]
   trackingMode: 1
   segments:
      - { startFrame:12, stopFrame:116, segmentType:2000, focusFrame:-1,
          focusPoint:{ values:[ -1., -1. ], type:Vector2 }, isFragment:0 }
      - { startFrame:114, stopFrame:135, segmentType:2000, focusFrame:-1,
          focusPoint:{ values:[ -1., -1. ], type:Vector2 }, isFragment:0 }
      - { startFrame:134, stopFrame:195, segmentType:2000, focusFrame:-1,
          focusPoint:{ values:[ -1., -1. ], type:Vector2 }, isFragment:0 }
      - { startFrame:0, stopFrame:209, segmentType:1000, focusFrame:-1,
          focusPoint:{ values:[ -1., -1. ], type:Vector2 }, isFragment:0 }
   framesRelTs: [ "0", "310000", "650000", "990000", "1320000",
       "1630000", "1950000", "2280000", "2610000", "2940000", "3260000",
       "3570000", "3910000", "4230000", "4540000", "4880000", "5200000",
       "5520000", "5840000", "6170000", "6490000", "6820000", "7150000",
       "7470000", "7800000", "8110000", "8430000", "8760000", "9080000",
       "9410000", "9740000", "10070000", "10400000", "10730000",
       "11060000", "11380000", "11700000", "12020000", "12360000",
       "12670000", "12980000", "13310000", "13630000", "13960000",
       "14290000", "14610000", "14950000", "15270000", "15600000",
       "15930000", "16240000", "16570000", "16900000", "17220000",
       "17540000", "17860000", "18190000", "18520000", "18860000",
       "19180000", "19510000", "19840000", "20170000", "20490000",
       "20830000", "21140000", "21460000", "21800000", "22120000",
       "22450000", "22930000", "23260000", "23590000", "23840000",
       "24240000", "24560000", "24890000", "25210000", "25540000",
       "25860000", "26210000", "26520000", "26860000", "27180000",
       "27510000", "27840000", "28170000", "28480000", "28820000",
       "29150000", "29470000", "29800000", "30130000", "30460000",
       "30780000", "31100000", "31440000", "31770000", "32100000",
       "32410000", "32740000", "33080000", "33400000", "33730000",
       "34050000", "34380000", "34710000", "35040000", "35360000",
       "35680000", "36000000", "36330000", "36650000", "36970000",
       "37300000", "37620000", "37940000", "38270000", "38590000",
       "38910000", "39240000", "39550000", "39880000", "40210000",
       "40530000", "40850000", "41180000", "41510000", "41830000",
       "42150000", "42470000", "42800000", "43120000", "43440000",
       "43760000", "44090000", "44410000", "44730000", "45050000",
       "45370000", "45700000", "46190000", "46520000", "46840000",
       "47160000", "47490000", "47810000", "48130000", "48450000",
       "48780000", "49110000", "49440000", "49770000", "50080000",
       "50420000", "50800000", "51130000", "51390000", "51730000",
       "52050000", "52380000", "52700000", "53020000", "53350000",
       "53680000", "54000000", "54330000", "54650000", "54970000",
       "55300000", "55620000", "55940000", "56290000", "56610000",
       "56940000", "57260000", "57600000", "57920000", "58260000",
       "58580000", "58910000", "59240000", "59570000", "59890000",
       "60230000", "60570000", "60880000", "61210000", "61540000",
       "61850000", "62180000", "62510000", "62830000", "63150000",
       "63470000", "63790000", "64120000", "64430000", "64770000",
       "65090000", "65410000", "65740000", "66060000", "66380000",
       "66710000", "67030000", "67350000", "67680000", "68010000",
       "68320000", "68640000", "68980000", "69300000", "69620000",
       "69950000", "70270000" ]
   chunks:
      - { path:"Recordings/Action_20180109T110932/recording.avi",
          startFrameIdx:0 }
