<?xml version="1.0"?>
<opencv_storage>
<keyPoints>
  2.8231890869140625e+002 4.6680931091308594e+001
  1.6649015426635742e+001 3.0293942260742187e+002
  1.5928872680664062e+002 0 -1 2.7966796875000000e+002
  5.2638614654541016e+001 1.3769230842590332e+001
  7.8964088439941406e+001 4.9695510864257813e+001 0 -1
  1.9246577453613281e+002 1.0732899475097656e+002
  1.3978723526000977e+001 2.5298602294921875e+002
  5.2555862426757812e+001 0 -1 4.0740554809570312e+002
  1.0746015167236328e+002 1.2966466903686523e+001
  2.7272271728515625e+002 5.4569351196289062e+001 0 -1
  4.0526971435546875e+002 1.0762828063964844e+002
  1.4804217338562012e+001 2.6582235717773437e+002
  5.8177337646484375e+001 0 -1 2.2072229003906250e+002
  1.1736541748046875e+002 1.4428570747375488e+001
  3.4139608764648437e+002 3.1720237731933594e+001 0 -1
  3.6893521118164062e+002 1.1868622589111328e+002
  1.6948554992675781e+001 2.5596652221679687e+002
  3.8909095764160156e+001 0 -1 2.4971432495117187e+002
  1.1810331726074219e+002 1.4280000686645508e+001
  3.4623477172851562e+002 3.2804992675781250e+001 0 -1
  2.4852091979980469e+002 1.7506054687500000e+002
  1.4744530677795410e+001 6.9940967559814453e+000
  5.6596771240234375e+001 0 -1 4.9859811401367187e+002
  1.7874723815917969e+002 1.3588235855102539e+001
  1.9114375305175781e+002 6.5786758422851562e+001 0 -1
  3.4277514648437500e+002 2.1929699707031250e+002
  1.2157894134521484e+001 9.6682113647460938e+001
  3.0006576538085938e+001 0 -1 3.7018878173828125e+002
  2.5775256347656250e+002 1.5599999427795410e+001
  3.3820364379882812e+002 87. 0 -1 2.4213325500488281e+002
  2.8726110839843750e+002 1.4500000000000000e+001
  1.7120211791992187e+002 3.4083335876464844e+001 0 -1
  2.4647535705566406e+002 2.8791766357421875e+002
  1.5972972869873047e+001 3.2352626800537109e+001
  6.5111480712890625e+001 0 -1 3.6452255249023437e+002
  2.8963885498046875e+002 1.6512844085693359e+001
  1.0948280334472656e+002 6.2547164916992188e+001 0 -1
  2.9043191528320312e+002 3.1747573852539062e+002
  1.4076922416687012e+001 2.2015484619140625e+002
  3.5557685852050781e+001 0 -1 3.1582495117187500e+002
  3.1800781250000000e+002 1.4280000686645508e+001
  2.0211718750000000e+002 3.5804992675781250e+001 0 -1
  2.9123370361328125e+002 3.2208187866210937e+002
  1.3399999618530273e+001 8.6752449035644531e+001
  7.1224990844726562e+001 0 -1 2.9367523193359375e+002
  3.2238772583007812e+002 1.3323529243469238e+001
  6.2448623657226563e+001 8.1654403686523438e+001 0 -1
  3.1677337646484375e+002 3.2210192871093750e+002
  1.4023255348205566e+001 1.0628065490722656e+002
  7.3444763183593750e+001 0 -1 3.1965557861328125e+002
  3.2229580688476562e+002 1.2767442703247070e+001
  6.4007003784179687e+001 9.2703491210937500e+001 0 -1
  3.9784732055664062e+002 4.7219665527343750e+001
  2.0991748809814453e+001 2.7495733642578125e+002
  1.3217811584472656e+002 1 -1 2.0415878295898437e+002
  5.4108367919921875e+001 2.2594215393066406e+001
  2.9444055175781250e+002 4.6322608947753906e+001 1 -1
  3.9549230957031250e+002 8.5088088989257813e+001
  1.8875934600830078e+001 1.7142156982421875e+002
  1.6543249511718750e+002 1 -1 1.8930999755859375e+002
  1.0260954284667969e+002 18. 2.6099273681640625e+002
  3.6854492187500000e+001 1 -1 4.0041772460937500e+002
  1.0690309906005859e+002 1.8391304016113281e+001
  2.4013659667968750e+002 3.0048904418945313e+001 1 -1
  1.9242877197265625e+002 1.0848705291748047e+002
  1.7729253768920898e+001 2.4695834350585937e+002
  5.8031753540039062e+001 1 -1 2.4800392150878906e+002
  1.1879749298095703e+002 2.3736522674560547e+001
  3.4680807495117187e+002 4.0790065765380859e+001 1 -1
  2.4772647094726562e+002 1.7543598937988281e+002
  1.9289264678955078e+001 3.5107662200927734e+001
  5.5470184326171875e+001 1 -1 2.4650000000000000e+002
  2.3250000000000000e+002 24. 3.1960778808593750e+002
  7.0777343750000000e+001 1 -1 3.6827709960937500e+002
  2.3246630859375000e+002 2.3332424163818359e+001
  2.7552624511718750e+002 6.8253135681152344e+001 1 -1
  2.9125000000000000e+002 3.1975000000000000e+002 24.
  9.3262176513671875e+001 38. 1 -1 3.2050000000000000e+002
  3.1975000000000000e+002 24. 5.7674129486083984e+001 34. 1 -1 294. 322.
  12. 5.5582714080810547e+001 7.9777778625488281e+001 1 -1
  2.8151177978515625e+002 4.6720973968505859e+001
  2.2764705657958984e+001 4.8556564331054688e+001
  1.6636029052734375e+002 2 -1 2.2950228881835937e+002
  5.5335597991943359e+001 2.8373516082763672e+001
  3.2870462036132812e+002 7.1169578552246094e+001 2 -1
  2.0348799133300781e+002 5.5850128173828125e+001
  2.8781919479370117e+001 3.2176708984375000e+002
  5.8128795623779297e+001 2 -1 2.4647343444824219e+002
  8.3795021057128906e+001 2.5542451858520508e+001
  1.6024412155151367e+001 1.9770837402343750e+002 2 -1
  2.1289018249511719e+002 1.0083103942871094e+002
  2.5550533294677734e+001 3.3561636352539062e+002
  4.0462795257568359e+001 2 -1 1.8951953125000000e+002
  1.0298064422607422e+002 2.3155590057373047e+001
  2.9520159912109375e+002 3.6017364501953125e+001 2 -1
  4.0610437011718750e+002 1.0789829254150391e+002
  2.1444883346557617e+001 2.7269760131835937e+002
  5.5526256561279297e+001 2 -1 1.9312106323242187e+002
  1.0875000000000000e+002 18. 2.4712759399414062e+002
  5.2524414062500000e+001 2 -1 2.9310687255859375e+002
  1.1080588531494141e+002 3.1905904769897461e+001
  2.3126327514648437e+002 5.8465759277343750e+001 2 -1
  2.4803822326660156e+002 1.1883079528808594e+002
  2.3589595794677734e+001 3.4669659423828125e+002
  4.0799270629882813e+001 2 -1 3.6866140747070312e+002
  1.1898590087890625e+002 2.3087192535400391e+001
  2.1461361694335938e+002 4.2066532135009766e+001 2 -1
  3.9474331665039062e+002 1.2361640167236328e+002
  3.2792587280273437e+001 1.3214549255371094e+002
  8.0374977111816406e+001 2 -1 3.6733648681640625e+002
  1.4413568115234375e+002 2.8004474639892578e+001
  1.2660799407958984e+002 1.9303923034667969e+002 2 -1
  3.6862701416015625e+002 1.7569497680664062e+002
  2.2915613174438477e+001 7.3945236206054688e+001
  5.3062244415283203e+001 2 -1 4.9795834350585937e+002
  1.8011665344238281e+002 2.1514286041259766e+001
  1.8256980895996094e+002 6.2001190185546875e+001 2 -1
  2.4685069274902344e+002 2.3208148193359375e+002
  2.6908691406250000e+001 3.3563269042968750e+002
  7.0710128784179688e+001 2 -1 3.6811801147460938e+002
  2.3214057922363281e+002 2.5542194366455078e+001
  2.7350915527343750e+002 7.0288993835449219e+001 2 -1
  3.6733114624023437e+002 2.5905343627929687e+002
  2.8962017059326172e+001 2.4993684387207031e+002
  2.0544091796875000e+002 2 -1 2.4642575073242187e+002
  2.8888180541992187e+002 2.4428573608398438e+001
  6.9678970336914063e+001 8.8017852783203125e+001 2 -1
  3.6777444458007812e+002 2.8873062133789062e+002
  2.3250000000000000e+001 8.3863464355468750e+001
  8.7041664123535156e+001 2 -1 3.1654437255859375e+002
  3.2055029296875000e+002 2.4599998474121094e+001
  6.5038169860839844e+001 7.6025001525878906e+001 2 -1
  2.2887463378906250e+002 5.5335258483886719e+001
  3.2188796997070313e+001 2.1231216430664063e+001
  7.1060096740722656e+001 3 -1 3.9744189453125000e+002
  8.4582992553710938e+001 24. 2.5067649841308594e+002
  1.8653417968750000e+002 3 -1 2.9543832397460937e+002
  1.1325534820556641e+002 3.8727275848388672e+001
  3.1774850463867187e+002 6.1284088134765625e+001 3 -1
  4.0748028564453125e+002 1.1227449798583984e+002
  3.5513515472412109e+001 3.3036538696289062e+002
  3.6030426025390625e+001 3 -1 4.1750000000000000e+002
  1.1750000000000000e+002 48. 2.8748624801635742e+001 75. 3 -1
  2.9627566528320312e+002 1.2116186523437500e+002 42.
  4.2458480834960938e+001 9.0750015258789063e+001 3 -1
  3.1541812133789062e+002 1.2172702026367187e+002
  4.2547065734863281e+001 1.9271678924560547e+001
  9.6530456542968750e+001 3 -1 3.9547244262695312e+002
  1.2271992492675781e+002 3.6618728637695313e+001
  1.2511508941650391e+002 7.9723045349121094e+001 3 -1
  4.1750000000000000e+002 1.2150000000000000e+002 48.
