<?xml version="1.0"?>
<opencv_storage>
<keyPoints>
  2.2052032470703125e+002 2.9848712921142578e+001
  1.3110227584838867e+001 8.4110580444335938e+001
  4.6357345581054688e+001 0 -1 2.6840457153320312e+002
  3.0360910415649414e+001 1.4105344772338867e+001
  8.8784141540527344e+001 7.1506820678710938e+001 0 -1
  3.8866500854492187e+002 3.0053041458129883e+001
  1.1375000000000000e+001 1.9075340270996094e+002
  3.0260421752929687e+001 0 -1 2.7952160644531250e+002
  5.5743167877197266e+001 1.3535594940185547e+001
  7.7868057250976563e+001 4.5275253295898438e+001 0 -1
  4.4553845214843750e+002 6.8660186767578125e+001
  1.4032257080078125e+001 2.3369834899902344e+001
  3.6778213500976562e+001 0 -1 2.0527301025390625e+002
  7.3984642028808594e+001 1.3519327163696289e+001
  1.1670529365539551e+001 1.2561801147460938e+002 0 -1
  2.6852539062500000e+002 7.5536567687988281e+001
  1.3998281478881836e+001 2.9265631103515625e+002
  1.3263888549804687e+002 0 -1 2.0507476806640625e+002
  7.8534065246582031e+001 1.2719069480895996e+001
  5.0808494567871094e+001 1.1498223876953125e+002 0 -1
  2.6808453369140625e+002 7.9762634277343750e+001
  1.3115703582763672e+001 2.9721755981445312e+002
  1.2709194946289062e+002 0 -1 4.3149462890625000e+002
  8.3678749084472656e+001 1.3736843109130859e+001
  8.4372299194335938e+001 6.4388168334960938e+001 0 -1
  4.6599505615234375e+002 9.7968360900878906e+001
  1.2315790176391602e+001 2.5649313354492188e+002
  3.8052635192871094e+001 0 -1 4.7655047607421875e+002
  9.8819259643554687e+001 1.3322580337524414e+001
  2.9030432128906250e+002 1.0525942993164062e+002 0 -1
  2.3637997436523437e+002 1.0090996551513672e+002
  1.3346549987792969e+001 6.4321365356445313e+001
  3.4710823059082031e+001 0 -1 3.7931909179687500e+002
  1.0500777435302734e+002 1.4757099151611328e+001
  3.0722387695312500e+002 3.5450012207031250e+001 0 -1
  4.8352099609375000e+002 1.0643808746337891e+002
  1.5445180892944336e+001 3.0981121826171875e+002
  7.7678192138671875e+001 0 -1 4.5001388549804687e+002
  1.1389537048339844e+002 12. 1.8131646728515625e+002 40. 0 -1
  4.8164486694335937e+002 1.1840837097167969e+002
  1.5199682235717773e+001 3.5809173583984375e+002
  1.0343334960937500e+002 0 -1 4.5487054443359375e+002
  1.2178533935546875e+002 15. 1.1408161163330078e+002 62. 0 -1
  4.7877728271484375e+002 1.2719791412353516e+002
  1.4666666030883789e+001 8.5007362365722656e+001
  4.4777778625488281e+001 0 -1 4.6139862060546875e+002
  1.3552296447753906e+002 1.3479362487792969e+001
  1.1008687591552734e+002 6.6087417602539063e+001 0 -1
  2.3450215148925781e+002 1.6603448486328125e+002
  1.4082410812377930e+001 2.1637394714355469e+002
  3.3706451416015625e+001 0 -1 2.4293984985351562e+002
  1.6755464172363281e+002 1.3630359649658203e+001
  3.4154360961914062e+002 3.2908912658691406e+001 0 -1
  3.7785827636718750e+002 1.7082019042968750e+002
  1.5801443099975586e+001 2.0087265014648437e+002
  3.8391036987304688e+001 0 -1 4.3895956420898437e+002
  1.7075657653808594e+002 1.1938776016235352e+001
  2.6774996948242187e+002 5.6002548217773437e+001 0 -1
  4.4071780395507812e+002 1.7567225646972656e+002
  1.3424005508422852e+001 2.7722134399414063e+002
  4.6415893554687500e+001 0 -1 4.3157846069335938e+002
  1.7915301513671875e+002 1.2762711524963379e+001
  2.5248431396484375e+002 5.3476684570312500e+001 0 -1
  4.9260519409179687e+002 1.7874586486816406e+002
  1.1842104911804199e+001 2.5357086181640625e+002
  3.2013160705566406e+001 0 -1 4.8803790283203125e+002
  1.8158914184570312e+002 1.2750000000000000e+001
  2.4292578125000000e+002 3.5250000000000000e+001 0 -1
  4.5742218017578125e+002 1.8236087036132812e+002
  1.2272727012634277e+001 3.0791619873046875e+002
  3.0022727966308594e+001 0 -1 4.5930758666992187e+002
  1.8577142333984375e+002 1.4314285278320313e+001
  3.1928137207031250e+002 4.0603561401367188e+001 0 -1
  4.8325000000000000e+002 1.8625000000000000e+002 18.
  2.2536729431152344e+002 3.7333007812500000e+001 0 -1
  4.2821667480468750e+002 1.9578915405273437e+002 15.
  1.3750514221191406e+002 3.3125000000000000e+001 0 -1
  4.5662234497070312e+002 1.9754493713378906e+002
  1.4155206680297852e+001 1.6199270248413086e+001
  7.3145767211914063e+001 0 -1 4.2942776489257812e+002
  1.9910958862304687e+002 1.4542602539062500e+001
  1.1399030303955078e+002 3.8721885681152344e+001 0 -1
  4.8682971191406250e+002 2.0023332214355469e+002
  1.3548387527465820e+001 1.2709375762939453e+002
  8.3064514160156250e+001 0 -1 4.3028472900390625e+002 201.
  1.2409090042114258e+001 8.9582252502441406e+001
  3.7102279663085937e+001 0 -1 4.8997683715820312e+002
  2.0562048339843750e+002 1.3399999618530273e+001
  1.2479798126220703e+002 5.8224990844726563e+001 0 -1
  4.3593466186523437e+002 2.0743670654296875e+002
  1.3227272987365723e+001 1.0807386016845703e+002
  4.3920455932617188e+001 0 -1 4.9613858032226562e+002
  2.0936231994628906e+002 1.2913043975830078e+001
  1.2911906433105469e+002 5.2532608032226563e+001 0 -1
  3.7684771728515625e+002 2.3770719909667969e+002
  1.3766193389892578e+001 7.3974288940429688e+001
  3.3880386352539062e+001 0 -1 4.3355096435546875e+002
  2.4837509155273437e+002 1.3209278106689453e+001
  2.6072482299804687e+002 6.8142272949218750e+001 0 -1
  4.2815078735351562e+002 2.5327743530273437e+002
  1.0799999237060547e+001 2.6034744262695312e+002
  3.9599998474121094e+001 0 -1 4.5051135253906250e+002
  2.5422625732421875e+002 1.4538461685180664e+001
  2.9200592041015625e+002 6.7490371704101563e+001 0 -1
  4.4290658569335937e+002 2.5644625854492187e+002
  1.5280206680297852e+001 2.3340643310546875e+002
  3.6785308837890625e+001 0 -1 4.2268753051757813e+002
  2.5876654052734375e+002 1.3319999694824219e+001
  2.3124528503417969e+002 5.5210006713867188e+001 0 -1
  4.4672610473632812e+002 2.5856347656250000e+002
  1.3565217018127441e+001 2.0229962158203125e+002
  4.9565216064453125e+001 0 -1 4.5561849975585937e+002 260.
  1.2391761779785156e+001 3.2891232299804687e+002
  5.8761459350585938e+001 0 -1 4.2400308227539062e+002
  2.6162628173828125e+002 1.1727272987365723e+001
  2.6850946044921875e+002 4.3068191528320313e+001 0 -1
  4.2318408203125000e+002 2.6507913208007812e+002
  1.3285713195800781e+001 1.9836914062500000e+002
  4.3964294433593750e+001 0 -1 4.7492239379882812e+002
  2.6617050170898437e+002 1.3712433815002441e+001
  1.9860757446289062e+002 8.1313507080078125e+001 0 -1
  4.2483673095703125e+002 2.7328527832031250e+002
  1.4869564056396484e+001 1.3904125976562500e+002
  7.1260879516601563e+001 0 -1 4.2758157348632812e+002
  2.7821542358398437e+002 1.3559999465942383e+001
  1.0663870239257812e+002 5.2690002441406250e+001 0 -1
  4.3102297973632812e+002 2.7887435913085937e+002
  1.3079999923706055e+001 5.4548287391662598e+000
  5.3810012817382813e+001 0 -1 442. 2.8058526611328125e+002 15.
  1.1477052307128906e+002 3.4750000000000000e+001 0 -1
  4.3525000000000000e+002 2.8375000000000000e+002 18.
  1.0142522430419922e+002 6.0111328125000000e+001 0 -1
  3.7477474975585937e+002 3.0362066650390625e+002
  1.4312181472778320e+001 1.6402235412597656e+002
  3.4372055053710937e+001 0 -1 3.4284429931640625e+002
  8.1677330017089844e+001 1.6384614944458008e+001
  1.5855921936035156e+002 1.6641345214843750e+002 1 -1
  3.7935565185546875e+002 1.0327302551269531e+002
  2.2149780273437500e+001 3.3566674804687500e+002
  3.4264911651611328e+001 1 -1 4.5680810546875000e+002
  1.1371091461181641e+002 20. 1.8992481994628906e+002
  3.9333343505859375e+001 1 -1 4.8108325195312500e+002
  1.1922256469726562e+002 1.8413604736328125e+001
  1.6441120147705078e+001 1.0506629943847656e+002 1 -1
  4.7941320800781250e+002 1.2575054931640625e+002
  2.0274187088012695e+001 5.6410388946533203e+001
  7.8969055175781250e+001 1 -1 4.5978863525390625e+002
  1.2572013854980469e+002 20. 1.3117890930175781e+002
  4.2666656494140625e+001 1 -1 4.6615667724609375e+002
  1.2881079101562500e+002 2.0733171463012695e+001
  1.0632658386230469e+002 4.3333023071289063e+001 1 -1
