<?xml version="1.0"?>
<opencv_storage>
<keyPoints>
  2.6517828369140625e+002 2.9899003982543945e+001
  1.4263157844543457e+001 8.9445617675781250e+001
  7.8054824829101563e+001 0 -1 2.6792248535156250e+002
  2.9716361999511719e+001 1.4114128112792969e+001
  8.9032791137695313e+001 7.3011230468750000e+001 0 -1
  2.8151278686523437e+002 4.9136814117431641e+001
  1.5308156967163086e+001 3.0944393920898437e+002
  1.5021771240234375e+002 0 -1 3.9861856079101563e+002
  5.1575401306152344e+001 1.4463415145874023e+001
  2.5533723831176758e+001 1.5436688232421875e+002 0 -1
  2.7938394165039063e+002 5.5503673553466797e+001
  1.3851675033569336e+001 7.6830955505371094e+001
  4.4766769409179688e+001 0 -1 4.2732385253906250e+002
  6.5485504150390625e+001 1.4318181991577148e+001
  2.2248315429687500e+002 7.8284088134765625e+001 0 -1
  2.0095072937011719e+002 7.3912849426269531e+001
  1.3623853683471680e+001 2.3704812622070312e+002
  1.3099194335937500e+002 0 -1 2.6400973510742188e+002
  7.5128723144531250e+001 1.4405940055847168e+001
  2.9504260253906250e+002 1.3912002563476562e+002 0 -1
  2.0079405212402344e+002 7.8607650756835938e+001
  1.2802845954895020e+001 2.1493194580078125e+002
  1.2346502685546875e+002 0 -1 2.6366824340820312e+002
  7.9620948791503906e+001 1.2949319839477539e+001
  3.1121350097656250e+002 1.1782827758789062e+002 0 -1
  4.2741720581054687e+002 8.1155929565429688e+001
  1.3730438232421875e+001 8.5478454589843750e+001
  5.7656539916992188e+001 0 -1 2.3275000000000000e+002
  9.4750000000000000e+001 18. 2.8200720214843750e+002
  8.1222656250000000e+001 0 -1 2.3320158386230469e+002
  9.4558860778808594e+001 1.6428571701049805e+001
  2.8482797241210937e+002 6.7440475463867188e+001 0 -1 235.
  9.4750000000000000e+001 18. 3.1794332885742187e+002 66. 0 -1
  2.3294047546386719e+002 9.6785209655761719e+001
  1.4236362457275391e+001 2.5589517211914062e+002
  6.3820449829101563e+001 0 -1 2.3504960632324219e+002
  9.7366752624511719e+001 1.1250714302062988e+001
  3.1432766723632812e+002 6.2195663452148438e+001 0 -1
  3.8038745117187500e+002 9.8681320190429688e+001
  1.5782608032226563e+001 3.1617108154296875e+002
  3.8570648193359375e+001 0 -1 2.3207641601562500e+002
  9.9976699829101563e+001 1.1792079925537109e+001
  1.4417880249023437e+002 7.5060638427734375e+001 0 -1
  3.7774346923828125e+002 1.0023561859130859e+002 12.
  2.9661926269531250e+002 54. 0 -1 2.3543721008300781e+002
  1.0121227264404297e+002 1.4260379791259766e+001
  5.3133457183837891e+001 7.4116027832031250e+001 0 -1
  3.7438873291015625e+002 1.0190006256103516e+002
  1.2442623138427734e+001 1.9778971862792969e+002
  4.7165985107421875e+001 0 -1 3.7753015136718750e+002
  1.6248991394042969e+002 1.4888889312744141e+001
  2.7980102539062500e+002 6.2259246826171875e+001 0 -1
  2.3346350097656250e+002 1.6320616149902344e+002
  1.1199999809265137e+001 2.8700842285156250e+002
  7.5800003051757813e+001 0 -1 2.3057194519042969e+002
  1.6498074340820312e+002 1.1966292381286621e+001
  1.9832167053222656e+002 6.5001403808593750e+001 0 -1
  2.3292744445800781e+002 1.6603131103515625e+002
  1.3594908714294434e+001 5.1369838714599609e+001
  6.2715362548828125e+001 0 -1 3.7775674438476562e+002
  1.6611517333984375e+002 1.2729729652404785e+001
  2.9959323120117187e+002 6.7547302246093750e+001 0 -1
  3.7455249023437500e+002 1.6668507385253906e+002
  1.2764705657958984e+001 2.1930635070800781e+002
  5.9414215087890625e+001 0 -1 3.7747235107421875e+002
  1.6941578674316406e+002 1.3859851837158203e+001
  4.7864196777343750e+001 7.7976348876953125e+001 0 -1
  2.3273545837402344e+002 2.3035937500000000e+002
  1.2906976699829102e+001 3.1741882324218750e+002
  8.5982574462890625e+001 0 -1 2.2960523986816406e+002
  2.3089041137695312e+002 1.2444444656372070e+001
  2.0712396240234375e+002 5.5148147583007812e+001 0 -1
  3.7466381835937500e+002 2.3244874572753906e+002
  1.4423077583312988e+001 2.4437707519531250e+002
  7.0240371704101563e+001 0 -1 3.7675622558593750e+002
  2.3272468566894531e+002 1.1733333587646484e+001
  3.0814892578125000e+002 7.8088897705078125e+001 0 -1
  2.3099569702148437e+002 2.9667456054687500e+002
  1.2529412269592285e+001 2.9039373779296875e+002
  6.2264709472656250e+001 0 -1 3.7338006591796875e+002
  2.9972756958007812e+002 1.4853658676147461e+001
  2.4827557373046875e+002 6.7637191772460938e+001 0 -1
  3.7541897583007812e+002 2.9911587524414062e+002
  1.2679999351501465e+001 2.9993194580078125e+002
  7.2481689453125000e+001 0 -1 3.7568692016601562e+002
  3.0337823486328125e+002 15. 5.0159717559814453e+001
  5.4250000000000000e+001 0 -1 2.8074676513671875e+002
  4.9263969421386719e+001 2.1009340286254883e+001
  2.9889080810546875e+002 1.5792251586914062e+002 1 -1
  3.9704797363281250e+002 5.2500000000000000e+001 24.
  3.5362834930419922e+001 1.7078710937500000e+002 1 -1
  4.3856976318359375e+002 5.2500000000000000e+001 24.
  2.8456927490234375e+002 6.1453125000000000e+001 1 -1
  4.3720437622070312e+002 6.7063613891601563e+001
  1.7514980316162109e+001 1.8757562637329102e+001
  5.7632904052734375e+001 1 -1 3.3888061523437500e+002
  8.0899154663085937e+001 1.8756799697875977e+001
  1.5349311828613281e+002 1.6956782531738281e+002 1 -1
  2.3315301513671875e+002 9.7673553466796875e+001 16.
  2.8012564086914063e+002 6.5333335876464844e+001 1 -1
  3.7599530029296875e+002 1.0042396545410156e+002 15.
  2.5725128173828125e+002 5.4375000000000000e+001 1 -1
  3.7112475585937500e+002 1.0076313781738281e+002
  1.9306304931640625e+001 2.0619186401367187e+002
  9.7864898681640625e+001 1 -1 2.2756495666503906e+002
  1.6422729492187500e+002 2.0384613037109375e+001
  1.9587632751464844e+002 9.5080108642578125e+001 1 -1
  2.3182263183593750e+002 1.6356938171386719e+002
  1.6399999618530273e+001 2.5053633117675781e+002
  7.5133331298828125e+001 1 -1 2.2749365234375000e+002
  1.6734231567382812e+002 2.0333332061767578e+001
  1.5997378540039062e+002 1.0440277099609375e+002 1 -1
  3.7105899047851562e+002 1.6908793640136719e+002
  1.9593750000000000e+001 1.7527606201171875e+002
  1.0125781250000000e+002 1 -1 3.7530569458007813e+002
  2.3252124023437500e+002 1.6500000000000000e+001
  2.6810168457031250e+002 7.2500000000000000e+001 1 -1
  2.3018804931640625e+002 2.9669274902343750e+002
  1.5857142448425293e+001 2.7225201416015625e+002
  5.9678573608398437e+001 1 -1 3.7050000000000000e+002
  2.9850000000000000e+002 24. 2.0005331420898437e+002
  1.2511132812500000e+002 1 -1 3.7337344360351562e+002
  2.9898736572265625e+002 1.6090908050537109e+001
  2.5449453735351562e+002 7.0670455932617188e+001 1 -1
  2.8099249267578125e+002 4.9511337280273438e+001
  2.1040164947509766e+001 3.0011230468750000e+002
  1.5605711364746094e+002 2 -1 3.9731277465820312e+002
  5.1995220184326172e+001 2.6906135559082031e+001
  4.5879631042480469e+001 1.7113740539550781e+002 2 -1
  2.2824050903320312e+002 5.7441116333007813e+001
  3.1077053070068359e+001 3.2311514282226562e+002
  6.2769165039062500e+001 2 -1 2.0324227905273437e+002
  5.7031764984130859e+001 2.9263191223144531e+001
  2.8974438476562500e+002 6.4684448242187500e+001 2 -1
  4.2651330566406250e+002 6.7093635559082031e+001
  2.5470054626464844e+001 2.4291128540039062e+002
  8.1922843933105469e+001 2 -1 4.3878244018554687e+002
  6.5975677490234375e+001 2.9701732635498047e+001
  3.4113012695312500e+002 6.0087726593017578e+001 2 -1
  2.0098915100097656e+002 7.4947265625000000e+001
  2.2452911376953125e+001 3.7872772216796875e+001
  1.0654912567138672e+002 2 -1 2.6403460693359375e+002
  7.5371429443359375e+001 2.2059944152832031e+001
  3.1637417602539062e+002 1.2052199554443359e+002 2 -1
  3.4112408447265625e+002 7.9948928833007812e+001
  2.7892074584960937e+001 1.5221379089355469e+002
  2.0308464050292969e+002 2 -1 4.2625238037109375e+002
  7.9462677001953125e+001 2.7093967437744141e+001
  9.4928840637207031e+001 7.4823516845703125e+001 2 -1
  2.3050000000000000e+002 9.6500000000000000e+001
  2.5973896026611328e+001 6.0716640472412109e+001
