%YAML:1.0
---
recording:
   type: VideoRecording
   recordId: Action_20171124T115004
   channelId: main
   timeStamp: "131559978041900000"
   sessionTimestamp: "0"
   width: -1
   height: -1
   frameCount: 163
   fps: 2.9969999999999999e+001
   recordingType: 2000
   frameTransformRect: [ [ -1, -1 ], [ -1, -1 ], [ -1, -1 ], [ -1, -1 ] ]
   trackingMode: 1
   segments:
      - { startFrame:0, stopFrame:156, segmentType:1000, focusFrame:-1,
          focusPoint:{ values:[ -1., -1. ], type:Vector2 }, isFragment:0 }
   framesRelTs: [ "0", "330000", "650000", "960000", "1290000",
       "1760000", "2080000", "2400000", "2720000", "3040000", "3360000",
       "3680000", "4010000", "4320000", "4640000", "4960000", "5290000",
       "5600000", "6080000", "6410000", "6730000", "7040000", "7370000",
       "7680000", "8000000", "8320000", "8640000", "8970000", "9280000",
       "9600000", "10080000", "10400000", "10720000", "11040000",
       "11360000", "11680000", "12000000", "12320000", "12640000",
       "12960000", "13280000", "13600000", "13930000", "14400000",
       "14720000", "15050000", "15360000", "15680000", "16000000",
       "16330000", "16650000", "16960000", "17290000", "17600000",
       "17920000", "18400000", "18730000", "19050000", "19360000",
       "19680000", "20010000", "20320000", "20640000", "20970000",
       "21290000", "21600000", "21920000", "22290000", "22760000",
       "23040000", "23370000", "23690000", "24000000", "24320000",
       "24640000", "25100000", "25380000", "25620000", "25930000",
       "26240000", "26720000", "27040000", "27360000", "27690000",
       "28010000", "28330000", "28640000", "28970000", "29280000",
       "29600000", "29920000", "30240000", "30730000", "31040000",
       "31360000", "31680000", "32000000", "32320000", "32640000",
       "32960000", "33290000", "33600000", "33930000", "34250000",
       "34570000", "35050000", "35370000", "35690000", "36000000",
       "36320000", "36650000", "36970000", "37280000", "37600000",
       "37930000", "38250000", "38570000", "39040000", "39370000",
       "39680000", "40000000", "40320000", "40640000", "40970000",
       "41290000", "41610000", "41930000", "42260000", "42570000",
       "42880000", "43490000", "43710000", "44000000", "44320000",
       "44640000", "44970000", "45280000", "45600000", "45930000",
       "46240000", "46570000", "46890000", "47360000", "47680000",
       "48000000", "48320000", "48640000", "48970000", "49290000",
       "49610000", "49930000", "50260000", "50570000", "50880000",
       "51200000", "51690000", "52000000", "52330000", "52640000",
       "52960000", "53290000", "53600000", "53940000" ]
   chunks:
      - { path:"Recordings/Action_20171124T115004/recording.avi",
          startFrameIdx:0 }
