%YAML:1.0
---
recording:
   type: VideoRecording
   recordId: Action_20180109T151600
   channelId: main
   timeStamp: "131599845607000000"
   sessionTimestamp: "0"
   width: -1
   height: -1
   frameCount: 106
   fps: 2.9969999999999999e+001
   recordingType: 2000
   frameTransformRect: [ [ -1, -1 ], [ -1, -1 ], [ -1, -1 ], [ -1, -1 ] ]
   trackingMode: 0
   segments:
      - { startFrame:34, stopFrame:54, segmentType:2000, focusFrame:-1,
          focusPoint:{ values:[ -1., -1. ], type:Vector2 }, isFragment:0 }
      - { startFrame:0, stopFrame:99, segmentType:1000, focusFrame:-1,
          focusPoint:{ values:[ -1., -1. ], type:Vector2 }, isFragment:0 }
   framesRelTs: [ "0", "230000", "480000", "810000", "1670000",
       "1850000", "2010000", "2190000", "2450000", "2770000", "3100000",
       "3440000", "3770000", "4090000", "4420000", "4750000", "5080000",
       "5410000", "5730000", "6070000", "6400000", "6730000", "7070000",
       "7400000", "7710000", "8040000", "8460000", "8710000", "9020000",
       "9360000", "9680000", "10020000", "10340000", "10670000",
       "11040000", "11330000", "11660000", "11850000", "12390000",
       "12570000", "12810000", "13140000", "13470000", "13790000",
       "14110000", "14450000", "14930000", "15270000", "15590000",
       "15780000", "16280000", "16570000", "16760000", "17080000",
       "17400000", "17730000", "18060000", "18390000", "18710000",
       "19040000", "19370000", "19710000", "20030000", "20350000",
       "20690000", "21010000", "21370000", "21810000", "22030000",
       "22340000", "22670000", "22990000", "23320000", "23640000",
       "23980000", "24300000", "24630000", "24960000", "25280000",
       "25610000", "25940000", "26280000", "26630000", "26940000",
       "27270000", "27600000", "27930000", "28270000", "28580000",
       "28910000", "29260000", "29570000", "29910000", "30230000",
       "30560000", "30890000", "31210000", "31540000", "31870000",
       "32220000", "32520000", "32860000", "33190000", "33540000",
       "33850000", "34370000" ]
   chunks:
      - { path:"Recordings/Action_20180109T151600/recording.avi",
          startFrameIdx:0 }
