%YAML:1.0
---
recording:
   type: VideoRecording
   recordId: Action_20171121T162523
   channelId: streamed D5803
   timeStamp: "131557551235800000"
   sessionTimestamp: "0"
   width: -1
   height: -1
   frameCount: 75
   fps: 2.9969999999999999e+001
   recordingType: 2000
   frameTransformRect: [ [ -1, -1 ], [ -1, -1 ], [ -1, -1 ], [ -1, -1 ] ]
   trackingMode: 1
   segments:
      - { startFrame:30, stopFrame:60, segmentType:2000, focusFrame:-1,
          focusPoint:{ values:[ -1., -1. ], type:Vector2 }, isFragment:0 }
      - { startFrame:0, stopFrame:68, segmentType:1000, focusFrame:-1,
          focusPoint:{ values:[ -1., -1. ], type:Vector2 }, isFragment:0 }
   framesRelTs: [ "0", "610000", "1900000", "2970000", "3720000",
       "4470000", "5240000", "6020000", "6730000", "7480000", "8270000",
       "8980000", "9720000", "10500000", "11280000", "11970000",
       "12680000", "13390000", "14170000", "14850000", "15640000",
       "16420000", "17140000", "17880000", "18670000", "19380000",
       "20180000", "20930000", "21720000", "22440000", "23230000",
       "24000000", "24740000", "25490000", "26290000", "27080000",
       "27850000", "28580000", "29340000", "30140000", "30950000",
       "31810000", "32560000", "33310000", "34050000", "34860000",
       "35590000", "36320000", "37100000", "37850000", "38600000",
       "39330000", "40040000", "40820000", "41560000", "42350000",
       "43100000", "43830000", "44540000", "45300000", "46040000",
       "46790000", "47590000", "48280000", "49040000", "49840000",
       "50590000", "51320000", "52040000", "52830000", "53550000",
       "54280000", "55080000", "55810000", "57010000" ]
   chunks:
      - { path:"Recordings/Action_20171121T162523/recording.avi",
          startFrameIdx:0 }
