<?xml version="1.0"?>
<opencv_storage>
<keyPoints>
  3.9882315063476562e+002 4.7516597747802734e+001
  1.3542055130004883e+001 3.4606484985351562e+002
  1.2753390502929688e+002 0 -1 230. 5.3239997863769531e+001
  1.5719999313354492e+001 3.0924163818359375e+002
  3.9804992675781250e+001 0 -1 2.7930368041992187e+002
  5.2981369018554688e+001 1.3551724433898926e+001
  7.5014045715332031e+001 3.7969825744628906e+001 0 -1
  2.4648710632324219e+002 8.0786209106445313e+001
  1.3690908432006836e+001 3.1053729248046875e+002
  6.7184082031250000e+001 0 -1 3.9785464477539062e+002
  8.1762168884277344e+001 1.2882352828979492e+001
  2.9789285278320312e+002 3.9367645263671875e+001 0 -1
  3.1731204223632812e+002 8.7922355651855469e+001
  1.5579738616943359e+001 1.5069000244140625e+002
  1.6736584472656250e+002 0 -1 3.2275000000000000e+002
  8.8750000000000000e+001 18. 1.2770806121826172e+002 62. 0 -1
  1.7915264892578125e+002 9.1157394409179688e+001
  1.2666666984558105e+001 8.0516670227050781e+001
  3.5222221374511719e+001 0 -1 1.8476560974121094e+002
  9.1206398010253906e+001 1.1108108520507813e+001
  9.7828468322753906e+001 3.4408782958984375e+001 0 -1
  1.9570013427734375e+002 9.0654647827148438e+001
  1.4407407760620117e+001 2.0205020141601562e+002
  1.1452005004882812e+002 0 -1 2.1060542297363281e+002
  9.1546730041503906e+001 1.4922431945800781e+001
  3.3641183471679687e+002 3.4042945861816406e+001 0 -1
  3.3872933959960937e+002 9.1404182434082031e+001
  1.3636480331420898e+001 4.8616703033447266e+001
  4.1010810852050781e+001 0 -1 2.6026889038085937e+002
  9.3360382080078125e+001 1.3200000762939453e+001
  2.7782999038696289e+001 3.7599998474121094e+001 0 -1
  1.9507035827636719e+002 9.4079940795898438e+001
  1.3849815368652344e+001 1.2921191406250000e+002
  3.3595443725585938e+001 0 -1 4.2797567749023437e+002
  1.0702693939208984e+002 1.4485713958740234e+001
  2.6667959594726562e+002 4.8003570556640625e+001 0 -1
  4.4445101928710937e+002 1.0710090637207031e+002
  1.4636363983154297e+001 2.7368493652343750e+002
  4.6185607910156250e+001 0 -1 4.5764663696289062e+002
  1.0748645019531250e+002 1.2254445075988770e+001
  2.7198626708984375e+002 3.6217353820800781e+001 0 -1
  4.6379147338867187e+002 1.0723095703125000e+002
  1.3285713195800781e+001 2.7539440917968750e+002
  4.9964294433593750e+001 0 -1 4.8007040405273437e+002
  1.0768315887451172e+002 1.2341772079467773e+001
  3.2352703857421875e+002 4.4128143310546875e+001 0 -1
  4.8071926879882813e+002 1.1103971862792969e+002
  1.2567566871643066e+001 3.4444284057617187e+002
  4.4331085205078125e+001 0 -1 4.3211080932617188e+002
  1.1477732086181641e+002 1.3332984924316406e+001
  8.6644340515136719e+001 3.5854324340820313e+001 0 -1
  4.4628640747070312e+002 1.1449042510986328e+002
  1.3727272033691406e+001 8.6805519104003906e+001
  3.9367416381835938e+001 0 -1 4.5289117431640625e+002
  1.1511995697021484e+002 1.2058824539184570e+001
  8.8539337158203125e+001 4.2002441406250000e+001 0 -1
  4.6178906250000000e+002 1.1523267364501953e+002
  1.2904761314392090e+001 9.1721214294433594e+001
  6.0716262817382812e+001 0 -1 3.5406750488281250e+002
  1.1613529968261719e+002 12. 3.4065734863281250e+002 39. 0 -1
  4.6996954345703125e+002 1.1547814941406250e+002
  1.3958351135253906e+001 6.1234004974365234e+001
  4.4298522949218750e+001 0 -1 1.9605345153808594e+002
  1.1800784301757812e+002 1.1500000000000000e+001
  2.5265972900390625e+002 4.3166671752929688e+001 0 -1 205.
  1.1838903045654297e+002 1.4273281097412109e+001
  3.2975173950195312e+002 8.6182373046875000e+001 0 -1
  2.6393508911132812e+002 1.1918170928955078e+002
  1.2924222946166992e+001 2.3262890625000000e+002
  8.3906951904296875e+001 0 -1 4.0934030151367187e+002
  1.1941381072998047e+002 1.3556961059570312e+001
  1.4035697937011719e+002 1.2265982055664062e+002 0 -1
  4.8032595825195312e+002 1.2026188659667969e+002
  1.6117557525634766e+001 5.5812511444091797e+001
  9.0568176269531250e+001 0 -1 2.0631698608398437e+002
  1.2444754791259766e+002 1.4417184829711914e+001
  1.7169597625732422e+001 1.0127636718750000e+002 0 -1
  3.4384631347656250e+002 1.2402587890625000e+002
  1.1618181228637695e+001 1.5720703125000000e+002
  5.5111358642578125e+001 0 -1 3.4977359008789063e+002
  1.2419724273681641e+002 1.2782211303710938e+001
  5.7201714515686035e+000 1.1715637207031250e+002 0 -1
  4.7910342407226562e+002 1.2448818969726562e+002
  1.2711647033691406e+001 8.1254943847656250e+001
  3.9099517822265625e+001 0 -1 4.0689215087890625e+002
  1.2645130157470703e+002 15. 1.2131912994384766e+002
  7.0375000000000000e+001 0 -1 2.3550039672851563e+002
  1.6658363342285156e+002 1.3799999237060547e+001
  9.8458595275878906e+001 3.1574996948242188e+001 0 -1
  3.3734326171875000e+002 1.7012367248535156e+002
  1.3500000000000000e+001 5.5020286560058594e+001
  4.0250000000000000e+001 0 -1 2.1480752563476562e+002
  1.7837738037109375e+002 1.5285715103149414e+001
  3.1399597167968750e+002 3.5148811340332031e+001 0 -1
  2.0671638488769531e+002 1.8872676086425781e+002
  1.4067493438720703e+001 3.1638168334960937e+002
  5.1726531982421875e+001 0 -1 2.0991514587402344e+002
  1.9120169067382812e+002 1.1495049476623535e+001
  3.1650363159179687e+002 1.1735766601562500e+002 0 -1
  2.6622085571289062e+002 1.9143479919433594e+002
  1.3317485809326172e+001 2.6854351806640625e+002
  8.9561965942382812e+001 0 -1 2.7482330322265625e+002
  1.9102262878417969e+002 1.1651163101196289e+001
  2.6513400268554687e+002 3.7072669982910156e+001 0 -1
  2.7234210205078125e+002 1.9193556213378906e+002
  1.3421052932739258e+001 2.6466238403320312e+002
  5.7065780639648437e+001 0 -1 2.7870629882812500e+002
  1.9184461975097656e+002 1.2111110687255859e+001
  2.8416253662109375e+002 5.8009262084960937e+001 0 -1
  3.2531848144531250e+002 1.9214958190917969e+002
  1.4727272987365723e+001 3.0052972412109375e+002
  3.9272727966308594e+001 0 -1 3.4589733886718750e+002
  1.9212779235839844e+002 1.4177585601806641e+001
  2.7193466186523437e+002 1.3324722290039062e+002 0 -1
  4.1680895996093750e+002 1.9233685302734375e+002
  1.3764705657958984e+001 2.9183813476562500e+002
  3.5470596313476562e+001 0 -1 4.0230227661132812e+002
  1.9284310913085937e+002 1.2529412269592285e+001
  2.8585638427734375e+002 3.5132354736328125e+001 0 -1
  4.0680676269531250e+002 1.9275361633300781e+002
  1.2918367385864258e+001 2.8840518188476562e+002
  5.5573974609375000e+001 0 -1 4.8186090087890625e+002
  1.9282891845703125e+002 1.3639713287353516e+001
  3.0356439208984375e+002 6.3979919433593750e+001 0 -1 211.
  1.9431199645996094e+002 1.2143815994262695e+001
  3.1555917358398437e+002 6.2743682861328125e+001 0 -1
  2.7497073364257813e+002 1.9395764160156250e+002
  1.1538461685180664e+001 2.5973461914062500e+002
  3.0076927185058594e+001 0 -1 4.9591497802734375e+002
  1.9410981750488281e+002 1.3636363983154297e+001
  2.1035961914062500e+002 5.9636367797851563e+001 0 -1 236.
  1.9591593933105469e+002 1.5199999809265137e+001
  3.0408319091796875e+002 4.4266662597656250e+001 0 -1
  3.7918661499023437e+002 1.9643260192871094e+002
  1.4541105270385742e+001 2.6328121948242187e+002
  3.8100509643554688e+001 0 -1 2.3567268371582031e+002
  1.9758566284179687e+002 1.4853658676147461e+001
  3.1072640991210937e+002 4.7637191772460938e+001 0 -1
  4.8050637817382812e+002 2.4793287658691406e+002
  1.3897350311279297e+001 2.7918206787109375e+002
  4.2392646789550781e+001 0 -1 2.6305346679687500e+002
  2.4888392639160156e+002 1.4379309654235840e+001
  2.0165879821777344e+002 4.7280166625976563e+001 0 -1
  3.5368572998046875e+002 2.5036819458007812e+002
  1.2359999656677246e+001 3.5146972656250000e+002
  3.3044998168945313e+001 0 -1 4.1105572509765625e+002
  2.4933346557617187e+002 1.4533981323242188e+001
  2.2920495605468750e+002 1.4818569946289062e+002 0 -1
  4.1684271240234375e+002 2.5309390258789063e+002
  1.1555555343627930e+001 2.3775453186035156e+002
  3.7148147583007812e+001 0 -1 2.6303982543945312e+002
