<?xml version="1.0"?>
<opencv_storage>
<keyPoints>
  3.1037429809570312e+002 2.6262701034545898e+001
  1.2150000572204590e+001 8.6286384582519531e+001
  3.9012504577636719e+001 0 -1 3.1473971557617187e+002
  2.6569564819335937e+001 1.2243242263793945e+001
  8.3682586669921875e+001 3.4030403137207031e+001 0 -1
  2.6510101318359375e+002 2.7157285690307617e+001
  1.5774859428405762e+001 9.0875968933105469e+001
  4.6959350585937500e+001 0 -1 2.6700424194335937e+002
  2.7485813140869141e+001 1.4384614944458008e+001
  9.0205604553222656e+001 5.3080123901367188e+001 0 -1
  3.8873620605468750e+002 2.7367589950561523e+001
  1.6465370178222656e+001 9.4513435363769531e+001
  5.2677337646484375e+001 0 -1 3.9147235107421875e+002
  2.7386926651000977e+001 1.2951630592346191e+001
  9.4340782165527344e+001 5.4622497558593750e+001 0 -1
  4.0251580810546875e+002 2.7369495391845703e+001
  1.4333333015441895e+001 9.0981460571289063e+001
  3.5041664123535156e+001 0 -1 3.7445687866210937e+002
  4.2517944335937500e+001 1.3894737243652344e+001
  1.9744409179687500e+002 4.4894729614257813e+001 0 -1
  3.9837710571289062e+002 4.6040176391601563e+001
  1.4486181259155273e+001 2.0421929359436035e+000
  1.6434796142578125e+002 0 -1 2.7539721679687500e+002
  4.8513072967529297e+001 1.4736694335937500e+001
  1.5099826049804687e+002 5.2481445312500000e+001 0 -1
  2.7868215942382812e+002 5.1666545867919922e+001
  1.3500000000000000e+001 8.3583869934082031e+001
  5.6625000000000000e+001 0 -1 2.1667504882812500e+002
  6.9569244384765625e+001 1.4535526275634766e+001
  2.7143908691406250e+002 1.4398721313476562e+002 0 -1
  2.8188113403320312e+002 7.0041313171386719e+001
  1.4395168304443359e+001 2.7578256225585937e+002
  1.7989910888671875e+002 0 -1 4.5087609863281250e+002
  7.1615615844726562e+001 1.3799999237060547e+001
  1.2990797424316406e+002 8.8375000000000000e+001 0 -1
  2.8161697387695312e+002 7.6621650695800781e+001
  1.3172185897827148e+001 2.7230517578125000e+002
  1.5088165283203125e+002 0 -1 4.5109234619140625e+002
  7.8276145935058594e+001 1.3173913955688477e+001
  1.2572079467773437e+002 3.1440223693847656e+001 0 -1
  2.5075000000000000e+002 9.4750000000000000e+001 18.
  2.8843811035156250e+002 6.1222656250000000e+001 0 -1
  4.0065167236328125e+002 9.8430648803710937e+001
  1.3105262756347656e+001 2.2525283813476562e+002
  3.9967102050781250e+001 0 -1 4.0051202392578125e+002
  1.0018460845947266e+002 1.3975608825683594e+001
  2.5449623107910156e+002 3.7222549438476562e+001 0 -1
  2.5319769287109375e+002 1.6640653991699219e+002
  1.3758621215820313e+001 1.9142704772949219e+002
  5.0491378784179688e+001 0 -1 4.0011007690429687e+002
  1.6773893737792969e+002 1.3367900848388672e+001
  1.9997784423828125e+002 3.3764205932617188e+001 0 -1
  3.9951739501953125e+002 2.3548825073242187e+002
  1.4700912475585938e+001 1.4818821716308594e+002
  4.0838821411132812e+001 0 -1 395. 3.0175000000000000e+002 18.
  6.3652446746826172e+001 47. 0 -1 398. 3.0285183715820313e+002
  1.4555555343627930e+001 1.0045783233642578e+002
  3.4449073791503906e+001 0 -1 3.9867935180664062e+002
  3.0574780273437500e+002 1.3058822631835938e+001
  1.5991485595703125e+002 5.5058807373046875e+001 0 -1
  2.6671166992187500e+002 2.6885944366455078e+001
  1.6336486816406250e+001 9.1168243408203125e+001
  5.3558860778808594e+001 1 -1 3.9678546142578125e+002
  4.6477813720703125e+001 2.3787820816040039e+001
  8.7185066223144531e+001 2.0964620971679687e+002 1 -1
  4.5052209472656250e+002 7.1136657714843750e+001
  1.6807796478271484e+001 1.4002462768554687e+002
  9.1447944641113281e+001 1 -1 2.1644006347656250e+002
  7.4758377075195313e+001 1.7279119491577148e+001
  2.7367279052734375e+002 8.7209487915039063e+001 1 -1
  2.8140289306640625e+002 7.5944145202636719e+001
  1.7042552947998047e+001 2.7548703002929687e+002
  1.2659840393066406e+002 1 -1 3.9628302001953125e+002
  9.7120071411132813e+001 2.0177898406982422e+001
  2.8721722412109375e+002 6.1192245483398437e+001 1 -1
  3.9422821044921875e+002 9.8813964843750000e+001
  2.1391551971435547e+001 2.8834042358398437e+002
  5.6959609985351563e+001 1 -1 2.5128109741210937e+002
  1.6660417175292969e+002 2.1500000000000000e+001
  3.0112017822265625e+002 8.9125000000000000e+001 1 -1
  3.9618600463867187e+002 1.6650000000000000e+002 24.
  3.2854943847656250e+002 7.2505859375000000e+001 1 -1
  2.4910452270507812e+002 2.3250000000000000e+002 24.
  3.1266333007812500e+002 1.0245410156250000e+002 1 -1
  3.9450000000000000e+002 3.0650000000000000e+002 24.
  6.0641983032226563e+001 6.7444335937500000e+001 1 -1
  3.7461614990234375e+002 4.2114208221435547e+001
  2.1947368621826172e+001 1.1035358428955078e+002
  4.4370616912841797e+001 2 -1 2.7955187988281250e+002
  4.5528732299804688e+001 2.8509172439575195e+001
  8.5783477783203125e+001 2.0822929382324219e+002 2 -1
  3.9725549316406250e+002 4.6161773681640625e+001
  2.4195056915283203e+001 8.7914382934570313e+001
  2.0713110351562500e+002 2 -1 2.0316516113281250e+002
  5.4109352111816406e+001 2.9596851348876953e+001
  3.4198193359375000e+002 8.1712524414062500e+001 2 -1
  4.5076757812500000e+002 5.7035289764404297e+001
  2.2527650833129883e+001 2.0025823974609375e+002
  1.2159231567382812e+002 2 -1 2.8225994873046875e+002
  7.0976051330566406e+001 2.2245393753051758e+001
  2.8093194580078125e+002 1.6601148986816406e+002 2 -1
  2.5010124206542969e+002 9.7802764892578125e+001
  3.0889720916748047e+001 2.8187622070312500e+002
  9.5373756408691406e+001 2 -1 3.9645568847656250e+002
  9.9680770874023438e+001 2.9278511047363281e+001
  2.8582107543945312e+002 6.8057975769042969e+001 2 -1
  2.4954804992675781e+002 1.6579591369628906e+002
  3.0476617813110352e+001 3.1007025146484375e+002
  1.0314382171630859e+002 2 -1 2.4942349243164062e+002
  1.6714959716796875e+002 3.0547994613647461e+001
  3.1007745361328125e+002 1.0595932769775391e+002 2 -1
  3.9581237792968750e+002 1.6785063171386719e+002
  3.0088371276855469e+001 3.2373406982421875e+002
  8.1069923400878906e+001 2 -1 4.8436920166015625e+002
  1.8045545959472656e+002 3.5400001525878906e+001
  2.6270907592773437e+002 5.0025005340576172e+001 2 -1
  2.4904200744628906e+002 2.3382452392578125e+002
  2.8777561187744141e+001 3.0439529418945312e+002
  1.1148799896240234e+002 2 -1 2.5111708068847656e+002
  2.3487934875488281e+002 2.7612161636352539e+001
  3.0021817016601562e+002 1.0834753417968750e+002 2 -1
  2.4898904418945312e+002 2.3701422119140625e+002
  2.8425973892211914e+001 3.0049810791015625e+002
  1.0729227447509766e+002 2 -1 3.9534353637695312e+002
  3.0448394775390625e+002 2.7401441574096680e+001
  5.8567115783691406e+001 7.1092811584472656e+001 2 -1
  3.9725970458984375e+002 4.6123138427734375e+001 24.
  8.7867057800292969e+001 2.0712207031250000e+002 3 -1
  4.5096661376953125e+002 6.8198410034179687e+001
  3.2404014587402344e+001 2.3056210327148437e+002
  7.7917068481445313e+001 3 -1 2.7324588012695312e+002
  7.7767410278320312e+001 3.5319622039794922e+001
  2.7830764770507812e+002 3.9069305419921875e+001 3 -1
  2.8924328613281250e+002 7.7977706909179688e+001
  3.3927875518798828e+001 2.8279980468750000e+002
  3.7642730712890625e+001 3 -1 2.4993200683593750e+002
  9.8109687805175781e+001 3.4217567443847656e+001
  2.8399624633789062e+002 9.0568939208984375e+001 3 -1
  2.4891925048828125e+002 1.6681843566894531e+002
  3.5930709838867188e+001 3.1143545532226562e+002
  1.0390660858154297e+002 3 -1 3.9576669311523437e+002
  1.6769253540039062e+002 3.4738399505615234e+001
  3.2368731689453125e+002 7.5385986328125000e+001 3 -1
  2.4876113891601562e+002 2.3515338134765625e+002
  3.6666717529296875e+001 3.0296395874023437e+002
  1.1359382629394531e+002 3 -1 3.9545672607421875e+002
  2.3634274291992187e+002 3.3960700988769531e+001
  1.1199330329895020e+001 7.6986724853515625e+001 3 -1
  3.9473950195312500e+002 3.0466256713867187e+002
  3.4055438995361328e+001 5.6043418884277344e+001
  7.2469970703125000e+001 3 -1 2.7017578125000000e+002
  7.6948104858398438e+001 4.8631576538085937e+001
