<?xml version="1.0"?>
<opencv_storage>
<keyPoints>
  3.8889300537109375e+002 3.0064409255981445e+001
  1.1137748718261719e+001 1.9605276489257812e+002
  3.0582283020019531e+001 0 -1 2.6547076416015625e+002
  3.0423183441162109e+001 1.5535066604614258e+001
  8.9586746215820312e+001 7.8223861694335938e+001 0 -1
  2.7951330566406250e+002 5.1336441040039063e+001
  1.6481765747070312e+001 2.9872387695312500e+002
  1.3321557617187500e+002 0 -1 2.7960519409179687e+002
  5.5790424346923828e+001 1.3538461685180664e+001
  7.7040527343750000e+001 4.4782043457031250e+001 0 -1
  4.3159774780273437e+002 6.8459808349609375e+001
  1.3560811042785645e+001 2.2660591125488281e+002
  7.7256088256835938e+001 0 -1 4.4558499145507812e+002
  6.8924255371093750e+001 1.4225805282592773e+001
  2.4258363723754883e+001 3.8133056640625000e+001 0 -1
  2.0557031250000000e+002 7.4208305358886719e+001
  1.3579996109008789e+001 1.3927830696105957e+001
  1.2327038574218750e+002 0 -1 2.6860116577148437e+002
  7.5913345336914062e+001 1.3800289154052734e+001
  2.9253097534179687e+002 1.3685983276367187e+002 0 -1
  2.0537179565429687e+002 7.8605934143066406e+001
  1.2875155448913574e+001 4.4610607147216797e+001
  1.1326101684570312e+002 0 -1 2.6843591308593750e+002
  7.9763839721679688e+001 1.3422486305236816e+001
  3.0115277099609375e+002 1.2068814086914062e+002 0 -1
  4.3152536010742187e+002 8.3702003479003906e+001
  1.3909090042114258e+001 8.4571746826171875e+001
  6.6784088134765625e+001 0 -1 4.6615939331054687e+002
  9.8073211669921875e+001 1.1903225898742676e+001
  2.5380158996582031e+002 3.4004035949707031e+001 0 -1
  4.7656423950195312e+002 9.9002304077148438e+001
  1.3709676742553711e+001 2.8979229736328125e+002
  1.0777554321289062e+002 0 -1 2.3651541137695312e+002
  1.0111360168457031e+002 1.3514259338378906e+001
  6.3852577209472656e+001 3.4751480102539063e+001 0 -1
  3.7958630371093750e+002 1.0557621002197266e+002
  1.3911067962646484e+001 2.8069189453125000e+002
  3.5384170532226563e+001 0 -1 4.8420678710937500e+002
  1.0628493499755859e+002 1.3386855125427246e+001
  3.1050912475585937e+002 7.6534530639648438e+001 0 -1
  4.4992584228515625e+002 1.1459176635742187e+002
  1.2512194633483887e+001 1.7801274108886719e+002
  3.5149383544921875e+001 0 -1 4.7920794677734375e+002
  1.1627798461914062e+002 1.3043478012084961e+001
  1.9946597290039062e+002 3.2695648193359375e+001 0 -1
  4.8155810546875000e+002 1.1853811645507812e+002
  1.5795364379882813e+001 1.0711216926574707e+001
  1.0278848266601562e+002 0 -1 4.5433334350585937e+002
  1.2058450317382813e+002 1.4823529243469238e+001
  1.2110002899169922e+002 6.2764694213867188e+001 0 -1 455. 122.
  1.2647058486938477e+001 7.9514030456542969e+001
  5.4296569824218750e+001 0 -1 4.6139709472656250e+002
  1.3553512573242187e+002 1.3631266593933105e+001
  1.1020368194580078e+002 6.6187515258789063e+001 0 -1
  2.3474803161621094e+002 1.6661010742187500e+002
  1.2636363029479980e+001 2.1101455688476562e+002
  3.4185600280761719e+001 0 -1 2.4305120849609375e+002
  1.6785884094238281e+002 15. 3.5293411254882812e+002
  3.2375000000000000e+001 0 -1 4.3902841186523437e+002
  1.7080447387695312e+002 1.2306121826171875e+001
  2.6756072998046875e+002 5.6063766479492187e+001 0 -1
  3.7844253540039062e+002 1.7148835754394531e+002
  1.4416105270385742e+001 2.0496516418457031e+002
  3.8930160522460938e+001 0 -1 4.4105072021484375e+002
  1.7573190307617187e+002 1.3285713195800781e+001
  2.7745223999023437e+002 4.8803565979003906e+001 0 -1
  4.3160140991210937e+002 1.7944047546386719e+002
  1.3153846740722656e+001 2.5220925903320312e+002
  4.1721145629882813e+001 0 -1 4.9285803222656250e+002
  1.7891595458984375e+002 1.1709677696228027e+001
  2.5446356201171875e+002 3.2036293029785156e+001 0 -1
  4.6005841064453125e+002 1.8562500000000000e+002
  1.3875000000000000e+001 3.2067080688476562e+002
  4.4343750000000000e+001 0 -1 4.2222439575195312e+002
  1.9266950988769531e+002 1.4928571701049805e+001
  1.7751577758789063e+002 1.2200595092773437e+002 0 -1
  4.2868719482421875e+002 1.9594247436523437e+002
  1.3200000762939453e+001 8.6529998779296875e+001
  3.2599998474121094e+001 0 -1 4.5669641113281250e+002
  1.9731938171386719e+002 1.4250000000000000e+001
  1.1299103736877441e+001 7.1375000000000000e+001 0 -1
  4.2951651000976562e+002 1.9978572082519531e+002
  1.4357142448425293e+001 1.1935146331787109e+002
  4.1160713195800781e+001 0 -1 4.8696585083007812e+002
  2.0032896423339844e+002 1.3714286804199219e+001
  1.2720212554931641e+002 7.7285720825195313e+001 0 -1 430.
  2.0102082824707031e+002 1.2500000000000000e+001
  1.0223020172119141e+002 3.6125000000000000e+001 0 -1
  4.9006423950195312e+002 2.0565643310546875e+002
  1.3714286804199219e+001 1.2429609680175781e+002
  5.7714294433593750e+001 0 -1 4.9296429443359375e+002
  2.0574459838867187e+002 1.2750000000000000e+001
  1.6747106933593750e+002 3.3187500000000000e+001 0 -1
  4.3595312500000000e+002 2.0751254272460937e+002
  1.3363636016845703e+001 1.0830381774902344e+002
  4.5136367797851562e+001 0 -1 4.9630917358398437e+002
  2.0946737670898437e+002 1.3186046600341797e+001
  1.2857879638671875e+002 5.0840118408203125e+001 0 -1
  4.3132299804687500e+002 2.1269825744628906e+002
  1.6514997482299805e+001 1.1585540008544922e+002
  3.9199150085449219e+001 0 -1 4.3369195556640625e+002
  2.4847819519042969e+002 1.3884702682495117e+001
  2.6158670043945312e+002 6.8787567138671875e+001 0 -1
  4.2825207519531250e+002 2.5350881958007812e+002
  1.1270270347595215e+001 2.6093151855468750e+002
  4.2273651123046875e+001 0 -1 4.5062753295898437e+002
  2.5436112976074219e+002 1.4121950149536133e+001
  2.9175051879882812e+002 6.7564025878906250e+001 0 -1
  4.4368896484375000e+002 2.5634619140625000e+002
  1.3971427917480469e+001 1.9644351196289062e+002
  3.7889282226562500e+001 0 -1 4.2265087890625000e+002
  2.5921002197265625e+002 1.4142857551574707e+001
  2.2759185791015625e+002 4.8785713195800781e+001 0 -1
  4.4697741699218750e+002 2.5885189819335937e+002
  1.2642857551574707e+001 1.8790165710449219e+002
  5.8321426391601563e+001 0 -1 4.5558175659179687e+002
  2.5928182983398437e+002 1.3256466865539551e+001
  3.2543927001953125e+002 6.1669708251953125e+001 0 -1
  4.2414550781250000e+002 2.6151443481445312e+002
  1.2083333015441895e+001 2.5553231811523437e+002
  4.6006942749023438e+001 0 -1 4.2344088745117187e+002
  2.6482666015625000e+002 1.4446748733520508e+001
  2.0322927856445312e+002 3.8760261535644531e+001 0 -1
  4.5005358886718750e+002 2.7043630981445312e+002
  1.2964286804199219e+001 1.9631335449218750e+002
  3.8723205566406250e+001 0 -1 4.2773956298828125e+002
  2.7836196899414062e+002 1.4812500000000000e+001
  1.2095252990722656e+002 5.0515625000000000e+001 0 -1
  4.3123135375976562e+002 2.7904965209960937e+002
  1.2384615898132324e+001 3.3838903808593750e+002
  5.1080131530761719e+001 0 -1 434. 2.8375000000000000e+002 18.
  1.0509352874755859e+002 49. 0 -1 3.7495269775390625e+002
  3.0376608276367187e+002 1.4349821090698242e+001
  1.6673640441894531e+002 3.4378890991210938e+001 0 -1
  3.7946905517578125e+002 1.0364422607421875e+002
  2.1673835754394531e+001 3.3525497436523437e+002
  3.3498023986816406e+001 1 -1 4.5175000000000000e+002
  1.0975000000000000e+002 24. 1.9867272949218750e+002 49. 1 -1
  4.5701678466796875e+002 1.1392967224121094e+002
  2.0428569793701172e+001 1.8931507873535156e+002
  3.6720230102539062e+001 1 -1 4.8132940673828125e+002
  1.1931380462646484e+002 1.8365699768066406e+001
  1.6253936767578125e+001 1.0705499267578125e+002 1 -1
  4.5482470703125000e+002 1.2169496154785156e+002 17.
  1.4134057617187500e+002 6.1083332061767578e+001 1 -1
  4.7949884033203125e+002 1.2622261047363281e+002
  2.0364698410034180e+001 5.3761745452880859e+001
  7.3933959960937500e+001 1 -1 4.5999789428710937e+002
  1.2557609558105469e+002 2.0699998855590820e+001
  1.3196260070800781e+002 3.9024993896484375e+001 1 -1
  4.8450000000000000e+002 1.3094615173339844e+002 24.
