%YAML:1.0
---
recording:
   type: VideoRecording
   recordId: Action_20180109T111147
   channelId: main
   timeStamp: "131599699078720000"
   sessionTimestamp: "0"
   width: 0
   height: 0
   frameCount: 188
   fps: 2.9969999999999999e+001
   recordingType: 2000
   frameTransformRect: [ [ -1, -1 ], [ -1, -1 ], [ -1, -1 ], [ -1, -1 ] ]
   trackingMode: 1
   segments:
      - { startFrame:29, stopFrame:53, segmentType:2000, focusFrame:-1,
          focusPoint:{ values:[ -1., -1. ], type:Vector2 }, isFragment:0 }
      - { startFrame:61, stopFrame:119, segmentType:2000, focusFrame:-1,
          focusPoint:{ values:[ -1., -1. ], type:Vector2 }, isFragment:0 }
      - { startFrame:121, stopFrame:181, segmentType:2000, focusFrame:-1,
          focusPoint:{ values:[ -1., -1. ], type:Vector2 }, isFragment:0 }
      - { startFrame:0, stopFrame:181, segmentType:1000, focusFrame:-1,
          focusPoint:{ values:[ -1., -1. ], type:Vector2 }, isFragment:0 }
   framesRelTs: [ "0", "260000", "720000", "920000", "1150000",
       "1570000", "1790000", "2120000", "2440000", "2760000", "3090000",
       "3420000", "3760000", "4070000", "4410000", "4730000", "5070000",
       "5390000", "5710000", "6040000", "6390000", "6690000", "7020000",
       "7500000", "7680000", "8150000", "8570000", "8830000", "9060000",
       "9320000", "9630000", "10120000", "10440000", "10760000",
       "11110000", "11410000", "11720000", "12050000", "12370000",
       "12710000", "13050000", "13360000", "13690000", "14010000",
       "14340000", "14660000", "14980000", "15320000", "15630000",
       "15970000", "16310000", "16610000", "16940000", "17260000",
       "17580000", "17900000", "18220000", "18560000", "18890000",
       "19200000", "19510000", "19840000", "20180000", "20520000",
       "20830000", "21140000", "21460000", "21790000", "22170000",
       "22440000", "22760000", "23080000", "23410000", "23820000",
       "24080000", "24400000", "24710000", "25030000", "25440000",
       "25840000", "26170000", "26490000", "26810000", "27130000",
       "27460000", "27780000", "28100000", "28420000", "28740000",
       "29070000", "29390000", "29730000", "30050000", "30380000",
       "30700000", "31120000", "31360000", "31680000", "31990000",
       "32330000", "32640000", "32960000", "33280000", "33600000",
       "33920000", "34330000", "34570000", "34890000", "35220000",
       "35540000", "35860000", "36170000", "36500000", "36860000",
       "37160000", "37470000", "37800000", "38280000", "38610000",
       "38930000", "39310000", "39590000", "39910000", "40230000",
       "40570000", "40880000", "41210000", "41530000", "41840000",
       "42170000", "42560000", "42820000", "43140000", "43460000",
       "43800000", "44170000", "44440000", "44770000", "45090000",
       "45410000", "45730000", "46070000", "46390000", "46710000",
       "47040000", "47360000", "47690000", "48010000", "48340000",
       "48680000", "49000000", "49320000", "49650000", "49980000",
       "50300000", "50620000", "50950000", "51270000", "51600000",
       "51920000", "52250000", "52570000", "52880000", "53240000",
       "53550000", "53870000", "54200000", "54540000", "54840000",
       "55180000", "55510000", "55830000", "56160000", "56480000",
       "56800000", "57120000", "57450000", "57770000", "58140000",
       "58450000", "58760000", "59090000", "59420000", "59820000",
       "60210000", "60530000", "60860000", "61200000" ]
   chunks:
      - { path:"Recordings/Action_20180109T111147/recording.avi",
          startFrameIdx:0 }
