%YAML:1.0
---
recording:
   type: VideoRecording
   recordId: Action_20180109T150555
   channelId: main
   timeStamp: "131599839550340000"
   sessionTimestamp: "0"
   width: 0
   height: 0
   frameCount: 134
   fps: 2.9969999999999999e+001
   recordingType: 2000
   frameTransformRect: [ [ -1, -1 ], [ -1, -1 ], [ -1, -1 ], [ -1, -1 ] ]
   trackingMode: 0
   segments:
      - { startFrame:0, stopFrame:127, segmentType:1000, focusFrame:-1,
          focusPoint:{ values:[ -1., -1. ], type:Vector2 }, isFragment:0 }
   framesRelTs: [ "0", "260000", "520000", "850000", "1180000",
       "1500000", "1840000", "2170000", "2490000", "2820000", "3210000",
       "3500000", "3860000", "4190000", "4520000", "4700000", "5010000",
       "5330000", "5660000", "6000000", "6330000", "6660000", "6990000",
       "7310000", "7640000", "7970000", "8300000", "8640000", "8970000",
       "9310000", "9630000", "9960000", "10280000", "10620000",
       "10940000", "11270000", "11610000", "11930000", "12260000",
       "12590000", "12920000", "13260000", "13570000", "13900000",
       "14220000", "14560000", "14880000", "15210000", "15550000",
       "15880000", "16210000", "16540000", "16870000", "17190000",
       "17530000", "17840000", "18170000", "18510000", "18830000",
       "19160000", "19490000", "19810000", "20230000", "20490000",
       "20800000", "21130000", "21460000", "21790000", "22110000",
       "22440000", "22770000", "23100000", "23440000", "23760000",
       "24080000", "24420000", "24740000", "25060000", "25400000",
       "25730000", "26060000", "26390000", "26720000", "27090000",
       "27390000", "27710000", "28030000", "28350000", "28690000",
       "29010000", "29350000", "29690000", "30040000", "30350000",
       "30670000", "31010000", "31340000", "31540000", "31840000",
       "32330000", "32520000", "32820000", "33150000", "33480000",
       "33820000", "34150000", "34470000", "34790000", "35120000",
       "35450000", "35780000", "36130000", "36440000", "36780000",
       "37110000", "37440000", "37770000", "38100000", "38440000",
       "38830000", "39100000", "39420000", "39740000", "40130000",
       "40410000", "40730000", "41050000", "41420000", "41730000",
       "42050000", "42380000", "42710000", "43040000", "43360000" ]
   chunks:
      - { path:"Recordings/Action_20180109T150555/recording.avi",
          startFrameIdx:0 }
