<?xml version="1.0"?>
<opencv_storage>
<keyPoints>
  4.0276342773437500e+002 5.8490898132324219e+001
  1.6111110687255859e+001 1.0434022521972656e+002
  4.7337966918945313e+001 0 -1 4.0467544555664062e+002
  5.8894737243652344e+001 1.4526315689086914e+001
  1.0497315979003906e+002 4.8368423461914063e+001 0 -1
  2.0351562500000000e+002 1.3358587646484375e+002
  1.6637969970703125e+001 2.2915652465820313e+002
  7.8216323852539063e+001 0 -1 3.3208462524414062e+002
  1.3375000000000000e+002 18. 3.1060733032226562e+002
  4.0094726562500000e+001 0 -1 2.5720602416992188e+002
  1.4394291687011719e+002 1.5724910736083984e+001
  3.0804116821289062e+002 5.2258056640625000e+001 0 -1
  2.1585710144042969e+002 5.3485225677490234e+001
  1.8458589553833008e+001 8.9540214538574219e+001
  5.1062072753906250e+001 1 -1 2.8050000000000000e+002
  5.4500000000000000e+001 24. 9.2950820922851563e+001
  4.5777343750000000e+001 1 -1 4.0376019287109375e+002
  5.8633560180664063e+001 2.1326183319091797e+001
  9.9486602783203125e+001 5.6700317382812500e+001 1 -1
  4.1621447753906250e+002 5.8867485046386719e+001
  1.8451257705688477e+001 9.2318267822265625e+001
  6.2066574096679688e+001 1 -1 3.8709484863281250e+002
  7.2282257080078125e+001 2.0076076507568359e+001
  1.2515505981445312e+002 5.7035575866699219e+001 1 -1
  3.2361233520507812e+002 1.1431585693359375e+002
  1.9600673675537109e+001 2.7978045654296875e+002
  4.1582687377929687e+001 1 -1 2.5450000000000000e+002
  2.5650000000000000e+002 24. 2.9369921875000000e+002
  3.8444335937500000e+001 1 -1 3.7562561035156250e+002
  3.1700128173828125e+002 2.0500000000000000e+001
  6.0055812835693359e+001 3.8041671752929688e+001 1 -1
  2.2615141296386719e+002 5.2683815002441406e+001
  2.5928220748901367e+001 8.7013572692871094e+001
  3.5494617462158203e+001 2 -1 2.2125079345703125e+002
  5.4364452362060547e+001 2.4587810516357422e+001
  8.9409370422363281e+001 6.4045227050781250e+001 2 -1
  2.7975000000000000e+002 5.6250000000000000e+001 18.
  9.5457717895507813e+001 46. 2 -1 3.1857186889648438e+002
  5.6294609069824219e+001 2.7605331420898438e+001
  8.7541595458984375e+001 7.1168907165527344e+001 2 -1
  3.2329431152343750e+002 5.6888195037841797e+001
  2.5878765106201172e+001 8.6625350952148438e+001
  5.9642353057861328e+001 2 -1 4.0398443603515625e+002
  5.8820011138916016e+001 2.1608161926269531e+001
  9.8773254394531250e+001 5.6073131561279297e+001 2 -1
  4.1864904785156250e+002 5.9186042785644531e+001
  2.8578947067260742e+001 9.0789382934570313e+001
  6.6844299316406250e+001 2 -1 2.9298410034179687e+002
  7.4545295715332031e+001 2.8412483215332031e+001
  9.0008361816406250e+001 1.8577372741699219e+002 2 -1
  4.1028250122070312e+002 7.7654678344726563e+001
  2.5924421310424805e+001 9.0882095336914063e+001
  1.9387963867187500e+002 2 -1 2.5784167480468750e+002
  1.1110244750976562e+002 2.7580741882324219e+001
  3.2525212764739990e+000 2.0769697570800781e+002 2 -1
  3.2391213989257812e+002 1.1420468139648437e+002
  2.3342323303222656e+001 2.8255395507812500e+002
  4.3040607452392578e+001 2 -1 4.0929125976562500e+002
  1.1539450073242187e+002 2.7908184051513672e+001
  2.5759548950195312e+002 1.8862040710449219e+002 2 -1
  2.0340388488769531e+002 1.3550164794921875e+002
  2.9994604110717773e+001 2.6401644897460937e+002
  9.7078788757324219e+001 2 -1 2.1909425354003906e+002
  1.3501171875000000e+002 30. 2.8509707641601562e+002
  3.9795574188232422e+001 2 -1 2.2971014404296875e+002 136. 36.
  3.2588238525390625e+002 7.2399414062500000e+001 2 -1
  3.1349014282226562e+002 1.3885702514648437e+002
  2.8953489303588867e+001 2.5172738647460938e+002
  4.3884704589843750e+001 2 -1 4.2293890380859375e+002
  1.4009930419921875e+002 2.8034904479980469e+001
  3.1105984497070312e+002 4.0324737548828125e+001 2 -1
  2.5763510131835937e+002 1.4413241577148437e+002
  2.5277624130249023e+001 3.5010317993164063e+002
  6.6195487976074219e+001 2 -1 3.7840994262695312e+002
  1.4739608764648438e+002 2.7977676391601563e+001
  1.9287026977539062e+002 6.4481971740722656e+001 2 -1
  2.5516046142578125e+002 1.7149615478515625e+002
  2.9895858764648438e+001 2.9685319900512695e+001
  1.9535087585449219e+002 2 -1 3.7771557617187500e+002
  1.7452743530273437e+002 2.7677570343017578e+001
  1.4078869628906250e+002 1.9867021179199219e+002 2 -1
  2.5637951660156250e+002 2.0035079956054687e+002
  2.8826061248779297e+001 5.3500385284423828e+001
  5.4306659698486328e+001 2 -1 3.7760635375976562e+002
  2.0356677246093750e+002 2.7829414367675781e+001
  8.8940269470214844e+001 5.6643299102783203e+001 2 -1
  2.5544303894042969e+002 2.5665170288085937e+002
  2.6980049133300781e+001 2.9575329589843750e+002
  4.0965984344482422e+001 2 -1 3.7615670776367188e+002
  2.5991891479492187e+002 2.8006290435791016e+001
  2.7166433715820312e+002 5.4434223175048828e+001 2 -1
  2.5220138549804687e+002 2.8604479980468750e+002
  2.7655933380126953e+001 1.7351257324218750e+001
  2.0948445129394531e+002 2 -1 3.7534225463867187e+002
  2.8890563964843750e+002 2.8844753265380859e+001
  2.9157324218750000e+002 2.0947590637207031e+002 2 -1
  2.5407585144042969e+002 3.1666976928710937e+002
  2.2150449752807617e+001 2.8743826293945312e+002
  3.6453960418701172e+001 2 -1 4.2178900146484375e+002
  5.9181457519531250e+001 3.2588500976562500e+001
  9.0026107788085937e+001 7.6566780090332031e+001 3 -1
  2.1399267578125000e+002 8.0328445434570313e+001
  4.1021793365478516e+001 5.8123577117919922e+001
  1.1686636352539062e+002 3 -1 2.3962280273437500e+002
  8.0958206176757812e+001 4.0397563934326172e+001
  7.8743446350097656e+001 1.2265634155273438e+002 3 -1
  4.0842175292968750e+002 1.1525099182128906e+002
  3.1479452133178711e+001 2.5593923950195312e+002
  1.8910429382324219e+002 3 -1 3.2950000000000000e+002
  1.4150000000000000e+002 48. 3.3968457031250000e+002 91. 3 -1
  4.2100576782226562e+002 1.4119525146484375e+002
  3.8195121765136719e+001 3.1988854980468750e+002
  7.0685974121093750e+001 3 -1 4.3119537353515625e+002
  1.4403182983398437e+002 4.6372489929199219e+001
  3.5735015869140625e+002 1.0021202087402344e+002 3 -1
  2.2933050537109375e+002 1.4768264770507812e+002
  3.8444446563720703e+001 1.6954368591308594e+001
  9.3560180664062500e+001 3 -1 2.9324334716796875e+002
  7.5568450927734375e+001 4.1160942077636719e+001
  8.4424751281738281e+001 1.6789654541015625e+002 4 -1
  4.0953692626953125e+002 7.8952972412109375e+001
  4.0490345001220703e+001 9.2868873596191406e+001
  1.7784147644042969e+002 4 -1 1.7134854125976562e+002
  9.2304885864257813e+001 5.6414657592773438e+001
  1.7139698028564453e+001 1.1146785736083984e+002 4 -1
  2.5798876953125000e+002 1.1190859222412109e+002
  4.0650360107421875e+001 3.3136151123046875e+002
  1.7983850097656250e+002 4 -1 1.6905963134765625e+002
  1.2381819152832031e+002 5.5318901062011719e+001
  3.0461383819580078e+001 1.0702011871337891e+002 4 -1
  2.1785159301757812e+002 1.3432284545898437e+002
  5.0117649078369141e+001 1.5614360809326172e+001
  7.8529380798339844e+001 4 -1 2.2761183166503906e+002
  1.3932228088378906e+002 5.5168312072753906e+001
  1.8508474349975586e+001 8.8471763610839844e+001 4 -1
  3.1402630615234375e+002 1.4143420410156250e+002
  4.9578948974609375e+001 3.3616049194335937e+002
  6.1109649658203125e+001 4 -1 3.0669580078125000e+002
  1.4346755981445312e+002 5.6602989196777344e+001
  3.5910964965820312e+002 1.1691426849365234e+002 4 -1
  3.2874404907226562e+002 1.4317059326171875e+002
  5.6345520019531250e+001 3.5732672119140625e+002
  9.4382270812988281e+001 4 -1 2.2839131164550781e+002
  1.4557142639160156e+002 4.9199996948242188e+001
  2.2147235870361328e+001 8.8025001525878906e+001 4 -1
  2.5783407592773437e+002 1.4470951843261719e+002
  4.3846153259277344e+001 3.5732965087890625e+002
  5.8778850555419922e+001 4 -1 3.7868920898437500e+002 149. 36.
  1.8505976867675781e+002 57. 4 -1 3.0820468139648437e+002
  1.4669776916503906e+002 6.8260337829589844e+001
  2.5699827194213867e+001 1.2245851898193359e+002 4 -1
