%YAML:1.0
---
recording:
   type: VideoRecording
   recordId: Action_20171122T133349
   channelId: main
   timeStamp: "131558312298440000"
   sessionTimestamp: "0"
   width: 0
   height: 0
   frameCount: 47
   fps: 2.9969999999999999e+001
   recordingType: 2000
   frameTransformRect: [ [ -1, -1 ], [ -1, -1 ], [ -1, -1 ], [ -1, -1 ] ]
   trackingMode: 1
   segments:
      - { startFrame:0, stopFrame:40, segmentType:1000, focusFrame:-1,
          focusPoint:{ values:[ -1., -1. ], type:Vector2 }, isFragment:0 }
   framesRelTs: [ "0", "610000", "1330000", "2280000", "3360000",
       "4350000", "5250000", "6220000", "7250000", "8450000", "9330000",
       "10280000", "11390000", "12340000", "13340000", "14520000",
       "15330000", "16370000", "17480000", "18250000", "19210000",
       "20420000", "21260000", "22210000", "23210000", "24360000",
       "25300000", "26220000", "27380000", "28290000", "29290000",
       "30260000", "31190000", "32440000", "33270000", "34280000",
       "35270000", "36490000", "37280000", "38230000", "39320000",
       "40320000", "41280000", "42220000", "43210000", "44350000",
       "46140000" ]
   chunks:
      - { path:"Recordings/Action_20171122T133349/recording.avi",
          startFrameIdx:0 }
