%YAML:1.0
---
recording:
   type: VideoRecording
   recordId: Action_20180109T115432
   channelId: main
   timeStamp: "131599724723100000"
   sessionTimestamp: "0"
   width: -1
   height: -1
   frameCount: 101
   fps: 2.9969999999999999e+001
   recordingType: 2000
   frameTransformRect: [ [ -1, -1 ], [ -1, -1 ], [ -1, -1 ], [ -1, -1 ] ]
   trackingMode: 0
   segments:
      - { startFrame:20, stopFrame:41, segmentType:2000, focusFrame:-1,
          focusPoint:{ values:[ -1., -1. ], type:Vector2 }, isFragment:0 }
      - { startFrame:0, stopFrame:94, segmentType:1000, focusFrame:-1,
          focusPoint:{ values:[ -1., -1. ], type:Vector2 }, isFragment:0 }
   framesRelTs: [ "0", "250000", "540000", "870000", "1420000",
       "1590000", "1830000", "2160000", "2480000", "2810000", "3150000",
       "3470000", "3790000", "4120000", "4430000", "4780000", "5110000",
       "5420000", "5750000", "6090000", "6400000", "6720000", "7070000",
       "7380000", "7860000", "8180000", "8530000", "8870000", "9180000",
       "9510000", "9830000", "10150000", "10480000", "10820000",
       "11130000", "11470000", "11810000", "12010000", "12290000",
       "12790000", "13120000", "13310000", "13610000", "13940000",
       "14520000", "14760000", "15100000", "15400000", "15620000",
       "16060000", "16380000", "16710000", "17050000", "17390000",
       "17710000", "17900000", "18200000", "18530000", "18860000",
       "19180000", "19510000", "19860000", "20170000", "20490000",
       "20990000", "21200000", "21480000", "21820000", "22130000",
       "22450000", "22780000", "23090000", "23420000", "23900000",
       "24240000", "24580000", "24880000", "25210000", "25550000",
       "25860000", "26180000", "26510000", "26830000", "27150000",
       "27490000", "27810000", "28140000", "28470000", "28800000",
       "29120000", "29450000", "29760000", "30090000", "30430000",
       "30750000", "31090000", "31430000", "31750000", "32060000",
       "32390000", "32870000" ]
   chunks:
      - { path:"Recordings/Action_20180109T115432/recording.avi",
          startFrameIdx:0 }
