<?xml version="1.0"?>
<opencv_storage>
<keyPoints>
  4.1091354370117187e+002 3.8039405822753906e+001
  1.3200000762939453e+001 3.4718722534179687e+002
  3.1800003051757813e+001 0 -1 3.2141729736328125e+002
  4.7462898254394531e+001 1.4021739006042480e+001
  1.6919900512695312e+002 8.8222808837890625e+001 0 -1
  3.3078433227539062e+002 5.0309516906738281e+001
  1.3465116500854492e+001 1.4057266235351562e+002
  5.3281982421875000e+001 0 -1 3.5713507080078125e+002
  5.0756744384765625e+001 1.2085714340209961e+001
  9.5839286804199219e+001 4.2003578186035156e+001 0 -1
  3.6282534790039062e+002 5.3517349243164062e+001
  1.2875000000000000e+001 9.5339233398437500e+001
  4.3510421752929688e+001 0 -1 4.1590310668945312e+002
  6.3479324340820313e+001 1.1228571891784668e+001
  3.4230661010742187e+002 3.1289283752441406e+001 0 -1
  2.1827207946777344e+002 8.5227996826171875e+001
  1.3191860198974609e+001 1.8172542572021484e+001
  6.7821319580078125e+001 0 -1 4.4207009887695312e+002
  8.8139335632324219e+001 1.2783929824829102e+001
  2.9832626342773437e+002 1.6529925537109375e+002 0 -1
  4.4816641235351562e+002 8.8608283996582031e+001
  1.1399999618530273e+001 2.4960534667968750e+002
  3.3150001525878906e+001 0 -1 450. 96. 1.1159999847412109e+001
  1.6421481323242187e+002 3.2244998931884766e+001 0 -1
  1.9289434814453125e+002 1.0319728088378906e+002
  1.2724313735961914e+001 3.3537945556640625e+002
  3.2234779357910156e+001 0 -1 2.7115856933593750e+002
  1.1522865295410156e+002 1.3551227569580078e+001
  3.1791531372070312e+002 9.0992385864257813e+001 0 -1
  2.7498944091796875e+002 1.1478128814697266e+002
  1.1159999847412109e+001 3.2563278198242187e+002
  5.6489997863769531e+001 0 -1 2.9897540283203125e+002
  1.1461541748046875e+002 1.3888889312744141e+001
  2.8166864013671875e+002 3.8337959289550781e+001 0 -1
  4.4975628662109375e+002 1.1869362640380859e+002
  1.3336959838867188e+001 2.5295831298828125e+002
  4.1842483520507813e+001 0 -1 2.7626361083984375e+002
  1.1999932098388672e+002 1.3764739990234375e+001
  3.4249639892578125e+002 7.2421310424804688e+001 0 -1
  2.7830987548828125e+002 1.1993608093261719e+002
  1.1903225898742676e+001 3.3881857299804687e+002
  6.4008071899414063e+001 0 -1 4.5826123046875000e+002
  1.2219194030761719e+002 1.3740740776062012e+001
  2.3211180114746094e+002 1.0040896606445312e+002 0 -1
  3.3503872680664062e+002 1.2356021118164062e+002
  1.4226943016052246e+001 2.7498043823242187e+002
  1.1774459838867187e+002 0 -1 4.5991488647460938e+002
  1.2506449890136719e+002 1.1536584854125977e+001
  2.2017742919921875e+002 1.0636685180664062e+002 0 -1
  3.9708087158203125e+002 1.2588666534423828e+002
  1.2825193405151367e+001 2.6286636352539062e+002
  9.7394897460937500e+001 0 -1 4.5267489624023437e+002
  1.2681100463867187e+002 1.3057142257690430e+001
  2.3215603637695312e+002 1.1062976074218750e+002 0 -1
  2.6978585815429687e+002 1.2925169372558594e+002
  1.2933332443237305e+001 2.2991418838500977e+001
  9.1088897705078125e+001 0 -1 2.7334085083007812e+002
  1.3009817504882813e+002 12. 2.5900489807128906e+001 45. 0 -1
  2.6424954223632812e+002 1.3154447937011719e+002
  1.3400236129760742e+001 2.6575021743774414e+001
  1.1911018371582031e+002 0 -1 4.6212475585937500e+002
  1.3583676147460938e+002 1.2617647171020508e+001
  1.6026893615722656e+002 9.4360305786132813e+001 0 -1
  4.5994784545898437e+002 1.3684014892578125e+002
  1.2352941513061523e+001 1.5343864440917969e+002
  5.6058822631835938e+001 0 -1 2.6093426513671875e+002
  1.3834776306152344e+002 8.3999996185302734e+000
  2.6694847106933594e+001 5.7279998779296875e+001 0 -1
  2.7765774536132812e+002 1.3839923095703125e+002
  1.3695652008056641e+001 3.3438617706298828e+001
  6.9836959838867188e+001 0 -1 2.7611959838867187e+002
  1.3850282287597656e+002 1.3368424415588379e+001
  3.0237022399902344e+001 7.6643203735351563e+001 0 -1
  2.6131747436523437e+002 1.4034764099121094e+002
  8.3999996185302734e+000 2.5629556655883789e+001
  6.3804378509521484e+001 0 -1 4.7318304443359375e+002
  1.4027789306640625e+002 1.3358974456787109e+001
  1.5226705932617188e+002 1.3800106811523437e+002 0 -1
  1.4533218383789062e+002 1.4263554382324219e+002
  1.4265306472778320e+001 7.1632179260253906e+001
  5.8492355346679688e+001 0 -1 3.3807339477539062e+002
  1.4192411804199219e+002 1.4247959136962891e+001
  2.7549032592773437e+002 1.2585754394531250e+002 0 -1
  2.6125000000000000e+002 144. 18. 2.3144674301147461e+001 38. 0 -1
  4.0342218017578125e+002 1.4457264709472656e+002
  1.3081518173217773e+001 2.6223968505859375e+002
  1.0328009033203125e+002 0 -1 4.6187145996093750e+002
  1.4594874572753906e+002 1.3979999542236328e+001
  1.4874702453613281e+002 1.1644497680664062e+002 0 -1
  1.5017991638183594e+002 1.6832429504394531e+002
  1.2733333587646484e+001 1.9698896789550781e+002
  3.7336105346679688e+001 0 -1 2.7522650146484375e+002
  1.6991043090820313e+002 1.3986099243164063e+001
  1.4662033081054687e+002 8.9224151611328125e+001 0 -1
  1.4808375549316406e+002 1.7085984802246094e+002 15.
  1.9839422607421875e+002 3.8250000000000000e+001 0 -1
  3.3804098510742187e+002 1.7124238586425781e+002
  1.4324272155761719e+001 3.5521472167968750e+002
  1.1671081542968750e+002 0 -1 4.0396282958984375e+002
  1.7351957702636719e+002 1.3818011283874512e+001
  1.8242842102050781e+002 1.0824801635742187e+002 0 -1
  2.6432385253906250e+002 1.7356831359863281e+002
  1.0567364692687988e+001 3.1333438873291016e+001
  6.4134292602539063e+001 0 -1 2.6950701904296875e+002
  1.7631307983398437e+002 1.3715741157531738e+001
  7.1471580505371094e+001 5.7143676757812500e+001 0 -1
  4.6317510986328125e+002 1.7649145507812500e+002
  1.3215793609619141e+001 1.7673529052734375e+002
  1.0716018676757813e+002 0 -1 2.6930944824218750e+002
  1.9122541809082031e+002 1.3636363983154297e+001
  2.8225875854492187e+002 6.0454559326171875e+001 0 -1
  2.6347064208984375e+002 194. 1.2215506553649902e+001
  3.4012683105468750e+002 5.8346664428710937e+001 0 -1
  2.7449206542968750e+002 1.9843496704101562e+002
  1.3844272613525391e+001 2.1014128112792969e+002
  9.0355789184570313e+001 0 -1 3.3794042968750000e+002
  2.0134416198730469e+002 1.4679310798645020e+001
  7.9068138122558594e+001 1.1617532348632812e+002 0 -1
  4.0250723266601562e+002 2.0307109069824219e+002
  1.2818181991577148e+001 2.8595147705078125e+002
  3.8306823730468750e+001 0 -1 4.0473037719726562e+002
  2.0349984741210937e+002 1.2775867462158203e+001
  2.4253961181640625e+002 1.1064120483398437e+002 0 -1
  4.6435067749023437e+002 2.0435261535644531e+002
  1.4153652191162109e+001 1.7790153503417969e+002
  1.1560113525390625e+002 0 -1 2.7381576538085937e+002
  2.3112251281738281e+002 1.4308444976806641e+001
  9.1991378784179688e+001 8.8560760498046875e+001 0 -1
  3.3793890380859375e+002 2.3196472167968750e+002
  1.4039590835571289e+001 9.3176918029785156e+001
  1.1630294799804688e+002 0 -1 4.0555245971679687e+002
  2.3381587219238281e+002 1.3152614593505859e+001
  9.2735252380371094e+001 1.0942831420898437e+002 0 -1
  2.6225289916992187e+002 2.3615957641601562e+002
  1.2633544921875000e+001 2.9249647140502930e+001
  5.9834320068359375e+001 0 -1 4.6661288452148437e+002
  2.3652407836914062e+002 1.2962966918945312e+001
  1.7524906921386719e+002 1.0883642578125000e+002 0 -1
  4.7885894775390625e+002 2.4274835205078125e+002
  1.2517241477966309e+001 2.0410653686523437e+002
  1.0853875732421875e+002 0 -1 4.7109991455078125e+002
  2.4429733276367187e+002 1.1281690597534180e+001
  2.1395043945312500e+002 5.4508804321289063e+001 0 -1
  4.7418377685546875e+002 2.4511462402343750e+002
  9.6666669845581055e+000 2.1988459777832031e+002
  7.0361114501953125e+001 0 -1 4.7642156982421875e+002
  2.4438926696777344e+002 1.4104476928710938e+001
  2.0637556457519531e+002 1.2812126159667969e+002 0 -1
  3.8715487670898437e+002 2.5157188415527344e+002
  1.1576538085937500e+001 9.0965805053710938e+001
  1.0671856689453125e+002 0 -1 4.6285302734375000e+002
  2.5207760620117187e+002 1.2333333969116211e+001
