%YAML:1.0
---
poses:
   -
      rows: 2
      cols: 2
      values: [ 1.0814378707377776e+271, 0., 2.5691413583744820e-322, 0. ]
      type: Matrix
   -
      rows: 2
      cols: 2
      values: [ 1.0814378707377776e+271, 0., 2.5691413583744820e-322, 0. ]
      type: Matrix
   -
      rows: 2
      cols: 2
      values: [ 1.0814378707377776e+271, 0., 2.5691413583744820e-322, 0. ]
      type: Matrix
   -
      rows: 2
      cols: 2
      values: [ 1.0814378707377776e+271, 0., 2.5691413583744820e-322, 0. ]
      type: Matrix
   -
      rows: 2
      cols: 2
      values: [ 1.0814378707377776e+271, 0., 2.5691413583744820e-322, 0. ]
      type: Matrix
   -
      rows: 2
      cols: 2
      values: [ 1.0814378707377776e+271, 0., 2.5691413583744820e-322, 0. ]
      type: Matrix
   -
      rows: 2
      cols: 2
      values: [ 1.0814378707377776e+271, 0., 2.5691413583744820e-322, 0. ]
      type: Matrix
   -
      rows: 2
      cols: 2
      values: [ 1.0814378707377776e+271, 0., 2.5691413583744820e-322, 0. ]
      type: Matrix
   -
      rows: 2
      cols: 2
      values: [ 1.0814378707377776e+271, 0., 2.5691413583744820e-322, 0. ]
      type: Matrix
   -
      rows: 2
      cols: 2
      values: [ 1.0814378707377776e+271, 0., 2.5691413583744820e-322, 0. ]
      type: Matrix
   -
      rows: 2
      cols: 2
      values: [ 1.0814378707377776e+271, 0., 2.5691413583744820e-322, 0. ]
      type: Matrix
   -
      rows: 2
      cols: 2
      values: [ 1.0814378707377776e+271, 0., 2.5691413583744820e-322, 0. ]
      type: Matrix
   -
      rows: 2
      cols: 2
      values: [ 1.0814378707377776e+271, 0., 2.5691413583744820e-322, 0. ]
      type: Matrix
   -
      rows: 2
      cols: 2
      values: [ 1.0814378707377776e+271, 0., 2.5691413583744820e-322, 0. ]
      type: Matrix
   -
      rows: 2
      cols: 2
      values: [ 1.0814378707377776e+271, 0., 2.5691413583744820e-322, 0. ]
      type: Matrix
   -
      rows: 2
      cols: 2
      values: [ 1.0814378707377776e+271, 0., 2.5691413583744820e-322, 0. ]
      type: Matrix
   -
      rows: 2
      cols: 2
      values: [ 1.0814378707377776e+271, 0., 2.5691413583744820e-322, 0. ]
      type: Matrix
   -
      rows: 2
      cols: 2
      values: [ 1.0814378707377776e+271, 0., 2.5691413583744820e-322, 0. ]
      type: Matrix
   -
      rows: 2
      cols: 2
      values: [ 1.0814378707377776e+271, 0., 2.5691413583744820e-322, 0. ]
      type: Matrix
   -
      rows: 2
      cols: 2
      values: [ 1.0814378707377776e+271, 0., 2.5691413583744820e-322, 0. ]
      type: Matrix
   -
      rows: 2
      cols: 2
      values: [ 1.0814378707377776e+271, 0., 2.5691413583744820e-322, 0. ]
      type: Matrix
   -
      rows: 2
      cols: 2
      values: [ 1.0814378707377776e+271, 0., 2.5691413583744820e-322, 0. ]
      type: Matrix
   -
      rows: 2
      cols: 2
      values: [ 1.0814378707377776e+271, 0., 2.5691413583744820e-322, 0. ]
      type: Matrix
   -
      rows: 2
      cols: 2
      values: [ 1.0814378707377776e+271, 0., 2.5691413583744820e-322, 0. ]
      type: Matrix
   -
      rows: 2
      cols: 2
      values: [ 1.0814378707377776e+271, 0., 2.5691413583744820e-322, 0. ]
      type: Matrix
   -
      rows: 2
      cols: 2
      values: [ 1.0814378707377776e+271, 0., 2.5691413583744820e-322, 0. ]
      type: Matrix
   -
      rows: 2
      cols: 2
      values: [ 1.0814378707377776e+271, 0., 2.5691413583744820e-322, 0. ]
      type: Matrix
   -
      rows: 2
      cols: 2
      values: [ 1.0814378707377776e+271, 0., 2.5691413583744820e-322, 0. ]
      type: Matrix
   -
      rows: 2
      cols: 2
      values: [ 1.0814378707377776e+271, 0., 2.5691413583744820e-322, 0. ]
      type: Matrix
   -
      rows: 2
      cols: 2
      values: [ 1.0814378707377776e+271, 0., 2.5691413583744820e-322, 0. ]
      type: Matrix
   -
      rows: 2
      cols: 2
      values: [ 1.0814378707377776e+271, 0., 2.5691413583744820e-322, 0. ]
      type: Matrix
   -
      rows: 2
      cols: 2
      values: [ 1.0814378707377776e+271, 0., 2.5691413583744820e-322, 0. ]
      type: Matrix
   -
      rows: 2
      cols: 2
      values: [ 1.0814378707377776e+271, 0., 2.5691413583744820e-322, 0. ]
      type: Matrix
   -
      rows: 2
      cols: 2
      values: [ 1.0814378707377776e+271, 0., 2.5691413583744820e-322, 0. ]
      type: Matrix
   -
      rows: 2
      cols: 2
      values: [ 1.0814378707377776e+271, 0., 2.5691413583744820e-322, 0. ]
      type: Matrix
   -
      rows: 2
      cols: 2
      values: [ 1.0814378707377776e+271, 0., 2.5691413583744820e-322, 0. ]
      type: Matrix
   -
      rows: 2
      cols: 2
      values: [ 1.0814378707377776e+271, 0., 2.5691413583744820e-322, 0. ]
      type: Matrix
   -
      rows: 2
      cols: 2
      values: [ 1.0814378707377776e+271, 0., 2.5691413583744820e-322, 0. ]
      type: Matrix
   -
      rows: 2
      cols: 2
      values: [ 1.0814378707377776e+271, 0., 2.5691413583744820e-322, 0. ]
      type: Matrix
   -
      rows: 2
      cols: 2
      values: [ 1.0814378707377776e+271, 0., 2.5691413583744820e-322, 0. ]
      type: Matrix
   -
      rows: 2
      cols: 2
      values: [ 1.0814378707377776e+271, 0., 2.5691413583744820e-322, 0. ]
      type: Matrix
   -
      rows: 2
      cols: 2
      values: [ 1.0814378707377776e+271, 0., 2.5691413583744820e-322, 0. ]
      type: Matrix
   -
      rows: 2
      cols: 2
      values: [ 1.0814378707377776e+271, 0., 2.5691413583744820e-322, 0. ]
      type: Matrix
   -
      rows: 2
      cols: 2
      values: [ 1.0814378707377776e+271, 0., 2.5691413583744820e-322, 0. ]
      type: Matrix
   -
      rows: 2
      cols: 2
      values: [ 1.0814378707377776e+271, 0., 2.5691413583744820e-322, 0. ]
      type: Matrix
   -
      rows: 2
      cols: 2
      values: [ 1.0814378707377776e+271, 0., 2.5691413583744820e-322, 0. ]
      type: Matrix
   -
      rows: 2
      cols: 2
      values: [ 1.0814378707377776e+271, 0., 2.5691413583744820e-322, 0. ]
      type: Matrix
   -
      rows: 2
      cols: 2
      values: [ 1.0814378707377776e+271, 0., 2.5691413583744820e-322, 0. ]
      type: Matrix
   -
      rows: 2
      cols: 2
      values: [ 1.0814378707377776e+271, 0., 2.5691413583744820e-322, 0. ]
      type: Matrix
   -
      rows: 2
      cols: 2
      values: [ 1.0814378707377776e+271, 0., 2.5691413583744820e-322, 0. ]
      type: Matrix
   -
      rows: 2
      cols: 2
      values: [ 1.0814378707377776e+271, 0., 2.5691413583744820e-322, 0. ]
      type: Matrix
