%YAML:1.0
---
recording:
   type: VideoRecording
   recordId: Action_20171122T105901
   channelId: main
   timeStamp: "131558219417090000"
   sessionTimestamp: "0"
   width: -1
   height: -1
   frameCount: 51
   fps: 2.9969999999999999e+001
   recordingType: 2000
   frameTransformRect: [ [ -1, -1 ], [ -1, -1 ], [ -1, -1 ], [ -1, -1 ] ]
   trackingMode: 1
   segments:
      - { startFrame:0, stopFrame:44, segmentType:1000, focusFrame:-1,
          focusPoint:{ values:[ -1., -1. ], type:Vector2 }, isFragment:0 }
   framesRelTs: [ "0", "1300000", "2610000", "6130000", "7230000",
       "10880000", "12040000", "14360000", "15550000", "16740000",
       "18190000", "20130000", "21390000", "22790000", "24170000",
       "25370000", "26300000", "27990000", "29540000", "30680000",
       "31820000", "33640000", "34750000", "37190000", "38210000",
       "40550000", "41660000", "44040000", "45230000", "47770000",
       "48630000", "50680000", "51740000", "53660000", "54970000",
       "57310000", "58530000", "59860000", "61030000", "62940000",
       "64220000", "65570000", "66500000", "68870000", "69910000",
       "72490000", "73750000", "75720000", "77140000", "79060000",
       "84240000" ]
   chunks:
      - { path:"Recordings/Action_20171122T105901/recording.avi",
          startFrameIdx:0 }
