%YAML:1.0
---
recording:
   type: VideoRecording
   recordId: Action_20180109T115631
   channelId: main
   timeStamp: "131599725919900000"
   sessionTimestamp: "0"
   width: 0
   height: 0
   frameCount: 114
   fps: 2.9969999999999999e+001
   recordingType: 2000
   frameTransformRect: [ [ -1, -1 ], [ -1, -1 ], [ -1, -1 ], [ -1, -1 ] ]
   trackingMode: 0
   segments:
      - { startFrame:31, stopFrame:58, segmentType:2000, focusFrame:-1,
          focusPoint:{ values:[ -1., -1. ], type:Vector2 }, isFragment:0 }
      - { startFrame:60, stopFrame:83, segmentType:2000, focusFrame:-1,
          focusPoint:{ values:[ -1., -1. ], type:Vector2 }, isFragment:0 }
      - { startFrame:0, stopFrame:107, segmentType:1000, focusFrame:-1,
          focusPoint:{ values:[ -1., -1. ], type:Vector2 }, isFragment:0 }
   framesRelTs: [ "0", "250000", "590000", "910000", "1230000",
       "1540000", "1880000", "2200000", "2530000", "2840000", "3170000",
       "3500000", "3820000", "4150000", "4480000", "4800000", "5130000",
       "5450000", "5770000", "6100000", "6420000", "6760000", "7070000",
       "7420000", "7740000", "8080000", "8400000", "8720000", "9050000",
       "9370000", "9680000", "10010000", "10360000", "10680000",
       "11000000", "11330000", "11660000", "12040000", "12320000",
       "12640000", "12980000", "13290000", "13620000", "13950000",
       "14270000", "14590000", "14930000", "15250000", "15590000",
       "15910000", "16250000", "16560000", "16900000", "17210000",
       "17540000", "17860000", "18180000", "18510000", "18840000",
       "19180000", "19490000", "19830000", "20150000", "20470000",
       "20790000", "21130000", "21440000", "21770000", "22250000",
       "22570000", "22890000", "23240000", "23460000", "23830000",
       "24060000", "24380000", "24710000", "25040000", "25370000",
       "25720000", "26030000", "26350000", "26670000", "27000000",
       "27340000", "27650000", "27990000", "28310000", "28620000",
       "28950000", "29280000", "29600000", "29940000", "30260000",
       "30590000", "30900000", "31220000", "31710000", "32040000",
       "32350000", "32550000", "32870000", "33350000", "33670000",
       "34000000", "34320000", "34640000", "34970000", "35300000",
       "35610000", "35940000", "36260000", "36590000", "37170000" ]
   chunks:
      - { path:"Recordings/Action_20180109T115631/recording.avi",
          startFrameIdx:0 }
