%YAML:1.0
---
recording:
   type: VideoRecording
   recordId: Action_20180109T111126
   channelId: main
   timeStamp: "131599698861200000"
   sessionTimestamp: "0"
   width: 0
   height: 0
   frameCount: 136
   fps: 2.9969999999999999e+001
   recordingType: 2000
   frameTransformRect: [ [ -1, -1 ], [ -1, -1 ], [ -1, -1 ], [ -1, -1 ] ]
   trackingMode: 1
   segments:
      - { startFrame:32, stopFrame:50, segmentType:2000, focusFrame:-1,
          focusPoint:{ values:[ -1., -1. ], type:Vector2 }, isFragment:0 }
      - { startFrame:47, stopFrame:70, segmentType:2000, focusFrame:-1,
          focusPoint:{ values:[ -1., -1. ], type:Vector2 }, isFragment:0 }
      - { startFrame:0, stopFrame:129, segmentType:1000, focusFrame:-1,
          focusPoint:{ values:[ -1., -1. ], type:Vector2 }, isFragment:0 }
   framesRelTs: [ "0", "260000", "640000", "870000", "1330000",
       "1760000", "1990000", "2310000", "2630000", "2970000", "3290000",
       "3610000", "3940000", "4260000", "4580000", "4940000", "5260000",
       "5590000", "5920000", "6110000", "6580000", "6760000", "7230000",
       "7580000", "7900000", "8250000", "8530000", "8860000", "9190000",
       "9380000", "9860000", "10180000", "10500000", "10820000",
       "11140000", "11480000", "11800000", "12130000", "12450000",
       "12780000", "13100000", "13440000", "13800000", "14090000",
       "14410000", "14730000", "15050000", "15370000", "15700000",
       "16020000", "16340000", "16680000", "16990000", "17320000",
       "17640000", "17960000", "18280000", "18600000", "18930000",
       "19270000", "19590000", "19920000", "20230000", "20560000",
       "20890000", "21230000", "21530000", "21850000", "22190000",
       "22510000", "22830000", "23150000", "23480000", "23800000",
       "24120000", "24450000", "24780000", "25100000", "25420000",
       "25750000", "26230000", "26550000", "26880000", "27200000",
       "27530000", "27890000", "28190000", "28510000", "28840000",
       "29170000", "29500000", "29830000", "30150000", "30470000",
       "30800000", "31130000", "31450000", "31850000", "32100000",
       "32420000", "32740000", "33060000", "33430000", "33710000",
       "34040000", "34360000", "34680000", "35060000", "35340000",
       "35660000", "35980000", "36310000", "36650000", "36960000",
       "37280000", "37600000", "37940000", "38250000", "38580000",
       "38900000", "39230000", "39550000", "39870000", "40200000",
       "40570000", "40850000", "41170000", "41490000", "41820000",
       "42160000", "42470000", "42790000", "43120000", "43440000",
       "43780000", "44230000" ]
   chunks:
      - { path:"Recordings/Action_20180109T111126/recording.avi",
          startFrameIdx:0 }
