<?xml version="1.0"?>
<opencv_storage>
<keyPoints>
  2.7120889282226562e+002 2.4345983505249023e+001
  1.4046884536743164e+001 9.2298828125000000e+001
  3.4798690795898437e+001 0 -1 3.3714916992187500e+002
  2.4669219970703125e+001 1.3920480728149414e+001
  6.7184791564941406e+001 3.3416122436523438e+001 0 -1
  2.6751345825195312e+002 2.6288633346557617e+001
  1.3925173759460449e+001 9.3565345764160156e+001
  4.4187316894531250e+001 0 -1 3.9068585205078125e+002
  2.6965700149536133e+001 1.3064516067504883e+001
  9.8249351501464844e+001 3.3487907409667969e+001 0 -1
  3.8212133789062500e+002 2.8960311889648438e+001 12.
  8.8003715515136719e+001 38. 0 -1 3.8447695922851562e+002
  3.1544595718383789e+001 1.5820981979370117e+001
  1.1529489135742187e+002 3.4280876159667969e+001 0 -1
  3.7293643188476562e+002 3.9483314514160156e+001
  1.4127895355224609e+001 2.5487838745117187e+002
  3.8339614868164063e+001 0 -1 3.9628720092773437e+002
  4.3732685089111328e+001 1.7390274047851563e+001
  2.4733935546875000e+002 1.2297927856445312e+002 0 -1
  2.7877282714843750e+002 5.1610313415527344e+001
  1.3220500946044922e+001 1.1724786376953125e+002
  6.5716598510742187e+001 0 -1 2.4525721740722656e+002
  8.0695770263671875e+001 1.5827587127685547e+001
  2.3420317077636719e+002 1.3670260620117187e+002 0 -1
  3.9761892700195312e+002 8.3339096069335938e+001
  1.4533981323242188e+001 6.6632850646972656e+001
  1.1618569946289062e+002 0 -1 2.1603422546386719e+002
  1.0078432464599609e+002 1.4490869522094727e+001
  2.7213629150390625e+002 4.0737670898437500e+001 0 -1
  2.9259094238281250e+002 1.0061630249023437e+002
  1.4937667846679687e+001 2.6327020263671875e+002
  4.0926261901855469e+001 0 -1 3.1749975585937500e+002
  1.0116641998291016e+002 1.4113718032836914e+001
  2.6453256225585937e+002 4.3549880981445313e+001 0 -1
  3.9399249267578125e+002 1.0160723114013672e+002
  1.4832971572875977e+001 2.5411550903320312e+002
  4.6320426940917969e+001 0 -1 4.1960946655273437e+002
  1.0137142181396484e+002 1.3458948135375977e+001
  2.4824497985839844e+002 4.6422821044921875e+001 0 -1
  2.1839707946777344e+002 1.0429576110839844e+002
  1.3468126296997070e+001 2.9032620239257812e+002
  3.1577468872070313e+001 0 -1 4.1843728637695312e+002
  1.0643749237060547e+002 1.4451866149902344e+001
  2.7775006103515625e+002 6.1343658447265625e+001 0 -1
  4.0171124267578125e+002 1.0948116302490234e+002
  1.5665407180786133e+001 2.6390264892578125e+002
  3.9207122802734375e+001 0 -1 4.1132400512695312e+002
  1.0958908081054687e+002 1.6804718017578125e+001
  2.7974359130859375e+002 4.6120086669921875e+001 0 -1
  2.4400415039062500e+002 1.1306536865234375e+002
  1.2567566871643066e+001 2.0779545593261719e+002
  3.8165542602539063e+001 0 -1 3.6616000366210937e+002
  1.1483395385742187e+002 1.4520000457763672e+001
  2.3486842346191406e+002 3.4205001831054688e+001 0 -1
  2.4838737487792969e+002 1.4460342407226562e+002
  1.4842105865478516e+001 3.6663383483886719e+001
  4.5263168334960938e+001 0 -1 2.4312716674804687e+002
  1.6984580993652344e+002 1.4032257080078125e+001
  1.1000140380859375e+002 3.8778213500976562e+001 0 -1
  3.6536013793945312e+002 1.7044015502929687e+002
  1.2684873580932617e+001 1.4696588134765625e+002
  3.6749771118164063e+001 0 -1 4.9659594726562500e+002
  1.7476141357421875e+002 1.1181818008422852e+001
  2.2484204769134521e+000 3.3306816101074219e+001 0 -1
  4.5041998291015625e+002 1.8892619323730469e+002
  1.2500000000000000e+001 1.9719083786010742e+001
  3.1083335876464844e+001 0 -1 2.4212316894531250e+002
  2.2643013000488281e+002 1.3754365921020508e+001
  1.0924973297119141e+002 3.9277832031250000e+001 0 -1
  3.6453616333007812e+002 2.2636071777343750e+002
  1.3050513267517090e+001 1.0711373138427734e+002
  4.4603042602539063e+001 0 -1 2.4574703979492188e+002
  2.2703141784667969e+002 1.3645160675048828e+001
  9.3645637512207031e+001 3.2165328979492188e+001 0 -1
  3.6651892089843750e+002 2.2734474182128906e+002
  1.4428570747375488e+001 1.0096298217773437e+002
  3.1720237731933594e+001 0 -1 3.4074322509765625e+002
  2.4892649841308594e+002 1.2230768203735352e+001
  1.2607917022705078e+002 4.9028839111328125e+001 0 -1
  2.4106155395507812e+002 2.8306790161132812e+002
  1.5777113914489746e+001 2.0866178894042969e+002
  4.9438217163085938e+001 0 -1 2.4545503234863281e+002
  2.8338757324218750e+002 14. 2.9168215942382812e+002
  3.2333328247070312e+001 0 -1 3.1509091186523437e+002 318.
  1.4181818008422852e+001 2.0125068664550781e+002
  3.9454551696777344e+001 0 -1 3.9715875244140625e+002
  3.0711021423339844e+001 1.8799165725708008e+001
  1.0252168273925781e+002 3.2072547912597656e+001 1 -1
  3.7311981201171875e+002 4.0221858978271484e+001
  1.9669584274291992e+001 2.0226307678222656e+002
  3.4191806793212891e+001 1 -1 3.9505694580078125e+002
  4.7607555389404297e+001 2.1426246643066406e+001
  2.3118267822265625e+002 1.4842532348632812e+002 1 -1
  2.4545535278320312e+002 8.2176292419433594e+001 24.
  1.6018293762207031e+002 1.7043847656250000e+002 1 -1
  3.9561016845703125e+002 8.3271240234375000e+001
  2.1393001556396484e+001 2.2436930847167969e+002
  1.5545410156250000e+002 1 -1 3.1766452026367187e+002
  1.0135793304443359e+002 1.3693710327148438e+001
  2.6188186645507812e+002 3.9315483093261719e+001 1 -1
  4.1920971679687500e+002 1.0161373138427734e+002
  1.6856487274169922e+001 2.6846661376953125e+002
  4.9262985229492188e+001 1 -1 2.1650000000000000e+002
  1.0650000000000000e+002 24. 3.0210461425781250e+002
  5.0333007812500000e+001 1 -1 2.9334899902343750e+002
  1.0625552368164062e+002 1.9839515686035156e+001
  2.3837091064453125e+002 4.8728965759277344e+001 1 -1
  3.1729528808593750e+002 1.0665625000000000e+002
  2.0250000000000000e+001 2.9320452880859375e+002
  4.8125000000000000e+001 1 -1 4.1148883056640625e+002
  1.0597822570800781e+002 2.1096469879150391e+001
  2.7486325073242187e+002 3.5529037475585938e+001 1 -1
  4.1747979736328125e+002 1.0740579223632812e+002
  1.8316925048828125e+001 2.8781304931640625e+002
  6.9034317016601562e+001 1 -1 3.6507031250000000e+002
  1.1447450256347656e+002 1.4512144088745117e+001
  2.3731808471679687e+002 3.6500083923339844e+001 1 -1
  1.9194052124023437e+002 1.2144157409667969e+002
  1.9105262756347656e+001 1.4206500244140625e+002
  3.0322372436523438e+001 1 -1 2.4447154235839844e+002
  1.4250000000000000e+002 24. 1.3175102233886719e+002
  1.6578320312500000e+002 1 -1 3.6551177978515625e+002
  1.4220294189453125e+002 1.9105125427246094e+001
  1.6261293029785156e+002 1.3788342285156250e+002 1 -1
  2.4237280273437500e+002 226. 12. 1.1172376251220703e+002
  3.8538253784179688e+001 1 -1 3.6657086181640625e+002
  2.5650000000000000e+002 24. 1.2179015350341797e+002
  1.9580468750000000e+002 1 -1 2.4088835144042969e+002
  2.8324673461914062e+002 1.8387195587158203e+001
  1.4322210693359375e+002 4.8390159606933594e+001 1 -1
  3.1397363281250000e+002 3.1677832031250000e+002
  1.7320327758789063e+001 2.4134825134277344e+002
  4.2073230743408203e+001 1 -1 3.7342547607421875e+002
  4.0516860961914062e+001 18. 2.2983169555664062e+002
  3.3993164062500000e+001 2 -1 2.7911376953125000e+002
  4.5508823394775391e+001 2.7611354827880859e+001
  1.1227625274658203e+002 1.7502441406250000e+002 2 -1
  3.9574557495117187e+002 4.5722068786621094e+001
  2.5739089965820313e+001 1.3996418762207031e+002
  1.4770794677734375e+002 2 -1 2.4529219055175781e+002
  8.2414627075195313e+001 2.7345161437988281e+001
  1.7330390930175781e+002 1.7911291503906250e+002 2 -1
  3.9560305786132812e+002 8.3736526489257813e+001
  2.2427257537841797e+001 2.3376463317871094e+002
  1.4815858459472656e+002 2 -1 2.1635447692871094e+002
  1.0094362640380859e+002 2.2565216064453125e+001
  2.8724517822265625e+002 3.8219203948974609e+001 2 -1
  2.9285400390625000e+002 1.0061793518066406e+002
  2.4130434036254883e+001 2.4153100585937500e+002
  4.2001811981201172e+001 2 -1 3.9473275756835937e+002
  1.0066944122314453e+002 2.4491003036499023e+001
