<?xml version="1.0"?>
<opencv_storage>
<keyPoints>
  2.6517669677734375e+002 3.0195440292358398e+001
  1.4882352828979492e+001 8.9649841308593750e+001
  7.9884811401367188e+001 0 -1 2.6783407592773437e+002
  3.0069799423217773e+001 1.4419355392456055e+001
  8.8785461425781250e+001 7.9040313720703125e+001 0 -1
  2.8138580322265625e+002 4.9577056884765625e+001
  1.5867469787597656e+001 3.0796899414062500e+002
  1.5124249267578125e+002 0 -1 3.9854269409179687e+002
  5.2406932830810547e+001 1.4692306518554688e+001
  2.3843322753906250e+001 1.5477886962890625e+002 0 -1
  2.7908917236328125e+002 5.5533351898193359e+001
  1.3399942398071289e+001 7.8907562255859375e+001
  4.4076850891113281e+001 0 -1 2.0070890808105469e+002
  7.4121856689453125e+001 1.3338386535644531e+001
  2.3808563232421875e+002 1.3064938354492187e+002 0 -1
  2.6379946899414063e+002 7.5296173095703125e+001
  1.3790817260742188e+001 2.9219409179687500e+002
  1.4379745483398437e+002 0 -1 2.0060742187500000e+002
  7.8762855529785156e+001 1.2872157096862793e+001
  2.2477462768554687e+002 1.1745504760742187e+002 0 -1
  2.6339108276367188e+002 7.9882530212402344e+001
  1.3409639358520508e+001 3.1241040039062500e+002
  1.1429067993164062e+002 0 -1 4.2718545532226562e+002
  8.1776634216308594e+001 1.3917520523071289e+001
  8.6551597595214844e+001 5.3502548217773438e+001 0 -1
  2.3149243164062500e+002 9.8174240112304688e+001
  1.3909090042114258e+001 1.9346081542968750e+002
  5.2227279663085938e+001 0 -1 2.3485218811035156e+002
  9.7783889770507813e+001 1.1270270347595215e+001
  3.2171102905273438e+002 7.8820953369140625e+001 0 -1
  2.3153509521484375e+002 1.0038857269287109e+002
  1.1204081535339355e+001 1.4960394287109375e+002
  6.8862243652343750e+001 0 -1 2.3530056762695312e+002
  1.0161074829101562e+002 1.5697674751281738e+001
  5.1887199401855469e+001 7.4165695190429688e+001 0 -1
  3.7798794555664062e+002 1.0125969696044922e+002
  1.2036144256591797e+001 3.1283572387695312e+002
  6.0001495361328125e+001 0 -1 3.7426129150390625e+002
  1.0180036926269531e+002 1.2714285850524902e+001
  2.1658680725097656e+002 5.2446426391601563e+001 0 -1
  3.7762478637695312e+002 1.0458650970458984e+002
  1.4454545974731445e+001 3.7997070312500000e+001
  7.1681823730468750e+001 0 -1 3.2912405395507812e+002
  1.4690046691894531e+002 1.7076923370361328e+001
  2.8923138427734375e+002 4.4307693481445313e+001 0 -1
  3.2719387817382812e+002 1.5135240173339844e+002
  1.3580310821533203e+001 2.4011105346679687e+002
  7.3699127197265625e+001 0 -1 3.2893560791015625e+002
  1.5412881469726562e+002 1.3142856597900391e+001
  5.7891544342041016e+001 5.0761901855468750e+001 0 -1
  2.3312068176269531e+002 1.6067031860351562e+002
  1.7068965911865234e+001 2.8235958862304687e+002
  7.0349136352539062e+001 0 -1 3.7675000000000000e+002
  1.6375000000000000e+002 18. 2.7892813110351562e+002
  8.5111114501953125e+001 0 -1 2.2979676818847656e+002
  1.6419154357910156e+002 1.3500000000000000e+001
  2.1809631347656250e+002 60. 0 -1 2.3282818603515625e+002
  1.6385200500488281e+002 1.1838709831237793e+001
  2.8824856567382812e+002 8.4033599853515625e+001 0 -1
  2.2990866088867187e+002 1.6506494140625000e+002
  1.1805194854736328e+001 2.0402017211914062e+002
  6.0040588378906250e+001 0 -1 2.3282392883300781e+002
  1.6693923950195312e+002 1.3458146095275879e+001
  5.1380908966064453e+001 5.7504882812500000e+001 0 -1
  3.7378796386718750e+002 1.6732339477539062e+002
  1.3392857551574707e+001 2.1871301269531250e+002
  6.6508926391601563e+001 0 -1 3.7678057861328125e+002
  1.6681756591796875e+002 1.1800000190734863e+001
  2.9116036987304687e+002 7.2050018310546875e+001 0 -1
  3.7706811523437500e+002 1.7018824768066406e+002
  1.3959999084472656e+001 4.1647190093994141e+001
  8.1001678466796875e+001 0 -1 3.1236120605468750e+002
  1.8936547851562500e+002 17. 3.0758328247070312e+002
  5.5333328247070313e+001 0 -1 3.1391278076171875e+002
  1.9251907348632812e+002 1.3153846740722656e+001
  3.3221401977539062e+002 3.5721145629882813e+001 0 -1
  3.1058053588867187e+002 1.9590882873535156e+002
  1.2687860488891602e+001 3.0677288818359375e+002
  7.8164764404296875e+001 0 -1 2.7797674560546875e+002
  2.0497674560546875e+002 1.2069766998291016e+001
  3.0759356689453125e+002 3.9002914428710937e+001 0 -1
  2.7203881835937500e+002 2.0465049743652344e+002
  1.4815383911132812e+001 2.0780322265625000e+002
  1.1415576171875000e+002 0 -1 272. 209. 1.1914285659790039e+001
  1.5413047790527344e+002 3.5003570556640625e+001 0 -1
  2.7603619384765625e+002 2.0875726318359375e+002 13.
  1.3986346435546875e+002 1.0204167175292969e+002 0 -1
  3.1141653442382812e+002 2.1140551757812500e+002
  1.4963089942932129e+001 8.9052268981933594e+001
  6.7836059570312500e+001 0 -1 2.8571154785156250e+002
  2.2151565551757813e+002 1.4470587730407715e+001
  6.4328186035156250e+001 1.4064703369140625e+002 0 -1
  2.3050633239746094e+002 2.2996759033203125e+002
  1.3481012344360352e+001 2.7126953125000000e+002
  8.1406646728515625e+001 0 -1 2.3146258544921875e+002
  2.3044709777832031e+002 1.1555887222290039e+001
  2.9777359008789062e+002 7.6752334594726563e+001 0 -1
  3.7417514038085937e+002 2.3330668640136719e+002
  1.3592535018920898e+001 2.5334390258789063e+002
  6.5280517578125000e+001 0 -1 2.3175196838378906e+002
  2.3458331298828125e+002 1.5083166122436523e+001
  6.2857376098632812e+001 5.7254196166992188e+001 0 -1
  3.7564468383789062e+002 2.3348062133789062e+002
  1.1963564872741699e+001 3.0296295166015625e+002
  6.7670471191406250e+001 0 -1 2.3035702514648437e+002
  2.9721658325195312e+002 1.2780821800231934e+001
  2.9978518676757812e+002 6.9618133544921875e+001 0 -1
  3.6880929565429687e+002 2.9783874511718750e+002
  1.7166667938232422e+001 2.2526251220703125e+002
  7.7347229003906250e+001 0 -1 377. 2.9875000000000000e+002 18.
  3.2242407226562500e+002 55. 0 -1 3.7235656738281250e+002
  3.0013040161132812e+002 1.4877551078796387e+001
  2.5011039733886719e+002 7.1635208129882813e+001 0 -1
  3.7384460449218750e+002 3.0003585815429687e+002
  1.3173913955688477e+001 2.8982412719726562e+002
  7.2320648193359375e+001 0 -1 2.6608834838867188e+002
  3.0456939697265625e+001 1.6188678741455078e+001
  9.0421470642089844e+001 7.5614387512207031e+001 1 -1
  2.8049633789062500e+002 4.9677368164062500e+001
  2.1458293914794922e+001 2.9911822509765625e+002
  1.6794377136230469e+002 1 -1 4.2631262207031250e+002
  6.6934097290039063e+001 2.1754320144653320e+001
  2.2408094787597656e+002 8.8422370910644531e+001 1 -1
  4.3704507446289062e+002 6.8126670837402344e+001
  1.6992172241210937e+001 2.3675109863281250e+001
  5.6126716613769531e+001 1 -1 2.6330743408203125e+002
  7.7890335083007812e+001 1.7509853363037109e+001
  3.0851272583007812e+002 1.0964578247070312e+002 1 -1
  3.3807974243164062e+002 8.1549003601074219e+001 18.
  1.5601638793945312e+002 178. 1 -1 3.7081439208984375e+002
  1.0222216796875000e+002 2.1289527893066406e+001
  1.9845425415039062e+002 8.1157806396484375e+001 1 -1
  2.3169796752929687e+002 1.6422756958007812e+002
  1.9800001144409180e+001 2.6574737548828125e+002
  5.6450000762939453e+001 1 -1 3.7384539794921875e+002
  1.6717706298828125e+002 1.5710289001464844e+001
  2.2143566894531250e+002 5.6982254028320312e+001 1 -1
  3.1130859375000000e+002 2.1078833007812500e+002
  1.9368724822998047e+001 7.9317092895507813e+001
  7.4893402099609375e+001 1 -1 2.8543405151367187e+002
  2.2104418945312500e+002 1.5857142448425293e+001
  6.3881290435791016e+001 1.3778570556640625e+002 1 -1
  2.2849719238281250e+002 2.9733801269531250e+002
  1.8348836898803711e+001 2.4776908874511719e+002
  6.7072662353515625e+001 1 -1 3.6944604492187500e+002
  2.9864550781250000e+002 2.0507843017578125e+001
  2.2015145874023437e+002 1.0037719726562500e+002 1 -1
  2.8061230468750000e+002 4.9870113372802734e+001
  2.2147752761840820e+001 2.9935867309570312e+002
  1.6626521301269531e+002 2 -1 3.9731692504882812e+002
  5.2363506317138672e+001 2.5531642913818359e+001
