<?xml version="1.0"?>
<opencv_storage>
<keyPoints>
  3.9157037353515625e+002 2.4533405303955078e+001
  1.3181818008422852e+001 1.3398631286621094e+002
  3.0640151977539063e+001 0 -1 2.6782885742187500e+002
  3.0160043716430664e+001 1.4666666030883789e+001
  8.8931442260742188e+001 7.7333328247070313e+001 0 -1
  3.8815921020507812e+002 2.9903688430786133e+001
  1.1375000000000000e+001 1.9126797485351562e+002
  3.0260421752929687e+001 0 -1 3.9854251098632812e+002
  5.2440132141113281e+001 1.4764705657958984e+001
  3.4302070617675781e+001 1.4082846069335938e+002 0 -1
  4.4425000000000000e+002 5.2750000000000000e+001 18.
  2.8072225952148437e+002 6.0333007812500000e+001 0 -1
  2.7923446655273437e+002 5.5538543701171875e+001
  1.3247360229492188e+001 8.1968963623046875e+001
  4.4317672729492188e+001 0 -1 4.3052334594726562e+002
  6.8291885375976562e+001 1.4860465049743652e+001
  2.1696166992187500e+002 7.7886627197265625e+001 0 -1
  4.4491824340820312e+002 6.8597694396972656e+001
  1.3750000000000000e+001 2.6624597549438477e+001
  3.6020835876464844e+001 0 -1 2.0467449951171875e+002
  7.3801834106445312e+001 1.3812163352966309e+001
  1.3027711868286133e+001 1.2686706542968750e+002 0 -1
  2.6775408935546875e+002 7.5436721801757812e+001
  1.4140977859497070e+001 2.9483752441406250e+002
  1.4646423339843750e+002 0 -1 2.0460438537597656e+002
  7.8022621154785156e+001 1.3018867492675781e+001
  5.8785526275634766e+001 1.1352828979492187e+002 0 -1
  2.6760137939453125e+002 7.9527839660644531e+001
  1.3301221847534180e+001 3.0246969604492188e+002
  1.1969314575195312e+002 0 -1 3.4943768310546875e+002
  8.2732322692871094e+001 1.7783824920654297e+001
  1.1180670166015625e+002 4.4014816284179688e+001 0 -1
  2.3587570190429687e+002 1.0081274414062500e+002
  1.4294116973876953e+001 6.6026802062988281e+001
  4.2485290527343750e+001 0 -1 3.7881961059570312e+002
  1.0486118316650391e+002 1.4166666984558105e+001
  2.9861047363281250e+002 3.7347213745117188e+001 0 -1
  2.3413896179199219e+002 1.6639242553710937e+002
  1.2867046356201172e+001 2.0961134338378906e+002
  3.6340202331542969e+001 0 -1 3.7766360473632812e+002
  1.7144947814941406e+002 1.3609661102294922e+001
  2.0639302062988281e+002 3.7477798461914063e+001 0 -1
  3.7468301391601562e+002 3.0367453002929687e+002
  1.3687520980834961e+001 1.9398570251464844e+002
  3.3724624633789063e+001 0 -1 2.6649932861328125e+002
  3.0280632019042969e+001 18. 9.1070678710937500e+001
  7.4419921875000000e+001 1 -1 4.4250000000000000e+002
  6.7180000305175781e+001 24. 3.4197045898437500e+002
  6.2445312500000000e+001 1 -1 3.4282794189453125e+002
  8.1218475341796875e+001 1.8528676986694336e+001
  1.5663314819335937e+002 1.7516021728515625e+002 1 -1
  3.7854098510742187e+002 1.0361145782470703e+002
  1.8754207611083984e+001 3.1795089721679687e+002
  3.6070121765136719e+001 1 -1 2.4181979370117187e+002
  1.6773451232910156e+002 1.8591531753540039e+001
  3.5438705444335937e+002 3.3024215698242188e+001 1 -1
  3.7712750244140625e+002 1.6967416381835937e+002
  1.8054422378540039e+001 2.0301507568359375e+002
  3.7012947082519531e+001 1 -1 3.7458038330078125e+002
  3.0112991333007812e+002 2.1284849166870117e+001
  8.9637786865234375e+001 3.3090988159179688e+001 1 -1
  2.8057577514648437e+002 4.9904655456542969e+001
  2.3347583770751953e+001 3.0321209716796875e+002
  1.6300218200683594e+002 2 -1 3.9705868530273437e+002
  5.2440376281738281e+001 2.6907703399658203e+001
  4.6129943847656250e+001 1.6295042419433594e+002 2 -1
  4.4325552368164062e+002 5.3341346740722656e+001
  2.6040000915527344e+001 2.8627746582031250e+002
  7.3963340759277344e+001 2 -1 2.2926376342773437e+002
  5.7208721160888672e+001 2.9669780731201172e+001
  3.2494662475585938e+002 7.4670814514160156e+001 2 -1
  2.0322976684570312e+002 5.6973541259765625e+001 30.
  3.1078027343750000e+002 6.7666664123535156e+001 2 -1
  4.2990045166015625e+002 6.9290130615234375e+001
  2.6397518157958984e+001 2.1464958190917969e+002
  9.4130210876464844e+001 2 -1 4.4334429931640625e+002
  6.7588172912597656e+001 2.7704425811767578e+001
  3.3940319824218750e+002 6.7140968322753906e+001 2 -1
  2.6775000000000000e+002 7.5750000000000000e+001 18.
  3.0087283325195312e+002 1.2866667175292969e+002 2 -1
  3.4501370239257812e+002 8.0405853271484375e+001
  2.9355361938476563e+001 1.5343455505371094e+002
  2.0457575988769531e+002 2 -1 4.2978289794921875e+002
  8.1508392333984375e+001 30. 9.6193260192871094e+001 90. 2 -1
  3.7777340698242187e+002 1.6885990905761719e+002
  2.3143779754638672e+001 2.3077491760253906e+002
  3.9111785888671875e+001 2 -1 4.4402911376953125e+002
  5.2500000000000000e+001 24. 2.8371801757812500e+002
  7.2470977783203125e+001 3 -1 2.0211544799804687e+002
  5.7594139099121094e+001 3.6202781677246094e+001
  4.1139492034912109e+001 7.0002693176269531e+001 3 -1
  2.2808535766601562e+002 5.7314750671386719e+001
  3.4244705200195313e+001 2.0244159698486328e+001
  6.8513267517089844e+001 3 -1 4.4279321289062500e+002
  6.7013305664062500e+001 2.9337360382080078e+001
  3.2747534179687500e+002 6.8235992431640625e+001 3 -1
  4.3028460693359375e+002 7.2707763671875000e+001
  3.9079673767089844e+001 5.4113883972167969e+001
  8.6541282653808594e+001 3 -1 3.4508428955078125e+002
  8.1144775390625000e+001 30. 1.5146490478515625e+002
  1.9837500000000000e+002 3 -1 4.2947723388671875e+002
  8.0763549804687500e+001 36. 8.3806289672851563e+001 85. 3 -1
  4.3007824707031250e+002 8.0770362854003906e+001 42.
  4.8047527313232422e+001 8.6250000000000000e+001 4 -1
  3.7795214843750000e+002 1.6886277770996094e+002
  4.3714286804199219e+001 3.2870874023437500e+002
  3.2446426391601563e+001 4 -1</keyPoints>
