<?xml version="1.0"?>
<opencv_storage>
<keyPoints>
  2.7131710815429687e+002 2.4420909881591797e+001
  1.3727272033691406e+001 9.1445770263671875e+001
  3.7367416381835938e+001 0 -1 2.6759671020507812e+002
  2.6408363342285156e+001 1.3764705657958984e+001
  9.3083915710449219e+001 4.6470596313476562e+001 0 -1
  3.9076052856445312e+002 2.6956296920776367e+001
  1.3444444656372070e+001 9.8293693542480469e+001
  3.4782409667968750e+001 0 -1 3.7269137573242187e+002
  3.9515743255615234e+001 1.4539309501647949e+001
  2.5633480834960937e+002 4.1305953979492188e+001 0 -1
  3.9635049438476562e+002 4.3734737396240234e+001
  1.6918947219848633e+001 2.4991864013671875e+002
  1.2058084106445312e+002 0 -1 2.8131777954101562e+002
  4.4584796905517578e+001 15. 2.6642697143554687e+002
  1.1112500000000000e+002 0 -1 2.7883993530273437e+002
  5.1603889465332031e+001 1.3189695358276367e+001
  1.1293527221679687e+002 6.9639144897460938e+001 0 -1
  2.4534434509277344e+002 8.0703750610351562e+001
  1.5917647361755371e+001 2.4686132812500000e+002
  1.3611911010742187e+002 0 -1 3.9764385986328125e+002
  8.3157318115234375e+001 1.4437500000000000e+001
  5.9895153045654297e+001 1.1392187500000000e+002 0 -1
  2.1599014282226562e+002 1.0078250122070312e+002
  1.3565217018127441e+001 2.7295822143554687e+002
  4.8565216064453125e+001 0 -1 3.1761822509765625e+002
  1.0129089355468750e+002 1.3704457283020020e+001
  2.6123492431640625e+002 4.9825546264648438e+001 0 -1
  3.9435061645507812e+002 1.0151261138916016e+002
  1.2510536193847656e+001 2.7275964355468750e+002
  3.3296791076660156e+001 0 -1 4.1963333129882813e+002
  1.0125773620605469e+002 1.3444118499755859e+001
  2.3927297973632812e+002 4.9581886291503906e+001 0 -1
  3.1821160888671875e+002 1.0415209197998047e+002
  1.3319999694824219e+001 2.7171627807617187e+002
  3.0605003356933594e+001 0 -1 1.9225000000000000e+002
  1.0675000000000000e+002 18. 2.3030592346191406e+002
  6.3666992187500000e+001 0 -1 4.1841497802734375e+002
  1.0654853057861328e+002 1.5177930831909180e+001
  2.7444012451171875e+002 5.3072341918945313e+001 0 -1
  4.1128793334960937e+002 1.0968913269042969e+002
  1.7526424407958984e+001 2.7344799804687500e+002
  4.6745895385742188e+001 0 -1 3.6663830566406250e+002
  1.1440556335449219e+002 1.3333333969116211e+001
  2.3251306152343750e+002 3.6888900756835938e+001 0 -1
  2.4851345825195312e+002 1.4469644165039062e+002
  1.4199998855590820e+001 2.8255126953125000e+001
  4.7024993896484375e+001 0 -1 3.6854394531250000e+002
  1.4618972778320312e+002 14. 1.1356333923339844e+002
  3.4333328247070312e+001 0 -1 3.6649063110351562e+002
  1.7138421630859375e+002 1.4454545974731445e+001
  1.5096014404296875e+002 3.5840911865234375e+001 0 -1
  4.9643643188476562e+002 1.7444929504394531e+002
  1.0350000381469727e+001 8.2212419509887695e+000
  5.7512500762939453e+001 0 -1 3.6658364868164062e+002
  2.2737333679199219e+002 1.4661493301391602e+001
  1.0186584472656250e+002 3.5983718872070313e+001 0 -1
  3.4078768920898437e+002 2.4893313598632812e+002
  1.2409090042114258e+001 1.2292137145996094e+002
  5.3102279663085938e+001 0 -1 3.6708126831054687e+002
  2.8370123291015625e+002 1.7400001525878906e+001
  1.5841731262207031e+002 5.4100006103515625e+001 0 -1
  2.4059317016601562e+002 2.8432058715820312e+002
  1.4770457267761230e+001 2.1453242492675781e+002
  3.2980384826660156e+001 0 -1 2.5695349121093750e+002
  3.2547729492187500e+002 1.2951219558715820e+001
  3.0758306884765625e+002 5.3515243530273438e+001 0 -1
  3.7278936767578125e+002 3.9622474670410156e+001
  1.5514801025390625e+001 2.5233709716796875e+002
  3.9785003662109375e+001 1 -1 3.9473654174804687e+002
  4.7466968536376953e+001 2.1241064071655273e+001
  2.3841346740722656e+002 1.4913491821289062e+002 1 -1
  2.4550781250000000e+002 8.2166961669921875e+001 24.
  1.5792268371582031e+002 1.6809765625000000e+002 1 -1
  3.9553308105468750e+002 8.3202163696289063e+001
  2.1333301544189453e+001 1.7766673278808594e+002
  1.5710662841796875e+002 1 -1 318. 101. 12. 2.5424179077148437e+002
  5.0333007812500000e+001 1 -1 4.1904870605468750e+002
  1.0156491088867187e+002 1.7776763916015625e+001
  2.6494848632812500e+002 5.3008739471435547e+001 1 -1
  2.9362063598632812e+002 1.0613961791992187e+002
  1.7723670959472656e+001 2.4034704589843750e+002
  4.9816894531250000e+001 1 -1 3.1850000000000000e+002
  1.0650000000000000e+002 24. 2.9197329711914062e+002
  5.2333007812500000e+001 1 -1 4.1173297119140625e+002
  1.0588653564453125e+002 21. 2.6875985717773437e+002
  3.5875000000000000e+001 1 -1 4.0918209838867187e+002
  1.0825000000000000e+002 1.9512109756469727e+001
  2.6708648681640625e+002 3.6384178161621094e+001 1 -1
  4.1802380371093750e+002 1.0768532562255859e+002
  1.9551723480224609e+001 2.8263238525390625e+002
  5.9969833374023438e+001 1 -1 3.6467483520507812e+002
  1.1102246856689453e+002 1.8665653228759766e+001
  2.1128401184082031e+002 3.0110733032226563e+001 1 -1
  1.9241906738281250e+002 1.2168401336669922e+002
  2.0142856597900391e+001 1.4308482360839844e+002
  3.0892860412597656e+001 1 -1 2.4431634521484375e+002
  1.4250000000000000e+002 24. 1.1949268341064453e+002
  1.6320703125000000e+002 1 -1 3.6590347290039062e+002
  1.4216439819335937e+002 1.9506938934326172e+001
  1.6176245117187500e+002 1.3153649902343750e+002 1 -1
  3.6634304809570312e+002 1.7127662658691406e+002
  1.5705881118774414e+001 1.4891973876953125e+002
  3.7242645263671875e+001 1 -1 4.9262454223632812e+002
  1.7298828125000000e+002 1.9140510559082031e+001
  4.4234127044677734e+001 3.0209442138671875e+001 1 -1
  2.4625000000000000e+002 2.2706100463867187e+002
  1.8677585601806641e+001 9.4674812316894531e+001
  3.6806015014648437e+001 1 -1 3.6669424438476562e+002
  2.5650000000000000e+002 24. 1.1251781463623047e+002
  1.9533007812500000e+002 1 -1 3.6735913085937500e+002
  2.8342016601562500e+002 2.0065126419067383e+001
  1.3717176818847656e+002 5.7771812438964844e+001 1 -1
  3.1529348754882812e+002 3.1969631958007812e+002
  1.8286439895629883e+001 1.6172059631347656e+002
  3.6012489318847656e+001 1 -1 2.7966394042968750e+002
  4.5636444091796875e+001 2.9194194793701172e+001
  1.0542344665527344e+002 1.7553913879394531e+002 2 -1
  3.9527117919921875e+002 4.6360366821289063e+001
  2.7382995605468750e+001 1.3310995483398437e+002
  1.4843605041503906e+002 2 -1 2.4511018371582031e+002
  8.2479362487792969e+001 2.7712059020996094e+001
  2.6115814208984375e+002 1.7643705749511719e+002 2 -1
  3.9538629150390625e+002 8.3772308349609375e+001
  2.1706035614013672e+001 2.1822070312500000e+002
  1.4757731628417969e+002 2 -1 2.9282614135742187e+002
  1.0074479675292969e+002 2.5090908050537109e+001
  2.3889093017578125e+002 4.1121204376220703e+001 2 -1
  3.9406997680664062e+002 1.0162439727783203e+002
  2.7680049896240234e+001 2.2437358093261719e+002
  4.8918762207031250e+001 2 -1 2.1728015136718750e+002
  1.0584608459472656e+002 3.4011405944824219e+001
  2.9935964965820312e+002 7.5833122253417969e+001 2 -1
  2.9374356079101562e+002 1.0811820220947266e+002
  2.7431629180908203e+001 2.1644352722167969e+002
  6.0911010742187500e+001 2 -1 3.1780017089843750e+002
  1.0745857238769531e+002 2.8247993469238281e+001
  2.8897454833984375e+002 6.1433288574218750e+001 2 -1
  1.9922203063964844e+002 1.0951300811767578e+002 30.
  2.4436212158203125e+002 50. 2 -1 2.0717741394042969e+002
  1.0748962402343750e+002 2.7750000000000000e+001
  2.7264511108398437e+002 7.8166664123535156e+001 2 -1
  3.0078616333007812e+002 1.0892830657958984e+002
  2.6577465057373047e+001 2.3397509765625000e+002
  5.9183673858642578e+001 2 -1 3.0938546752929687e+002
  1.0793035888671875e+002 2.7206897735595703e+001
  2.6719760131835937e+002 6.9761497497558594e+001 2 -1
  4.0347094726562500e+002 1.0774240112304687e+002
  2.8500000000000000e+001 2.4049156188964844e+002
  6.7750000000000000e+001 2 -1 4.1142599487304687e+002
  1.0892053222656250e+002 2.7857143402099609e+001
  2.6640307617187500e+002 8.2785682678222656e+001 2 -1
