<?xml version="1.0"?>
<opencv_storage>
<keyPoints>
  2.6755822753906250e+002 2.8426624298095703e+001
  1.4641872406005859e+001 9.0205749511718750e+001
  3.2164901733398438e+001 0 -1 2.8150961303710937e+002
  4.6575073242187500e+001 1.5505264282226563e+001
  3.0410272216796875e+002 1.5421182250976562e+002 0 -1
  3.9867254638671875e+002 4.6984294891357422e+001
  1.4203539848327637e+001 3.0842913818359375e+002
  1.3462057495117187e+002 0 -1 2.7940805053710937e+002
  5.2650482177734375e+001 1.3285087585449219e+001
  7.5114105224609375e+001 4.3532516479492187e+001 0 -1
  2.4740228271484375e+002 8.3688980102539063e+001
  1.4949580192565918e+001 2.3679862976074219e+001
  1.6137921142578125e+002 0 -1 2.1963745117187500e+002
  1.0243594360351562e+002 1.4947931289672852e+001
  3.5702005004882812e+002 3.5028228759765625e+001 0 -1
  3.0545083618164062e+002 1.0638433837890625e+002 13.
  2.6988009643554687e+002 3.0416671752929688e+001 0 -1
  1.9240406799316406e+002 1.0740007781982422e+002
  1.4351351737976074e+001 2.6219085693359375e+002
  4.5841217041015625e+001 0 -1 2.0032263183593750e+002
  1.0689757537841797e+002 1.1760000228881836e+001
  2.9166156005859375e+002 3.9039993286132813e+001 0 -1
  2.0344488525390625e+002 1.0659436798095703e+002
  1.1350700378417969e+001 3.0180175781250000e+002
  3.9697875976562500e+001 0 -1 2.9352700805664062e+002
  1.0729179382324219e+002 1.4400000572204590e+001
  2.5519683837890625e+002 3.3400009155273438e+001 0 -1
  2.2041230773925781e+002 1.2364717864990234e+002 15.
  8.9535951614379883e+000 5.7500000000000000e+001 0 -1
  3.7155725097656250e+002 1.4293632507324219e+002
  1.3784399032592773e+001 3.4049398803710937e+002
  3.7275566101074219e+001 0 -1 2.6319522094726562e+002
  1.7039779663085937e+002 1.2997247695922852e+001
  1.5064082336425781e+002 6.2959503173828125e+001 0 -1
  2.2953849792480469e+002 1.9046800231933594e+002
  1.3346090316772461e+001 3.5659545898437500e+002
  3.1045120239257813e+001 0 -1 2.1043725585937500e+002
  1.9681072998046875e+002 1.4584227561950684e+001
  1.3901807785034180e+001 4.8019851684570313e+001 0 -1
  2.1358921813964844e+002 1.9917633056640625e+002
  1.2422793388366699e+001 2.1744480133056641e+001
  3.8487518310546875e+001 0 -1 1.8859555053710937e+002
  2.0439170837402344e+002 1.4463687896728516e+001
  7.1102279663085938e+001 5.4055053710937500e+001 0 -1
  1.8234280395507812e+002 2.0700057983398437e+002
  1.2315790176391602e+001 6.9521926879882813e+001
  3.3052635192871094e+001 0 -1 2.5234585571289062e+002
  2.0955888366699219e+002 1.4647058486938477e+001
  2.7285358428955078e+001 9.9617645263671875e+001 0 -1
  3.1909286499023437e+002 3.2220071411132812e+002
  1.3007827758789063e+001 4.9606014251708984e+001
  3.0401260375976563e+001 0 -1 3.9044946289062500e+002
  2.8616939544677734e+001 1.6500000000000000e+001
  9.3053970336914063e+001 3.0125000000000000e+001 1 -1
  2.8085571289062500e+002 4.6436241149902344e+001
  1.9965419769287109e+001 2.9590151977539062e+002
  1.5934700012207031e+002 1 -1 3.9760980224609375e+002
  4.7023578643798828e+001 2.0489784240722656e+001
  2.7636691284179687e+002 1.2901248168945312e+002 1 -1
  2.4592166137695312e+002 8.3909622192382812e+001
  2.0145818710327148e+001 3.6601455688476562e+001
  1.8467239379882812e+002 1 -1 3.9564163208007812e+002
  8.4862335205078125e+001 1.9849117279052734e+001
  1.7192744445800781e+002 1.6216473388671875e+002 1 -1
  1.9342871093750000e+002 1.0028141021728516e+002
  1.6799999237060547e+001 2.9377044677734375e+002
  3.0200000762939453e+001 1 -1 1.6076992797851562e+002
  1.0215347290039062e+002 2.0846145629882813e+001
  6.3290924072265625e+001 5.6270919799804688e+001 1 -1
  1.8899710083007813e+002 1.0248359680175781e+002
  1.7431110382080078e+001 2.8426525878906250e+002
  4.3160423278808594e+001 1 -1 2.1894041442871094e+002
  1.0273706054687500e+002 1.9419754028320313e+001
  3.5286743164062500e+002 3.5106296539306641e+001 1 -1
  1.9220462036132812e+002 1.0844592285156250e+002
  1.7432170867919922e+001 2.6150976562500000e+002
  5.6135559082031250e+001 1 -1 2.9375653076171875e+002
  1.0848693847656250e+002 1.8081005096435547e+001
  2.5864096069335937e+002 3.7001121520996094e+001 1 -1
  2.9863214111328125e+002 1.0780223083496094e+002
  1.8751100540161133e+001 2.6406289672851562e+002
  3.5585098266601563e+001 1 -1 3.0061111450195312e+002
  1.1250000000000000e+002 24. 2.6372875976562500e+002 47. 1 -1
  2.4538175964355469e+002 1.1313841247558594e+002
  1.9416538238525391e+001 3.7306419372558594e+001
  3.5561477661132812e+001 1 -1 2.6947302246093750e+002
  1.2982444763183594e+002 2.0016155242919922e+001
  2.1993983459472656e+002 7.7815643310546875e+001 1 -1
  2.3207061767578125e+002 1.6440122985839844e+002
  2.1122276306152344e+001 2.9842416381835937e+002
  3.5188156127929687e+001 1 -1 1.9277777099609375e+002
  1.7250000000000000e+002 24. 2.8166448974609375e+002
  1.0068066406250000e+002 1 -1 2.3876766967773437e+002
  1.8717414855957031e+002 21. 3.5112103271484375e+002
  3.4125000000000000e+001 1 -1 2.1044314575195312e+002
  1.9678987121582031e+002 1.5463145256042480e+001
  1.5836521148681641e+001 4.9808959960937500e+001 1 -1
  2.1978793334960937e+002 1.9706335449218750e+002
  1.7479763031005859e+001 1.9367561340332031e+001
  5.6809955596923828e+001 1 -1 1.7747842407226562e+002
  2.0829502868652344e+002 1.9941177368164063e+001
  6.8119728088378906e+001 5.5889709472656250e+001 1 -1
  2.8134210205078125e+002 4.6829238891601563e+001
  1.9290206909179688e+001 2.9728616333007812e+002
  1.5649719238281250e+002 2 -1 2.2937113952636719e+002
  5.5253616333007812e+001 2.8119100570678711e+001
  3.2403222656250000e+002 7.2333030700683594e+001 2 -1
  2.0344131469726562e+002 5.5286231994628906e+001
  2.8694175720214844e+001 3.1786077880859375e+002
  5.9515544891357422e+001 2 -1 2.4620512390136719e+002
  8.3686462402343750e+001 2.4286556243896484e+001
  3.5790637969970703e+001 1.9497554016113281e+002 2 -1
  3.9650000000000000e+002 8.4684494018554688e+001
  2.4670778274536133e+001 1.6676896667480469e+002
  1.6402110290527344e+002 2 -1 2.1283406066894531e+002
  1.0061812591552734e+002 2.6333332061767578e+001
  6.4536581039428711e+000 4.2680553436279297e+001 2 -1
  2.3338951110839844e+002 1.0616499328613281e+002
  2.5965517044067383e+001 2.5726837158203125e+001
  3.5518676757812500e+001 2 -1 2.9908676147460937e+002
  1.0840507507324219e+002 2.3571428298950195e+001
  2.6384457397460938e+002 3.8035705566406250e+001 2 -1
  2.9468026733398437e+002 1.1004325866699219e+002
  2.4887174606323242e+001 2.5828723144531250e+002
  4.4121868133544922e+001 2 -1 2.4343948364257812e+002
  1.1306105041503906e+002 2.6396286010742187e+001
  3.3682623291015625e+002 4.7218486785888672e+001 2 -1
  3.2535336303710937e+002 1.1652348327636719e+002
  2.3423076629638672e+001 2.8247747802734375e+002
  6.3080139160156250e+001 2 -1 3.3135189819335938e+002
  1.1666472625732422e+002 2.4789474487304688e+001
  2.8670855712890625e+002 6.3164470672607422e+001 2 -1
  2.6450000000000000e+002 136. 36. 2.0530227661132812e+002 84. 2 -1
  2.6654226684570312e+002 1.3389300537109375e+002
  2.7750000000000000e+001 2.1091468811035156e+002
  5.5520832061767578e+001 2 -1 3.7176269531250000e+002
  1.4259384155273438e+002 2.3880001068115234e+001
  3.3817126464843750e+002 3.6001667022705078e+001 2 -1
  2.3231712341308594e+002 1.6463642883300781e+002
  2.1029838562011719e+001 2.9813162231445312e+002
  3.5726104736328125e+001 2 -1 2.5952038574218750e+002
  1.6422871398925781e+002 2.3913469314575195e+001
  1.6387603759765625e+002 6.3001434326171875e+001 2 -1
  2.4649223327636719e+002 1.6929797363281250e+002
  2.4924411773681641e+001 1.8143957519531250e+002
  3.3112232208251953e+001 2 -1 2.6274523925781250e+002
  1.7084109497070312e+002 2.5500000000000000e+001
  1.5111703491210937e+002 5.2125000000000000e+001 2 -1
  1.9278878784179687e+002 1.7348725891113281e+002
  3.0931034088134766e+001 2.8704852294921875e+002
  1.1389941406250000e+002 2 -1 3.3620666503906250e+002
