%YAML:1.0
---
recording:
   type: VideoRecording
   recordId: Action_20180109T111055
   channelId: main
   timeStamp: "131599698558620000"
   sessionTimestamp: "0"
   width: 0
   height: 0
   frameCount: 127
   fps: 2.9969999999999999e+001
   recordingType: 2000
   frameTransformRect: [ [ -1, -1 ], [ -1, -1 ], [ -1, -1 ], [ -1, -1 ] ]
   trackingMode: 1
   segments:
      - { startFrame:29, stopFrame:49, segmentType:2000, focusFrame:-1,
          focusPoint:{ values:[ -1., -1. ], type:Vector2 }, isFragment:0 }
      - { startFrame:60, stopFrame:94, segmentType:2000, focusFrame:-1,
          focusPoint:{ values:[ -1., -1. ], type:Vector2 }, isFragment:0 }
      - { startFrame:0, stopFrame:120, segmentType:1000, focusFrame:-1,
          focusPoint:{ values:[ -1., -1. ], type:Vector2 }, isFragment:0 }
   framesRelTs: [ "0", "270000", "650000", "870000", "1290000",
       "1730000", "1950000", "2260000", "2600000", "2930000", "3260000",
       "3580000", "3920000", "4240000", "4560000", "4900000", "5220000",
       "5540000", "5880000", "6210000", "6530000", "6860000", "7180000",
       "7500000", "7830000", "8160000", "8490000", "8820000", "9150000",
       "9530000", "9910000", "10130000", "10460000", "10780000",
       "11100000", "11420000", "11760000", "12090000", "12420000",
       "12740000", "13070000", "13400000", "13730000", "14060000",
       "14380000", "14720000", "15040000", "15370000", "15690000",
       "16020000", "16340000", "16670000", "16990000", "17320000",
       "17650000", "17960000", "18290000", "18640000", "18970000",
       "19290000", "19610000", "19940000", "20260000", "20590000",
       "20910000", "21240000", "21560000", "21890000", "22230000",
       "22540000", "22860000", "23200000", "23520000", "23840000",
       "24170000", "24490000", "24810000", "25130000", "25440000",
       "25780000", "26110000", "26450000", "26740000", "27060000",
       "27400000", "27720000", "28040000", "28380000", "28700000",
       "29030000", "29360000", "29680000", "30010000", "30330000",
       "30650000", "30980000", "31290000", "31620000", "31960000",
       "32290000", "32620000", "32950000", "33270000", "33600000",
       "33920000", "34240000", "34560000", "34870000", "35200000",
       "35520000", "35840000", "36170000", "36500000", "36830000",
       "37310000", "37640000", "37960000", "38290000", "38600000",
       "38930000", "39280000", "39600000", "39920000", "40260000",
       "40590000", "40920000", "41320000" ]
   chunks:
      - { path:"Recordings/Action_20180109T111055/recording.avi",
          startFrameIdx:0 }
