<?xml version="1.0"?>
<opencv_storage>
<keyPoints>
  3.9856091308593750e+002 4.7051612854003906e+001
  1.4859601020812988e+001 2.9667526245117187e+002
  1.2750180053710937e+002 0 -1 2.7948297119140625e+002
  5.2656124114990234e+001 1.3684126853942871e+001
  7.6763107299804688e+001 4.8138504028320313e+001 0 -1
  1.9239959716796875e+002 1.0739817047119141e+002 14.
  2.5454280090332031e+002 5.1666656494140625e+001 0 -1
  2.0016392517089844e+002 1.0707977294921875e+002
  1.1266666412353516e+001 2.8337097167968750e+002
  3.3336112976074219e+001 0 -1 2.0367561340332031e+002
  1.0662870788574219e+002 1.1472812652587891e+001
  2.9163775634765625e+002 3.6570755004882813e+001 0 -1
  4.0696719360351562e+002 1.0752430725097656e+002
  1.3440254211425781e+001 2.7030273437500000e+002
  5.5834350585937500e+001 0 -1 4.0499331665039063e+002
  1.0770790863037109e+002 1.3862070083618164e+001
  2.6466223144531250e+002 6.7793106079101563e+001 0 -1
  2.2038017272949219e+002 1.1761012268066406e+002
  1.5333333969116211e+001 3.4372821044921875e+002
  3.3777778625488281e+001 0 -1 3.6164169311523437e+002
  1.5598057556152344e+002 1.3893735885620117e+001
  1.7577781677246094e+002 4.3790817260742188e+001 0 -1
  2.2754298400878906e+002 1.5811282348632812e+002
  1.4252331733703613e+001 3.1869110107421875e+002
  4.3495590209960938e+001 0 -1 4.9785772705078125e+002
  1.7932156372070312e+002 1.4428570747375488e+001
  1.8438194274902344e+002 6.0440475463867188e+001 0 -1
  4.3834445190429687e+002 2.4651287841796875e+002
  1.2807692527770996e+001 3.2083023071289062e+002
  3.4471145629882812e+001 0 -1 4.4066726684570312e+002
  2.4982510375976562e+002 1.1727272987365723e+001
  3.3098422241210937e+002 4.2045455932617187e+001 0 -1
  3.1586636352539062e+002 3.1767062377929687e+002
  1.2931034088134766e+001 2.0969998168945312e+002
  3.4349136352539063e+001 0 -1 2.9271414184570312e+002
  3.2250344848632812e+002 1.3786877632141113e+001
  7.7262481689453125e+001 6.1278129577636719e+001 0 -1
  3.1913446044921875e+002 3.2231726074218750e+002
  1.3188883781433105e+001 5.5187255859375000e+001
  8.3293472290039063e+001 0 -1 2.8092791748046875e+002
  4.6570053100585938e+001 2.0837394714355469e+001
  3.1369351196289062e+002 1.6199703979492187e+002 1 -1
  3.9762353515625000e+002 4.7156547546386719e+001
  2.0861101150512695e+001 2.7548580932617187e+002
  1.3335968017578125e+002 1 -1 3.9541424560546875e+002
  8.5049880981445313e+001 1.8653026580810547e+001
  1.6163360595703125e+002 1.6659365844726562e+002 1 -1
  1.8899835205078125e+002 1.0257881164550781e+002
  1.7764533996582031e+001 2.6841574096679687e+002
  3.9612754821777344e+001 1 -1 1.9225498962402344e+002
  1.0844473266601562e+002 1.7446615219116211e+001
  2.5105104064941406e+002 5.9129272460937500e+001 1 -1
  2.9352914428710937e+002 1.0845518493652344e+002
  1.9483114242553711e+001 2.3004353332519531e+002
  4.8604202270507813e+001 1 -1 3.6796032714843750e+002
  1.1250000000000000e+002 24. 2.0779780578613281e+002
  4.2686523437500000e+001 1 -1 2.3929504394531250e+002
  1.7425000000000000e+002 1.9266489028930664e+001
  3.5620935058593750e+002 3.8371459960937500e+001 1 -1
  3.6555285644531250e+002 1.7191142272949219e+002
  1.8645107269287109e+001 2.1956282043457031e+002
  3.8112457275390625e+001 1 -1 3.8425000000000000e+002
  1.8371298217773437e+002 2.0266971588134766e+001
  2.5891769409179687e+002 4.0752731323242188e+001 1 -1
  3.9878173828125000e+002 1.8999813842773437e+002
  2.0899185180664063e+001 2.9980010986328125e+002
  5.1087127685546875e+001 1 -1 4.0594799804687500e+002
  1.9798342895507812e+002 1.7666666030883789e+001
  3.1728063964843750e+002 3.1027778625488281e+001 1 -1
  4.3205535888671875e+002 2.4103529357910156e+002
  2.0162799835205078e+001 3.1758087158203125e+002
  3.6862457275390625e+001 1 -1 2.9231597900390625e+002
  3.2237048339843750e+002 21. 1.1368042755126953e+002
  5.8099975585937500e+001 1 -1 2.8131039428710937e+002
  4.6862270355224609e+001 2.1161989212036133e+001
  3.1197793579101562e+002 1.6037602233886719e+002 2 -1
  2.2936791992187500e+002 5.5469848632812500e+001
  2.8776824951171875e+001 3.2894375610351562e+002
  7.1455421447753906e+001 2 -1 2.0351657104492187e+002
  5.5146293640136719e+001 2.8578947067260742e+001
  3.2622030639648437e+002 5.9688598632812500e+001 2 -1
  2.4625630187988281e+002 8.3789237976074219e+001
  2.5567108154296875e+001 3.0455984115600586e+001
  1.9665126037597656e+002 2 -1 3.9730136108398437e+002
  8.4122367858886719e+001 2.6906906127929688e+001
  2.5882684326171875e+002 1.8267176818847656e+002 2 -1
  2.1290197753906250e+002 1.0099140167236328e+002
  2.6112047195434570e+001 3.5210354614257812e+002
  4.0478046417236328e+001 2 -1 2.9250000000000000e+002 112. 36.
  1.9033340454101562e+002 58. 2 -1 3.6853094482421875e+002
  1.1402263641357422e+002 2.6419515609741211e+001
  2.0147431945800781e+002 4.7568786621093750e+001 2 -1
  2.3636395263671875e+002 1.1526986694335937e+002
  2.7498235702514648e+001 1.6883575439453125e+001
  5.3431255340576172e+001 2 -1 2.2624789428710937e+002
  1.5937474060058594e+002 2.9717464447021484e+001
  3.2693109130859375e+002 5.9512950897216797e+001 2 -1
  2.0031695556640625e+002 1.6406227111816406e+002
  2.8998292922973633e+001 2.8789215087890625e+002
  8.8372520446777344e+001 2 -1 2.0640621948242187e+002
  1.6386790466308594e+002 2.3117647171020508e+001
  2.9186413574218750e+002 4.6061279296875000e+001 2 -1
  3.6789648437500000e+002 1.7208219909667969e+002
  2.7656921386718750e+001 2.3577474975585937e+002
  5.0099506378173828e+001 2 -1 2.3801342773437500e+002
  1.7328416442871094e+002 2.5641235351562500e+001
  3.3901116943359375e+002 4.9323894500732422e+001 2 -1
  4.9770779418945312e+002 1.8018666076660156e+002
  2.3571428298950195e+001 1.8226322937011719e+002
  6.0041667938232422e+001 2 -1 3.9050000000000000e+002 184. 36.
  2.7370932006835937e+002 85. 2 -1 1.9447911071777344e+002
  1.8926248168945312e+002 3.0915977478027344e+001
  2.8167218017578125e+002 1.5979383850097656e+002 2 -1
  3.9815377807617187e+002 1.8901887512207031e+002 27.
  2.9272094726562500e+002 5.0625000000000000e+001 2 -1
  3.6863928222656250e+002 1.9372424316406250e+002
  2.9247779846191406e+001 2.1908647155761719e+002
  3.6502208709716797e+001 2 -1 4.0169787597656250e+002
  1.9355575561523437e+002 30. 2.9815917968750000e+002 80. 2 -1
  4.1330892944335937e+002 2.0102986145019531e+002
  2.9129032135009766e+001 3.1898916625976562e+002
  7.0551063537597656e+001 2 -1 4.1574383544921875e+002
  2.0334483337402344e+002 2.9769229888916016e+001
  3.2051254272460937e+002 5.0009624481201172e+001 2 -1
  2.6850000000000000e+002 2.1250000000000000e+002 30.
  3.3612896728515625e+002 3.5333332061767578e+001 2 -1
  2.6956619262695312e+002 2.1562944030761719e+002
  2.9052631378173828e+001 3.4326940917968750e+002
  5.0491230010986328e+001 2 -1 3.9767367553710937e+002
  2.2007847595214844e+002 2.9454294204711914e+001
  2.8941156005859375e+002 7.1529731750488281e+001 2 -1
  1.6168232727050781e+002 2.2131256103515625e+002
  2.5380014419555664e+001 2.0192666625976562e+002
  3.3471202850341797e+001 2 -1 4.3450000000000000e+002 244. 36.
  3.3141046142578125e+002 117. 2 -1 3.4091455078125000e+002
  2.4499711608886719e+002 2.9142856597900391e+001
  1.9664546203613281e+002 5.4142864227294922e+001 2 -1
  3.6163714599609375e+002 2.4758157348632812e+002
  2.9457733154296875e+001 1.9814965820312500e+002
  7.1815338134765625e+001 2 -1 2.9256597900390625e+002
  3.2262048339843750e+002 21. 1.1171184539794922e+002
  5.8500000000000000e+001 2 -1 3.1911968994140625e+002
  3.2259872436523437e+002 21. 5.1157115936279297e+001
  6.3458332061767578e+001 2 -1 2.2868418884277344e+002
  5.5415500640869141e+001 3.2455833435058594e+001
  2.0700521469116211e+001 7.0426200866699219e+001 3 -1
  2.0235314941406250e+002 5.6690498352050781e+001
  3.6200695037841797e+001 4.0374973297119141e+001
  6.1001892089843750e+001 3 -1 3.9739770507812500e+002
  8.4641014099121094e+001 24. 2.5950451660156250e+002
