%YAML:1.0
---
recording:
   type: VideoRecording
   recordId: Action_20180109T153717
   channelId: main
   timeStamp: "131599858377350000"
   sessionTimestamp: "0"
   width: 0
   height: 0
   frameCount: 198
   fps: 2.9969999999999999e+001
   recordingType: 2000
   frameTransformRect: [ [ -1, -1 ], [ -1, -1 ], [ -1, -1 ], [ -1, -1 ] ]
   trackingMode: 0
   segments:
      - { startFrame:0, stopFrame:191, segmentType:1000, focusFrame:-1,
          focusPoint:{ values:[ -1., -1. ], type:Vector2 }, isFragment:0 }
   framesRelTs: [ "0", "240000", "450000", "640000", "800000", "2160000",
       "2340000", "2510000", "2690000", "2850000", "3030000", "3860000",
       "4020000", "4210000", "4380000", "4540000", "4710000", "5600000",
       "5760000", "5920000", "6080000", "6300000", "6620000", "7300000",
       "7460000", "7650000", "7930000", "8270000", "9010000", "9170000",
       "9350000", "9560000", "9900000", "10220000", "10710000",
       "10890000", "11210000", "11550000", "11870000", "12410000",
       "12580000", "12850000", "13040000", "13360000", "14140000",
       "14310000", "14460000", "14670000", "15010000", "15330000",
       "15840000", "16010000", "16320000", "16660000", "16980000",
       "17600000", "17750000", "17970000", "18290000", "18610000",
       "19290000", "19470000", "19660000", "19940000", "20260000",
       "20990000", "21150000", "21320000", "21580000", "21920000",
       "22660000", "22830000", "22980000", "23220000", "23550000",
       "23880000", "24420000", "24590000", "24880000", "25230000",
       "25530000", "26160000", "26330000", "26540000", "26850000",
       "27190000", "27890000", "28050000", "28210000", "28490000",
       "28820000", "29590000", "29770000", "29920000", "30130000",
       "30460000", "30800000", "31300000", "31480000", "31780000",
       "32120000", "32430000", "33040000", "33200000", "33430000",
       "33750000", "34080000", "34750000", "34910000", "35100000",
       "35390000", "35720000", "36480000", "36660000", "36810000",
       "37030000", "37360000", "37690000", "38170000", "38350000",
       "38660000", "39010000", "39320000", "39890000", "40060000",
       "40310000", "40640000", "40950000", "41600000", "41770000",
       "41960000", "42280000", "42620000", "43320000", "43490000",
       "43660000", "43910000", "44250000", "45040000", "45230000",
       "45390000", "45590000", "45910000", "46230000", "46790000",
       "46970000", "47220000", "47540000", "47870000", "48550000",
       "48710000", "48880000", "49190000", "49520000", "50250000",
       "50410000", "50580000", "50830000", "51170000", "51920000",
       "52090000", "52260000", "52470000", "52800000", "53130000",
       "53630000", "53800000", "54110000", "54310000", "54620000",
       "55350000", "55520000", "55690000", "55920000", "56260000",
       "56590000", "57040000", "57250000", "57570000", "57920000",
       "58240000", "58740000", "58930000", "59220000", "59570000",
       "59890000", "60470000", "60630000", "60860000", "61190000",
       "61510000", "62220000", "62370000", "62550000", "62820000",
       "63140000", "63930000", "65360000" ]
   chunks:
      - { path:"Recordings/Action_20180109T153717/recording.avi",
          startFrameIdx:0 }
