%YAML:1.0
---
recording:
   type: VideoRecording
   recordId: Action_20171122T094250
   channelId: main
   timeStamp: "131558173707720000"
   sessionTimestamp: "0"
   width: -1
   height: -1
   frameCount: 117
   fps: 2.9969999999999999e+001
   recordingType: 2000
   frameTransformRect: [ [ -1, -1 ], [ -1, -1 ], [ -1, -1 ], [ -1, -1 ] ]
   trackingMode: 1
   segments:
      - { startFrame:0, stopFrame:110, segmentType:1000, focusFrame:-1,
          focusPoint:{ values:[ -1., -1. ], type:Vector2 }, isFragment:0 }
   framesRelTs: [ "0", "550000", "1220000", "1700000", "3540000",
       "4060000", "4790000", "5330000", "6010000", "6530000", "7280000",
       "7840000", "8480000", "8950000", "9740000", "10330000",
       "11040000", "11600000", "12250000", "12760000", "13490000",
       "14050000", "14740000", "15310000", "15980000", "16480000",
       "17160000", "17840000", "18410000", "18980000", "19670000",
       "20670000", "21280000", "22020000", "22540000", "23370000",
       "23890000", "24640000", "25130000", "25850000", "26320000",
       "26990000", "27480000", "28320000", "28860000", "29570000",
       "30110000", "30870000", "31470000", "32100000", "32750000",
       "33290000", "33780000", "34580000", "35130000", "35810000",
       "36380000", "37060000", "37560000", "38270000", "38880000",
       "39550000", "40050000", "40800000", "41310000", "42040000",
       "42630000", "43280000", "43890000", "44510000", "45080000",
       "45780000", "46330000", "47010000", "47600000", "48340000",
       "48940000", "49640000", "50190000", "50900000", "51500000",
       "52190000", "52740000", "53480000", "54010000", "54710000",
       "55290000", "56000000", "56580000", "57230000", "57720000",
       "58470000", "58960000", "59700000", "60220000", "60930000",
       "61470000", "62190000", "62700000", "63440000", "63930000",
       "64700000", "65240000", "65940000", "66450000", "67250000",
       "67850000", "68590000", "69150000", "69820000", "70330000",
       "71150000", "71730000", "72480000", "73000000", "73740000",
       "74590000" ]
   chunks:
      - { path:"Recordings/Action_20171122T094250/recording.avi",
          startFrameIdx:0 }
