%YAML:1.0
---
recording:
   type: VideoRecording
   recordId: Action_20180109T115334
   channelId: main
   timeStamp: "131599724148640000"
   sessionTimestamp: "0"
   width: -1
   height: -1
   frameCount: 108
   fps: 2.9969999999999999e+001
   recordingType: 2000
   frameTransformRect: [ [ -1, -1 ], [ -1, -1 ], [ -1, -1 ], [ -1, -1 ] ]
   trackingMode: 0
   segments:
      - { startFrame:14, stopFrame:38, segmentType:2000, focusFrame:-1,
          focusPoint:{ values:[ -1., -1. ], type:Vector2 }, isFragment:0 }
      - { startFrame:62, stopFrame:86, segmentType:2000, focusFrame:-1,
          focusPoint:{ values:[ -1., -1. ], type:Vector2 }, isFragment:0 }
      - { startFrame:0, stopFrame:101, segmentType:1000, focusFrame:-1,
          focusPoint:{ values:[ -1., -1. ], type:Vector2 }, isFragment:0 }
   framesRelTs: [ "0", "250000", "520000", "860000", "1230000",
       "1500000", "1840000", "2150000", "2480000", "2810000", "3130000",
       "3470000", "3810000", "4110000", "4450000", "4790000", "5100000",
       "5430000", "5750000", "6080000", "6410000", "6730000", "7060000",
       "7550000", "7870000", "8200000", "8530000", "8860000", "9180000",
       "9510000", "9840000", "10050000", "10350000", "10670000",
       "11000000", "11310000", "11660000", "11970000", "12300000",
       "12650000", "12960000", "13300000", "13640000", "13950000",
       "14300000", "14630000", "14960000", "15270000", "15580000",
       "15910000", "16240000", "16560000", "16900000", "17230000",
       "17550000", "17880000", "18210000", "18540000", "18870000",
       "19200000", "19540000", "19870000", "20190000", "20500000",
       "20830000", "21160000", "21480000", "21830000", "22140000",
       "22460000", "22780000", "23120000", "23460000", "23770000",
       "24100000", "24430000", "24750000", "25070000", "25400000",
       "25730000", "26040000", "26530000", "26940000", "27260000",
       "27440000", "27710000", "28040000", "28360000", "28690000",
       "29030000", "29360000", "29680000", "30020000", "30330000",
       "30670000", "30980000", "31310000", "31630000", "31960000",
       "32290000", "32630000", "32940000", "33280000", "33630000",
       "33940000", "34260000", "34590000", "34910000" ]
   chunks:
      - { path:"Recordings/Action_20180109T115334/recording.avi",
          startFrameIdx:0 }
