<?xml version="1.0"?>
<opencv_storage>
<keyPoints>
  3.6575814819335937e+002 1.2542536163330078e+002
  1.0627119064331055e+001 1.0478045654296875e+002
  6.9544494628906250e+001 0 -1 2.8133291625976562e+002
  1.2663578796386719e+002 1.1923076629638672e+001
  1.6580130004882812e+002 7.1003204345703125e+001 0 -1
  3.6591387939453125e+002 1.6219465637207031e+002
  1.1734177589416504e+001 2.4639926147460937e+002
  9.5077529907226562e+001 0 -1 2.7992831420898437e+002
  1.6288705444335937e+002 1.2128448486328125e+001
  1.5314886474609375e+002 9.8020233154296875e+001 0 -1
  2.7899615478515625e+002 2.0112796020507812e+002
  1.1805194854736328e+001 2.7476879882812500e+002
  8.9040588378906250e+001 0 -1 3.6629113769531250e+002
  2.0067549133300781e+002 1.1640000343322754e+001
  3.2834786987304687e+002 9.6135009765625000e+001 0 -1
  2.7685342407226563e+002 2.4033564758300781e+002 12.
  4.2015087127685547e+001 82. 0 -1 3.6662649536132812e+002
  2.4075605773925781e+002 1.1653846740722656e+001
  7.4503402709960938e+001 9.4086540222167969e+001 0 -1
  3.6216394042968750e+002 2.6552545166015625e+002
  1.1666666030883789e+001 2.5910952758789062e+002
  3.9041664123535156e+001 0 -1 4.2714456176757812e+002
  2.6826608276367188e+002 1.1342450141906738e+001
  1.3719839096069336e+001 6.2292259216308594e+001 0 -1
  2.3010815429687500e+002 3.0515304565429687e+002
  1.0034482955932617e+001 2.6834527587890625e+002
  5.2556034088134766e+001 0 -1 3.3471759033203125e+002
  3.1454382324218750e+002 1.1341463088989258e+001
  8.9105293273925781e+001 3.3246948242187500e+001 0 -1
  3.3205554199218750e+002 3.1716674804687500e+002
  1.2183673858642578e+001 8.7730819702148438e+001
  4.0022964477539063e+001 0 -1 2.7649703979492187e+002
  3.2973056030273437e+002 1.1769230842590332e+001
  2.6694027709960938e+002 3.8019229888916016e+001 0 -1
  3.1068103027343750e+002 4.3469207763671875e+001
  1.9222223281860352e+001 2.5589556884765625e+002
  3.8560180664062500e+001 1 -1 2.8029409790039062e+002
  1.6261703491210937e+002 2.3769231796264648e+001
  1.8876071166992187e+002 5.3006412506103516e+001 2 -1
  3.6575418090820312e+002 1.6265467834472656e+002 21.
  2.1712765502929687e+002 5.3625000000000000e+001 2 -1
  3.6639733886718750e+002 2.0058557128906250e+002
  2.4495145797729492e+001 2.1394425964355469e+002
  7.4116905212402344e+001 2 -1 3.6651882934570312e+002
  2.4060700988769531e+002 2.2963636398315430e+001
  1.1066194915771484e+002 7.6273475646972656e+001 2 -1</keyPoints>
<descriptors type_id="opencv-matrix">
  <rows>19</rows>
  <cols>64</cols>
  <dt>u</dt>
  <data>
    255 255 255 255 241 225 128 128 0 1 255 255 255 127 254 255 143 115
    4 49 200 131 56 140 129 99 23 0 0 100 252 225 191 255 255 255 239
    148 3 28 246 2 16 177 251 255 211 48 16 101 50 243 251 125 59 51 217
    110 86 190 155 255 191 63 251 157 227 112 255 255 152 128 128 135
    255 255 255 255 254 19 131 0 60 253 255 255 255 158 128 1 0 192 25
    127 252 255 255 255 247 31 67 140 112 231 255 255 191 49 16 6 0 154
    219 37 192 243 255 183 57 179 121 150 158 207 255 157 153 50 127 132
    240 127 23 32 196 160 0 33 195 255 247 0 2 144 232 247 159 87 140 0
    8 205 224 31 0 0 0 35 254 127 96 0 32 227 253 119 7 16 0 128 72 228
    64 14 2 16 217 32 250 189 4 64 76 252 255 97 0 0 100 0 0 224 255 159
    247 127 18 96 192 128 160 239 223 247 255 27 254 251 239 255 135 17
    132 0 24 237 161 29 1 128 27 255 255 255 255 255 247 159 255 254 131
    24 247 254 255 127 255 39 67 16 223 255 193 255 255 255 185 243 153
    108 254 255 255 207 159 59 255 255 225 255 247 255 191 143 1 3 2 16
    128 192 95 254 247 132 4 48 192 159 255 255 255 111 38 152 224 192
    15 6 56 254 255 255 255 255 3 0 16 102 28 66 35 118 7 4 255 191 255
    215 255 52 252 255 223 0 0 192 96 180 255 255 251 255 255 247 113
    224 128 128 131 1 2 248 241 255 255 255 191 255 132 17 128 131 60
    239 227 239 247 63 32 64 56 227 255 255 255 153 132 16 131 24 102
    216 250 255 255 239 251 118 2 0 112 243 255 6 1 0 0 234 5 0 64 240
    227 251 235 255 239 241 255 237 129 135 207 223 27 208 128 167 223
    254 251 73 52 185 237 131 8 128 0 96 248 255 255 159 51 134 24 102
    222 121 219 3 32 210 204 129 3 24 128 129 4 137 229 186 13 0 16 12 6
    46 7 0 201 253 59 201 92 77 251 255 231 112 120 232 144 131 0 1 31
    255 253 255 255 255 191 124 228 49 143 203 120 142 139 227 127 175
    57 100 60 227 12 55 254 125 199 157 243 158 247 156 211 61 59 229
    222 119 58 1 32 49 25 12 38 46 219 108 118 54 155 207 157 1 255 255
    255 247 241 33 128 239 255 67 14 249 225 207 255 255 191 251 204 49
    140 67 8 128 67 242 255 255 103 68 16 195 25 111 188 241 12 252 255
    63 247 16 3 0 139 249 159 254 55 27 66 115 27 0 0 0 62 207 231 55 18
    197 230 205 223 254 37 16 16 32 240 128 128 129 3 16 248 224 223 31
    158 0 4 24 128 0 8 128 0 16 8 0 0 0 0 96 8 35 142 120 198 152 11 26
    128 0 0 128 128 28 0 0 193 32 0 48 153 237 39 0 248 255 96 0 64 50
    114 48 252 191 231 112 112 80 0 1 0 130 15 255 255 255 6 242 207 120
    5 51 202 195 16 12 1 33 51 230 24 100 252 255 255 1 0 0 16 191 15
    176 255 19 19 17 49 247 248 187 217 229 242 253 14 0 0 0 4 175 215
    44 18 140 157 55 240 191 247 245 98 192 0 2 0 132 13 255 255 195 14
    178 232 226 143 255 127 195 48 12 130 225 127 46 25 100 188 251 238
    201 3 0 0 252 255 55 198 16 3 17 179 245 255 126 18 133 242 63 8 0 0
    0 4 131 255 37 18 196 239 207 252 255 239 243 241 192 128 231 103 70
    30 249 241 247 159 119 158 121 231 55 142 99 48 128 71 242 255 191
    123 68 48 227 253 167 151 4 182 122 246 127 198 16 209 156 255 249
    255 127 54 139 226 127 13 0 0 0 4 255 255 37 138 231 239 255 252 191
    231 249 240 192 0 0 128 128 15 255 255 255 14 51 136 96 132 189 254
    195 16 12 128 1 0 0 0 103 252 255 207 145 3 0 0 0 140 115 206 19 3
    33 0 230 255 62 8 196 50 57 8 0 0 0 4 131 201 237 18 136 205 207 254
    255 255 255 33 64 0 225 227 207 31 255 240 199 127 255 253 255 223
    115 142 227 16 2 225 176 121 231 27 239 60 227 25 111 124 227 255
    255 255 29 199 24 147 8 157 176 125 155 201 229 112 243 191 84 222
    252 255 75 100 36 26 69 0 0 255 140 33 16 16 56 128 192 255 255 254
    255 255 127 254 209 143 126 252 255 255 255 217 135 0 128 49 227 15
    255 254 251 255 159 131 128 119 254 255 183 207 188 255 57 0 0 4 128
    193 96 48 16 24 2 0 248 190 1 0 192 98 185 25 56 203 183 224 255 215
    36 136 128 128 1 130 222 246 255 3 16 128 102 255 255 188 0 8 128
    128 27 4 72 0 64 12 225 222 187 13 0 0 102 156 113 192 0 0 32 0 0 4
    0 210 101 16 0 89 6 0 64 102 195 64 0 0 0 0 128 251 133 224 254 255
    239 159 131 0 33 239 254 255 255 98 16 128 4 62 255 253 143 57 140
    131 19 0 196 127 99 4 0 198 159 111 12 32 236 252 255 136 0 0 0 0 16
    0 223 255 17 0 0 249 255 51 241 108 255 255 1 16 0 0 128 255 255 227
    48 48 96 128 225 65 195 15 127 252 243 207 31 159 124 228 49 142 241
    24 139 225 19 0 192 0 99 28 97 0 51 207 56 134 28 235 156 231 24 1
    32 0 6 7 0 200 100 0 48 153 12 3 0 20 239 247 39 16 12 93 46</data></descriptors>
</opencv_storage>
