<?xml version="1.0"?>
<opencv_storage>
<keyPoints>
  2.8263198852539062e+002 4.9329418182373047e+001
  1.4569494247436523e+001 2.9484060668945312e+002
  7.0544189453125000e+001 0 -1 2.7891937255859375e+002
  5.0672389984130859e+001 1.4876140594482422e+001
  2.0976329040527344e+002 1.0092053222656250e+002 0 -1
  3.5839648437500000e+002 7.0438262939453125e+001
  1.4819289207458496e+001 4.5700664520263672e+001
  4.0934143066406250e+001 0 -1 2.0081495666503906e+002
  7.4268600463867188e+001 1.2412597656250000e+001
  9.7387046813964844e+001 8.2832275390625000e+001 0 -1
  2.6357507324218750e+002 7.5401641845703125e+001
  1.3593140602111816e+001 2.7573834228515625e+002
  8.4237518310546875e+001 0 -1 2.0070614624023437e+002
  7.8781066894531250e+001 1.2396225929260254e+001
  1.4432540893554687e+002 9.0231140136718750e+001 0 -1
  2.6348165893554687e+002 7.9818473815917969e+001
  1.2752777099609375e+001 2.7562927246093750e+002
  7.2431762695312500e+001 0 -1 2.3544592285156250e+002
  9.8371620178222656e+001 1.1042552947998047e+001
  3.4296520996093750e+002 3.6598403930664062e+001 0 -1
  2.3173886108398437e+002 9.9917541503906250e+001
  1.1500000000000000e+001 1.6160153198242187e+002
  4.1208328247070313e+001 0 -1 2.3448062133789063e+002
  1.0144441986083984e+002 1.3750000000000000e+001
  4.1298831939697266e+001 6.3041671752929688e+001 0 -1 377.
  2.9875000000000000e+002 18. 1.9169429540634155e+000 46. 0 -1
  3.7521649169921875e+002 3.0090414428710937e+002
  1.3137929916381836e+001 3.4687588500976562e+002
  3.6521545410156250e+001 0 -1 2.0053454589843750e+002
  7.6494049072265625e+001 1.9477603912353516e+001
  1.3893701553344727e+001 6.5279769897460938e+001 1 -1
  3.7420587158203125e+002 3.0056274414062500e+002
  1.6799999237060547e+001 1.9888750076293945e+001
  4.4400001525878906e+001 1 -1 2.7934741210937500e+002
  5.0327041625976562e+001 2.4727993011474609e+001
  1.1736069488525391e+002 1.0313311767578125e+002 2 -1
  3.5341290283203125e+002 7.0608078002929688e+001
  2.9655887603759766e+001 1.3592155456542969e+002
  1.2762015533447266e+002 2 -1 2.0104512023925781e+002
  7.7398643493652344e+001 1.8011100769042969e+001
  5.1884891510009766e+001 6.4609397888183594e+001 2 -1
  3.4097592163085937e+002 8.0702117919921875e+001
  2.8078651428222656e+001 1.6240652465820313e+002
  1.5385437011718750e+002 2 -1 2.3250000000000000e+002
  9.5684196472167969e+001 2.6586208343505859e+001
  2.8804876708984375e+002 7.2795982360839844e+001 2 -1
  2.3650000000000000e+002 1.0032991790771484e+002
  2.8081966400146484e+001 2.9497463989257812e+002
  7.2705604553222656e+001 2 -1 2.3471681213378906e+002
  1.0270190429687500e+002 2.8728155136108398e+001
  2.9163439941406250e+002 1.1878861236572266e+002 2 -1
  3.7789224243164062e+002 2.9985885620117187e+002
  2.5500000000000000e+001 5.1146797180175781e+001
  1.0083333587646484e+002 2 -1 3.7153283691406250e+002
  3.0510412597656250e+002 2.9551889419555664e+001
  8.2695129394531250e+001 1.2802595520019531e+002 2 -1
  3.5280432128906250e+002 7.1310012817382813e+001
  3.4565425872802734e+001 1.3298582458496094e+002
  1.2825375366210937e+002 3 -1 3.4321524047851562e+002
  8.0060287475585938e+001 4.0373374938964844e+001
  1.4705029296875000e+002 1.5668884277343750e+002 3 -1
  3.4183093261718750e+002 8.1097465515136719e+001
  4.9846153259277344e+001 1.4013575744628906e+002
  1.5330769348144531e+002 4 -1</keyPoints>
<descriptors type_id="opencv-matrix">
  <rows>26</rows>
  <cols>64</cols>
  <dt>u</dt>
  <data>
    128 123 223 239 231 195 3 6 0 0 0 0 0 128 13 110 112 193 1 34 64 131
    32 8 199 31 0 80 251 131 7 6 56 98 12 97 8 0 0 0 0 3 4 32 0 82 39
    254 255 191 207 239 255 223 203 195 193 0 16 201 0 32 109 254 180
    123 199 96 0 0 0 64 224 192 4 15 48 64 0 0 0 64 130 15 60 0 0 0 0 16
    24 32 0 0 12 96 128 3 0 0 0 227 143 127 254 144 3 24 128 0 4 128 209
    108 0 160 255 239 241 249 255 255 126 254 159 205 28 57 244 255 199
    96 96 192 0 0 0 0 12 255 255 243 132 1 0 96 194 45 127 251 183 31
    131 99 7 14 48 100 60 243 204 1 0 64 32 219 237 255 255 255 247 63
    59 231 251 63 26 133 50 61 0 0 196 252 126 255 255 255 191 207 159
    59 0 115 30 1 0 144 127 62 36 0 16 204 120 255 253 239 127 57 192 0
    70 48 0 0 62 223 223 62 114 64 48 227 27 255 255 255 207 152 243 222
    251 237 97 159 254 93 144 247 119 128 98 115 185 124 39 38 89 14 70
    6 195 247 50 17 176 123 223 99 96 192 0 0 128 0 0 0 112 193 157 111
    126 240 0 33 72 131 48 12 128 3 0 64 0 3 12 231 57 231 191 255 254
    251 195 28 246 0 2 32 0 2 0 129 193 239 247 247 251 20 40 40 222 239
    118 62 16 8 16 16 128 123 7 192 232 220 57 119 6 0 28 236 124 243
    141 1 0 8 34 164 127 255 247 63 255 247 231 28 0 236 56 247 252 147
    195 30 247 255 245 231 31 37 48 0 35 92 222 1 146 239 247 255 127
    243 249 114 17 148 203 0 0 0 0 192 0 96 30 3 0 16 119 56 32 0 0 8
    112 255 253 239 63 255 235 1 2 16 128 0 48 30 0 0 0 0 108 231 27 47
    180 128 6 30 255 60 227 132 1 32 0 6 0 129 209 239 114 123 9 8 6 12
    0 238 229 54 27 0 16 0 255 191 96 120 60 44 8 0 128 128 3 126 252
    243 199 22 139 108 20 0 0 128 0 4 128 17 0 0 0 0 0 0 0 3 12 96 0 1 0
    0 128 130 15 41 0 6 130 96 249 125 62 7 131 0 4 0 128 162 253 255
    159 239 31 58 255 159 224 255 255 231 12 0 0 128 1 14 240 192 103
    158 177 198 31 31 0 128 0 0 128 17 10 0 0 2 0 64 0 3 12 96 0 1 0 0 0
    0 12 200 176 254 199 114 249 255 127 95 135 3 0 0 128 242 249 253
    255 207 159 63 176 123 199 225 236 220 1 0 0 0 1 14 112 192 1 14 112
    128 3 6 0 128 0 12 128 3 31 126 248 225 1 7 24 32 0 64 0 0 12 32 128
    0 2 17 48 241 255 255 255 159 79 78 6 195 197 207 231 113 120 61 24
    132 196 207 244 127 199 32 0 0 0 64 224 194 13 111 120 243 141 7 12
    112 192 41 46 241 0 7 0 128 16 99 8 3 0 64 0 3 0 0 4 147 207 126 255
    255 243 57 0 161 45 72 32 124 0 43 12 195 198 236 254 159 222 239
    255 205 153 11 255 255 239 113 16 32 0 0 128 128 1 30 240 193 143 31
    152 0 0 0 0 128 0 0 0 0 0 96 0 1 0 96 0 3 12 0 0 0 12 120 224 131 3
    57 0 0 4 193 32 8 50 17 24 0 0 200 230 251 253 255 255 207 29 0 180
    9 209 108 46 70 4 97 251 246 205 99 95 189 0 128 65 110 251 239 127
    239 113 7 235 184 97 243 8 0 128 16 198 155 15 130 49 238 252 247
    207 25 208 33 29 32 173 0 0 0 0 0 208 159 152 248 111 3 0 0 0 32 96
    192 255 159 0 0 0 16 112 0 128 128 1 14 48 0 0 0 64 128 3 14 16 0 0
    0 0 16 8 0 0 0 12 0 0 0 8 98 248 227 15 127 248 129 3 0 128 16 198
    176 89 0 62 30 151 241 254 252 127 221 255 255 155 77 12 140 32 51
    223 231 227 195 103 63 6 0 8 200 96 193 12 46 112 128 3 14 0 2 181
    125 183 255 255 62 227 196 50 95 0 236 255 255 252 241 243 127 120
    236 251 223 255 237 255 118 54 255 255 223 247 255 255 247 249 124
    126 54 207 255 239 239 0 98 30 131 128 128 127 126 44 0 16 136 113
    255 253 239 127 255 233 0 6 48 128 1 52 30 140 8 0 72 108 231 63 255
    255 255 255 255 243 28 227 204 99 190 196 4 194 32 0 239 243 247 255
    255 255 63 16 72 100 182 155 201 95 255 20 64 88 14 3 0 0 125 121
    114 244 47 7 0 48 201 125 255 251 71 14 117 132 35 113 148 0 1 4 16
    234 125 35 76 112 227 191 255 255 25 167 92 192 0 205 31 128 0 0 0
    248 189 160 249 222 92 2 0 0 128 112 212 119 116 0 123 223 227 225
    209 35 95 6 0 0 192 112 199 189 111 62 0 64 41 110 243 179 14 23 227
    31 0 0 204 124 231 57 103 158 121 68 144 203 126 255 253 255 127 35
    228 215 0 144 239 247 255 191 239 247 163 249 124 2 190 255 255 255
    59 160 123 135 1 0 208 113 50 166 132 0 0 0 128 1 6 124 176 65 2 70
    187 231 61 16 0 0 0 201 131 5 222 248 227 143 127 254 248 67 132 187
    111 6 32 0 22 0 153 253 170 227 247 235 60 58 178 223 37 2 250 48 12
    17 48 0 35 196 239 239 207 15 79 31 8 216 232 119 255 253 238 19 7
    24 224 0 7 55 126 199 15 192 216 103 79 240 231 159 127 255 255 235
    133 19 8 120 242 12 32 0 2 32 253 111 139 115 115 9 0 32 56 223 47
    20 254 16 44 16 16 0 115 14 193 239 223 127 30 4 8 16 204 127 255
    253 239 63 31 48 0 0 0 224 124 158 15 128 92 34 73 248 227 31 63 254
