%YAML:1.0
---
recording:
   type: VideoRecording
   recordId: Action_20171121T162622
   channelId: streamed D5803
   timeStamp: "131557551828730000"
   sessionTimestamp: "0"
   width: -1
   height: -1
   frameCount: 112
   fps: 2.9969999999999999e+001
   recordingType: 2000
   frameTransformRect: [ [ -1, -1 ], [ -1, -1 ], [ -1, -1 ], [ -1, -1 ] ]
   trackingMode: 1
   segments:
      - { startFrame:0, stopFrame:105, segmentType:1000, focusFrame:-1,
          focusPoint:{ values:[ -1., -1. ], type:Vector2 }, isFragment:0 }
   framesRelTs: [ "0", "730000", "2020000", "3170000", "3870000",
       "4670000", "5430000", "6130000", "6910000", "7700000", "8430000",
       "9210000", "9910000", "10620000", "11360000", "12090000",
       "12910000", "13700000", "14400000", "15230000", "15900000",
       "16700000", "17450000", "18170000", "18940000", "19740000",
       "20490000", "21250000", "22010000", "22750000", "23490000",
       "24260000", "25020000", "25740000", "26460000", "27230000",
       "27960000", "28750000", "29440000", "30200000", "30900000",
       "31670000", "32430000", "33200000", "33950000", "34700000",
       "35470000", "36200000", "36930000", "37650000", "38430000",
       "39210000", "39970000", "40750000", "41510000", "42230000",
       "42990000", "43770000", "44500000", "45320000", "46080000",
       "46810000", "47540000", "48290000", "49050000", "50030000",
       "50800000", "51600000", "52360000", "53080000", "53820000",
       "54620000", "55340000", "56100000", "56820000", "57580000",
       "58390000", "59100000", "59890000", "60580000", "61340000",
       "62070000", "62850000", "63590000", "64410000", "65170000",
       "65940000", "66710000", "67420000", "68210000", "69010000",
       "69760000", "70520000", "71290000", "72100000", "72830000",
       "73550000", "74360000", "75110000", "75840000", "76630000",
       "77390000", "78190000", "78910000", "79730000", "80490000",
       "81310000", "82010000", "82770000", "83560000", "84330000",
       "85680000" ]
   chunks:
      - { path:"Recordings/Action_20171121T162622/recording.avi",
          startFrameIdx:0 }
