<?xml version="1.0"?>
<opencv_storage>
<keyPoints>
  2.6738455200195313e+002 2.8648418426513672e+001
  1.5699654579162598e+001 9.1038627624511719e+001
  3.4370697021484375e+001 0 -1 3.8907019042968750e+002
  2.8857553482055664e+001 1.3114285469055176e+001
  1.7544598388671875e+002 3.7603561401367188e+001 0 -1
  3.8887084960937500e+002 3.1704790115356445e+001
  1.1599999427795410e+001 2.1031126403808594e+002
  3.6133331298828125e+001 0 -1 3.9885253906250000e+002
  4.7659973144531250e+001 1.4266557693481445e+001
  3.8600158691406250e+001 1.2398641967773437e+002 0 -1
  2.7965936279296875e+002 5.2819179534912109e+001
  1.3405988693237305e+001 7.4925979614257813e+001
  4.2632629394531250e+001 0 -1 4.3158599853515625e+002
  6.2550861358642578e+001 1.4016393661499023e+001
  2.1481503295898437e+002 7.9444671630859375e+001 0 -1
  4.4575863647460937e+002 6.2761741638183594e+001
  1.3258064270019531e+001 3.3196521759033203e+001
  4.2681449890136719e+001 0 -1 2.0577221679687500e+002
  7.2114212036132812e+001 1.4020408630371094e+001
  1.9558950424194336e+001 1.2955612182617187e+002 0 -1
  2.6893634033203125e+002 7.2445106506347656e+001
  1.4483871459960938e+001 2.9420971679687500e+002
  1.4496908569335937e+002 0 -1 2.0567533874511719e+002
  7.6418701171875000e+001 1.3289936065673828e+001
  5.7882301330566406e+001 1.1451403808593750e+002 0 -1
  2.6874700927734375e+002 7.6518142700195313e+001
  1.3919301986694336e+001 3.0503756713867187e+002
  1.1888278198242187e+002 0 -1 3.4490411376953125e+002
  7.7386985778808594e+001 1.4082444190979004e+001
  1.5825413513183594e+002 1.5425900268554687e+002 0 -1
  4.3160473632812500e+002 7.7620109558105469e+001
  1.4217391967773438e+001 8.7916007995605469e+001
  6.6141311645507813e+001 0 -1 2.3750387573242187e+002
  9.8473648071289062e+001 1.3657951354980469e+001
  5.8810756683349609e+001 3.7528610229492188e+001 0 -1
  3.8070364379882812e+002 1.0049132537841797e+002
  1.3627662658691406e+001 2.7887002563476562e+002
  3.4298324584960938e+001 0 -1 4.4081939697265625e+002
  1.1565238952636719e+002 1.3258064270019531e+001
  2.9059695434570312e+002 4.2681449890136719e+001 0 -1
  4.3516122436523437e+002 1.1767617797851562e+002
  1.1571428298950195e+001 2.8991116333007812e+002
  4.2107147216796875e+001 0 -1 4.4654830932617187e+002
  1.1734818267822266e+002 1.2666666984558105e+001
  3.0146774291992187e+002 3.6222221374511719e+001 0 -1
  4.6945208740234375e+002 1.2524256896972656e+002
  1.4413043975830078e+001 2.6392501831054687e+002
  1.2344021606445312e+002 0 -1 4.9071432495117187e+002
  1.2918690490722656e+002 1.2214286804199219e+001
  3.2429034423828125e+002 3.2035705566406250e+001 0 -1
  4.6756134033203125e+002 1.2946212768554687e+002
  1.4557660102844238e+001 1.4291041564941406e+002
  1.5269036865234375e+002 0 -1 4.9320690917968750e+002
  1.3426264953613281e+002 1.3624537467956543e+001
  2.2256889343261719e+001 4.1838516235351562e+001 0 -1
  4.6889099121093750e+002 1.3598240661621094e+002
  1.2474538803100586e+001 1.1422871398925781e+002
  4.3129623413085938e+001 0 -1 4.8104147338867187e+002
  1.4217713928222656e+002 1.1800000190734863e+001
  7.9752105712890625e+001 3.6025009155273437e+001 0 -1
  2.3683544921875000e+002 1.6416481018066406e+002
  1.2789473533630371e+001 2.1476647949218750e+002
  3.8328948974609375e+001 0 -1 3.8062246704101562e+002
  1.6652180480957031e+002 1.3884443283081055e+001
  2.3879550170898437e+002 3.7864700317382813e+001 0 -1
  4.7968371582031250e+002 1.6867321777343750e+002 15.
  2.8001116943359375e+002 4.3375000000000000e+001 0 -1
  4.8770535278320312e+002 1.6865760803222656e+002
  1.4363264083862305e+001 3.0739572143554687e+002
  6.5094207763671875e+001 0 -1 4.3632781982421875e+002
  1.7085620117187500e+002 1.4727272987365723e+001
  2.8849987792968750e+002 3.6272727966308594e+001 0 -1
  4.3063876342773437e+002 1.7538710021972656e+002
  1.2702127456665039e+001 2.9161099243164062e+002
  4.4321807861328125e+001 0 -1 4.7257229614257812e+002
  1.7538020324707031e+002 1.4812500000000000e+001
  2.3616519165039062e+002 1.3554687500000000e+002 0 -1
  4.9561325073242187e+002 1.7615548706054687e+002
  1.4016862869262695e+001 3.4654058837890625e+002
  4.1227539062500000e+001 0 -1 4.4660562133789062e+002
  1.9098991394042969e+002 15. 4.8263916015625000e+001
  3.5250000000000000e+001 0 -1 4.4020986938476562e+002
  1.9437107849121094e+002 1.3615385055541992e+001
  7.9585578918457031e+001 4.3413467407226563e+001 0 -1
  4.3551156616210937e+002 2.2873254394531250e+002
  1.4130887985229492e+001 2.4589273071289062e+002
  5.6732528686523438e+001 0 -1 4.5521545410156250e+002
  2.2946011352539062e+002 1.5187500000000000e+001
  3.5238217163085937e+002 5.4515625000000000e+001 0 -1
  4.5708602905273438e+002 2.3208576965332031e+002
  1.4026241302490234e+001 1.0912235260009766e+001
  7.3654739379882813e+001 0 -1 4.3253308105468750e+002
  2.3370500183105469e+002 1.4494983673095703e+001
  1.5032046508789062e+002 1.6243893432617187e+002 0 -1
  4.3733636474609375e+002 2.4763375854492187e+002
  1.6565216064453125e+001 1.0322697448730469e+002
  4.6657608032226563e+001 0 -1 3.9543688964843750e+002
  4.8085720062255859e+001 1.6790567398071289e+001
  4.2442897796630859e+001 9.6550193786621094e+001 1 -1
  2.3723056030273438e+002 9.8077209472656250e+001
  1.5837797164916992e+001 5.8899658203125000e+001
  3.7677097320556641e+001 1 -1 3.8036419677734375e+002
  9.9150482177734375e+001 1.8809806823730469e+001
  3.1385595703125000e+002 3.4544143676757812e+001 1 -1
  4.3445385742187500e+002 1.1818591308593750e+002
  1.4671850204467773e+001 2.7056549072265625e+002
  4.2375915527343750e+001 1 -1 4.9116632080078125e+002
  1.2369680023193359e+002 1.9428241729736328e+001
  3.3084469604492187e+002 3.9216304779052734e+001 1 -1
  4.4686541748046875e+002 1.2540179443359375e+002
  1.9428571701049805e+001 2.5767150878906250e+002
  4.5190490722656250e+001 1 -1 4.6761581420898437e+002
  1.2874856567382812e+002 1.8151632308959961e+001
  1.7733872985839844e+002 1.5774209594726562e+002 1 -1
  4.8872741699218750e+002 1.2885490417480469e+002
  2.1031978607177734e+001 3.5082080078125000e+002
  3.9667037963867188e+001 1 -1 4.9322979736328125e+002
  1.3424317932128906e+002 1.3570737838745117e+001
  2.2168201446533203e+001 3.9440113067626953e+001 1 -1
  4.3302096557617187e+002 1.3989599609375000e+002 21.
  9.0332443237304688e+001 4.4875000000000000e+001 1 -1
  2.4472790527343750e+002 1.6504273986816406e+002
  1.6500000000000000e+001 2.6960006713867187e+002
  3.1125000000000000e+001 1 -1 3.8020117187500000e+002
  1.6498147583007813e+002 2.0021659851074219e+001
  2.6744161987304687e+002 3.6678253173828125e+001 1 -1
  4.8632879638671875e+002 1.7269844055175781e+002
  1.7307693481445313e+001 3.1893881225585938e+002
  3.5173080444335938e+001 1 -1 4.3690826416015625e+002
  1.7433169555664062e+002 18. 3.0197186279296875e+002 38. 1 -1
  4.2536633300781250e+002 1.8100421142578125e+002
  1.7928586959838867e+001 1.7287051391601562e+002
  1.5176321411132812e+002 1 -1 4.4671618652343750e+002
  1.8094383239746094e+002 2.0949054718017578e+001
  3.4977404785156250e+002 4.3167449951171875e+001 1 -1
  4.4673062133789062e+002 1.9098991394042969e+002 15.
  4.8012180328369141e+001 3.3250000000000000e+001 1 -1
  4.4728582763671875e+002 2.2834054565429687e+002
  1.8629795074462891e+001 3.5289474487304687e+002
  3.5153396606445313e+001 1 -1 4.5330297851562500e+002
  2.3428291320800781e+002 1.8942855834960938e+001
  2.7036903381347656e+001 3.4432159423828125e+001 1 -1
  4.3698016357421875e+002 2.3536331176757812e+002
  1.7454545974731445e+001 1.1080055236816406e+002
  3.1090911865234375e+001 1 -1 4.5477160644531250e+002
  2.4294317626953125e+002 1.7181818008422852e+001
  4.9814006805419922e+001 3.5102272033691406e+001 1 -1
  4.3786834716796875e+002 2.4722933959960937e+002
  1.7940181732177734e+001 1.0350962066650391e+002
  4.9000907897949219e+001 1 -1 2.8152508544921875e+002
  4.6964828491210938e+001 2.1308059692382813e+001
  2.9836312866210937e+002 1.5142425537109375e+002 2 -1
