<?xml version="1.0"?>
<opencv_storage>
<keyPoints>
  2.6748937988281250e+002 2.8526327133178711e+001
  1.5123680114746094e+001 9.0472297668457031e+001
  3.3921203613281250e+001 0 -1 3.8943377685546875e+002
  2.8757774353027344e+001 1.3258064270019531e+001
  1.7480436706542969e+002 3.6681449890136719e+001 0 -1
  3.8889309692382812e+002 3.1561298370361328e+001
  1.1709677696228027e+001 2.1000173950195312e+002
  3.6072586059570313e+001 0 -1 280. 45. 18. 2.8444015502929687e+002 66.
  0 -1 3.9877175903320312e+002 4.7439891815185547e+001
  1.4117647171020508e+001 3.8389690399169922e+001
  1.2535296630859375e+002 0 -1 2.7960266113281250e+002
  5.2747249603271484e+001 1.3307691574096680e+001
  7.3520721435546875e+001 4.3926284790039063e+001 0 -1
  4.3157897949218750e+002 6.2477367401123047e+001
  1.3912145614624023e+001 2.1982089233398437e+002
  7.9744613647460938e+001 0 -1 4.4551870727539062e+002
  6.2713119506835938e+001 13. 3.3470214843750000e+001
  3.8375000000000000e+001 0 -1 2.0566387939453125e+002
  7.1999275207519531e+001 1.3915662765502930e+001
  2.4709054946899414e+001 1.2423043823242187e+002 0 -1
  2.6888391113281250e+002 7.2370300292968750e+001
  1.4371429443359375e+001 2.9475988769531250e+002
  1.4820120239257812e+002 0 -1 2.0552645874023437e+002
  7.6155334472656250e+001 1.3380739212036133e+001
  6.0679904937744141e+001 1.1046841430664062e+002 0 -1
  2.6866131591796875e+002 7.6329627990722656e+001
  1.4088228225708008e+001 3.0574426269531250e+002
  1.2170867919921875e+002 0 -1 3.5364666748046875e+002
  7.7933723449707031e+001 1.4454545974731445e+001
  9.7498207092285156e+001 4.3681823730468750e+001 0 -1
  4.3155935668945312e+002 7.7569923400878906e+001
  1.4162790298461914e+001 8.7500579833984375e+001
  6.4793594360351562e+001 0 -1 3.8037301635742187e+002
  9.9992286682128906e+001 1.4750000000000000e+001
  2.8342156982421875e+002 3.3520828247070313e+001 0 -1
  4.4080520629882812e+002 1.1562557983398437e+002
  1.3064516067504883e+001 2.9088317871093750e+002
  4.1487907409667969e+001 0 -1 4.3500057983398438e+002
  1.1751110076904297e+002 1.2142856597900391e+001
  2.8341961669921875e+002 3.8011901855468750e+001 0 -1
  4.4655426025390625e+002 1.1701443481445312e+002
  1.2346523284912109e+001 2.9892718505859375e+002
  3.9215759277343750e+001 0 -1 4.7564309692382812e+002
  1.1857895660400391e+002 15. 2.7781433105468750e+002 39. 0 -1
  4.5135116577148437e+002 1.2256359863281250e+002
  1.3236598968505859e+001 2.7742929077148437e+002
  5.4997009277343750e+001 0 -1 4.2929608154296875e+002
  1.2340895843505859e+002 1.4199998855590820e+001
  2.3077171325683594e+002 6.7024993896484375e+001 0 -1
  4.6942559814453125e+002 1.2514737701416016e+002
  1.4199998855590820e+001 2.6446484375000000e+002
  1.2405834960937500e+002 0 -1 4.9071450805664062e+002
  1.2920475769042969e+002 1.2272727012634277e+001
  3.2706338500976563e+002 3.1056808471679688e+001 0 -1
  4.9280636596679687e+002 1.3411282348632812e+002
  1.4612903594970703e+001 2.2418800354003906e+001
  4.6939529418945313e+001 0 -1 4.6878753662109375e+002
  1.3589636230468750e+002 1.2770991325378418e+001
  1.0985256958007812e+002 4.1328399658203125e+001 0 -1
  4.8097052001953125e+002 1.4215118408203125e+002
  1.1907713890075684e+001 8.0588882446289063e+001
  3.6005126953125000e+001 0 -1 2.3675547790527344e+002
  1.6413653564453125e+002 1.2705883026123047e+001
  2.1524095153808594e+002 3.7235298156738281e+001 0 -1
  2.4480838012695312e+002 1.6495024108886719e+002
  1.4714284896850586e+001 2.6386679077148437e+002
  3.3148811340332031e+001 0 -1 3.8053463745117187e+002
  1.6639578247070312e+002 1.3879703521728516e+001
  2.4428866577148437e+002 3.6526382446289063e+001 0 -1
  4.7970956420898437e+002 1.6859773254394531e+002 15.
  2.8039956665039062e+002 4.5125000000000000e+001 0 -1
  4.8769253540039062e+002 1.6863970947265625e+002
  1.4223474502563477e+001 3.0796725463867187e+002
  6.2888793945312500e+001 0 -1 4.3628640747070312e+002
  1.7069860839843750e+002 1.4739130020141602e+001
  2.8909124755859375e+002 3.6396736145019531e+001 0 -1
  4.3070468139648437e+002 1.7522650146484375e+002
  1.2069766998291016e+001 3.0122122192382812e+002
  4.4002914428710938e+001 0 -1 4.7257254028320312e+002
  1.7531416320800781e+002 1.4553191184997559e+001
  2.3500897216796875e+002 1.3551062011718750e+002 0 -1
  4.4957763671875000e+002 1.7678559875488281e+002
  1.4052631378173828e+001 3.0775564575195312e+002
  4.4111843109130859e+001 0 -1 4.4645840454101562e+002
  1.9100407409667969e+002 1.3857143402099609e+001
  5.6164070129394531e+001 3.6005950927734375e+001 0 -1
  4.4012951660156250e+002 1.9444244384765625e+002 14.
  7.7175956726074219e+001 44. 0 -1 4.5505145263671875e+002
  2.2931576538085937e+002 1.4513513565063477e+001
  3.5264031982421875e+002 5.8246627807617187e+001 0 -1
  4.5701153564453125e+002 2.3194013977050781e+002
  1.3994192123413086e+001 1.0456440925598145e+001
  7.8185134887695313e+001 0 -1 4.3250000000000000e+002
  2.3366317749023437e+002 1.4314840316772461e+001
  1.4862738037109375e+002 1.6299996948242187e+002 0 -1
  4.5521173095703125e+002 242. 15. 5.0776405334472656e+001 36. 0 -1
  4.3772204589843750e+002 2.4761048889160156e+002
  1.6264350891113281e+001 1.0089971160888672e+002
  4.9466796875000000e+001 0 -1 2.8104766845703125e+002
  4.6602264404296875e+001 2.0360563278198242e+001
  2.9805734252929687e+002 1.4933885192871094e+002 1 -1
  3.9780236816406250e+002 4.7574558258056641e+001
  2.1669908523559570e+001 4.1378814697265625e+001
  1.2209968566894531e+002 1 -1 3.9552386474609375e+002
  4.7906639099121094e+001 1.6791782379150391e+001
  4.2005283355712891e+001 9.3433616638183594e+001 1 -1
  2.3716375732421875e+002 9.8073074340820313e+001
  1.5657402038574219e+001 5.8035121917724609e+001
  3.6551620483398437e+001 1 -1 3.8005407714843750e+002
  9.9127708435058594e+001 1.8272727966308594e+001
  3.1040600585937500e+002 3.4011360168457031e+001 1 -1
  4.3456329345703125e+002 1.1813259887695312e+002
  1.4138195037841797e+001 2.7089355468750000e+002
  3.6165702819824219e+001 1 -1 4.5216717529296875e+002
  1.2449134826660156e+002 24. 2.8623968505859375e+002 86. 1 -1
  4.4687060546875000e+002 1.2535447692871094e+002
  1.9595745086669922e+001 2.5844601440429687e+002
  5.0662231445312500e+001 1 -1 4.6747021484375000e+002
  1.2867407226562500e+002 1.7870103836059570e+001
  1.7471723937988281e+002 1.5804379272460938e+002 1 -1
  4.9269384765625000e+002 1.3404808044433594e+002 16.
  2.2450027465820313e+001 4.5333335876464844e+001 1 -1
  4.3263562011718750e+002 1.3978961181640625e+002
  2.0142856597900391e+001 9.3397430419921875e+001
  4.6446430206298828e+001 1 -1 3.8000863647460937e+002
  1.6479159545898437e+002 1.9890693664550781e+001
  2.7082632446289062e+002 3.5860691070556641e+001 1 -1
  4.8604281616210937e+002 1.7268305969238281e+002 18.
  3.1999142456054687e+002 37. 1 -1 4.3679788208007812e+002
  1.7442002868652344e+002 1.8421594619750977e+001
  3.0420373535156250e+002 3.4086181640625000e+001 1 -1
  4.2527862548828125e+002 1.8083197021484375e+002
  1.7611186981201172e+001 1.7304522705078125e+002
  1.5016860961914063e+002 1 -1 4.9402416992187500e+002
  1.8507771301269531e+002 1.8599998474121094e+001
  2.7450998306274414e+001 3.0049995422363281e+001 1 -1
  4.3159527587890625e+002 1.9385525512695312e+002
  1.9622770309448242e+001 1.0093878173828125e+002
  3.8083435058593750e+001 1 -1 4.4717721557617187e+002
  2.2835214233398437e+002 1.9259407043457031e+001
  2.7808010578155518e+000 3.3455627441406250e+001 1 -1
  4.5329956054687500e+002 2.3450465393066406e+002 19.
  2.8366834640502930e+001 3.2500000000000000e+001 1 -1
  4.3696362304687500e+002 2.3546383666992187e+002 17.
  1.0533937072753906e+002 3.2333328247070312e+001 1 -1
  4.5521173095703125e+002 2.4212500000000000e+002 15.
  5.1378639221191406e+001 3.3250000000000000e+001 1 -1
  4.3764898681640625e+002 2.4708390808105469e+002
  1.7879100799560547e+001 1.0396652221679687e+002
  4.6001266479492188e+001 1 -1 2.8146203613281250e+002
