%YAML:1.0
---
chapterId: 43
title: ""
description: ""
chapterType: 6000
options:
   locationAnnotation: 1
sections:
   -
      sectionId: 43000
      sectionType: 1002
      channelId: main
      distance: 1.
      startFrame: 153
      stopFrame: 162
      focusFrame: 153
      focusPoint: { values:[ 790., 380. ], type:Vector2 }
      focusPose:
         rows: 2
         cols: 2
         values: [ 0., 0., 0., 0. ]
         type: Matrix
      focusROI:
         type: "Vector2[][]"
         values:
            []
      minDurationRelTS: "0"
      animationPeriod: "0"
      recordId: Action_20171124T114953
      homography:
         rows: 3
         cols: 3
         values: [ 9.9755642768226005e-001, 4.8292280115362803e-004,
             2.1175260367505584e+000, -4.8292280115362803e-004,
             9.9755642768226005e-001, 2.2562101924839988e+000, 0., 0.,
             1. ]
         type: Matrix
      similarities:
         []
      annotations:
         []
