<?xml version="1.0"?>
<opencv_storage>
<keyPoints>
  2.7164916992187500e+002 2.5453256607055664e+001
  1.4910533905029297e+001 8.9505432128906250e+001
  3.2627609252929688e+001 0 -1 3.1065093994140625e+002
  2.6343704223632813e+001 1.2239999771118164e+001
  8.5984428405761719e+001 5.4039993286132812e+001 0 -1
  3.1564627075195312e+002 2.6909854888916016e+001
  1.3059213638305664e+001 8.3696083068847656e+001
  3.8404190063476562e+001 0 -1 4.1155679321289062e+002
  2.7061857223510742e+001 1.2442623138427734e+001
  8.7368675231933594e+001 5.6165985107421875e+001 0 -1
  2.6731805419921875e+002 2.7891525268554688e+001
  1.3835812568664551e+001 8.8786239624023437e+001
  6.4787704467773438e+001 0 -1 3.9159460449218750e+002
  2.7844947814941406e+001 1.3472726821899414e+001
  9.4684379577636719e+001 5.9656814575195312e+001 0 -1
  4.1611215209960937e+002 2.7689962387084961e+001
  1.3237213134765625e+001 8.5406288146972656e+001
  3.2695343017578125e+001 0 -1 2.2597459411621094e+002
  2.9630630493164063e+001 1.3456103324890137e+001
  9.2657600402832031e+001 4.0493614196777344e+001 0 -1
  2.5962872314453125e+002 3.0053575515747070e+001
  1.1538461685180664e+001 8.5816604614257813e+001
  3.6153854370117187e+001 0 -1 2.7544741821289062e+002
  2.9843790054321289e+001 1.3802927970886230e+001
  9.3107635498046875e+001 3.7734939575195312e+001 0 -1
  4.1891241455078125e+002 3.1820383071899414e+001
  1.2500000000000000e+001 7.9940650939941406e+001
  3.2083335876464844e+001 0 -1 3.7462237548828125e+002
  4.2355384826660156e+001 1.4333333015441895e+001
  2.1147862243652344e+002 6.1083328247070312e+001 0 -1
  2.8340887451171875e+002 4.9862155914306641e+001
  1.4076922416687012e+001 2.3715755462646484e+001
  4.4336547851562500e+001 0 -1 2.5090805053710937e+002
  8.0990798950195312e+001 1.3444444656372070e+001
  3.3847790527343750e+002 3.2782409667968750e+001 0 -1
  2.4719342041015625e+002 8.2336174011230469e+001
  1.5846153259277344e+001 3.3266546630859375e+002
  1.2702563476562500e+002 0 -1 3.1152447509765625e+002
  8.5322723388671875e+001 1.4982782363891602e+001
  2.9652304077148437e+002 6.3722610473632813e+001 0 -1
  4.0185049438476562e+002 8.5891738891601562e+001
  1.3097560882568359e+001 1.1560198783874512e+001
  3.8685989379882813e+001 0 -1 2.1593655395507812e+002
  1.0170727539062500e+002 1.3562629699707031e+001
  2.7634030151367187e+002 4.7600708007812500e+001 0 -1
  2.4719927978515625e+002 1.1208718872070312e+002
  1.3903810501098633e+001 2.9647143554687500e+002
  4.5909378051757813e+001 0 -1 368. 115. 15. 2.8380526733398437e+002
  5.2750000000000000e+001 0 -1 2.4635115051269531e+002
  1.1866271209716797e+002 1.6375749588012695e+001
  3.0147436523437500e+002 5.0057250976562500e+001 0 -1
  4.9143292236328125e+002 125. 1.2951219558715820e+001
  1.7381512451171875e+002 4.7515243530273438e+001 0 -1
  2.4636703491210937e+002 1.6974050903320312e+002
  1.7366428375244141e+001 5.3927921295166016e+001
  4.2310623168945313e+001 0 -1 4.9748687744140625e+002
  1.7724313354492188e+002 1.3572850227355957e+001
  1.9256057739257812e+002 1.0744171142578125e+002 0 -1
  4.9173416137695312e+002 1.7970425415039062e+002
  1.3307691574096680e+001 1.7702215576171875e+002
  4.6926284790039063e+001 0 -1 3.6858840942382813e+002
  2.2756044006347656e+002 1.4437500000000000e+001
  2.9126516723632812e+002 4.1640625000000000e+001 0 -1
  4.9167257690429688e+002 2.3345651245117187e+002
  1.4048652648925781e+001 1.9354040527343750e+002
  3.9662612915039062e+001 0 -1 368. 2.5675000000000000e+002 18.
  3.0700729370117187e+002 105. 0 -1 2.4061074829101562e+002
  2.8488046264648437e+002 1.2666666984558105e+001
  2.0225102233886719e+002 4.8222221374511719e+001 0 -1
  2.4549504089355469e+002 2.8587966918945312e+002 15.
  2.8323513793945313e+002 4.9250000000000000e+001 0 -1
  2.9110995483398437e+002 3.2000833129882812e+002
  1.1857142448425293e+001 3.3243469238281250e+002
  3.5005950927734375e+001 0 -1 2.9263952636718750e+002
  3.2185278320312500e+002 1.1354925155639648e+001
  1.4536180496215820e+000 6.2235603332519531e+001 0 -1
  3.1811831665039063e+002 3.2182955932617188e+002
  1.2506494522094727e+001 3.2604736328125000e+001
  8.5274353027343750e+001 0 -1 3.9734008789062500e+002
  4.6207786560058594e+001 2.1849784851074219e+001
  8.1343986511230469e+001 2.1247180175781250e+002 1 -1
  2.7576379394531250e+002 4.8986427307128906e+001
  1.9388530731201172e+001 1.5439918518066406e+002
  6.7299102783203125e+001 1 -1 3.1129495239257812e+002
  8.5118537902832031e+001 1.7283363342285156e+001
  2.7491015625000000e+002 6.5694290161132813e+001 1 -1
  2.0810269165039062e+002 1.0623600769042969e+002
  2.1185777664184570e+001 2.6153500366210937e+002
  3.5175247192382813e+001 1 -1 2.1941757202148437e+002
  1.0650000000000000e+002 24. 3.1048999023437500e+002
  7.8747108459472656e+001 1 -1 2.9339541625976562e+002
  1.0818180847167969e+002 24. 2.2286709594726562e+002
  1.2024218750000000e+002 1 -1 1.9184652709960937e+002
  1.0832276916503906e+002 1.9766811370849609e+001
  2.0867532348632812e+002 7.5648658752441406e+001 1 -1
  3.0170578002929687e+002 1.0942693328857422e+002
  2.0647058486938477e+001 2.5811569213867187e+002
  6.1308807373046875e+001 1 -1 3.0930541992187500e+002
  1.0963154602050781e+002 1.8136363983154297e+001
  2.8834466552734375e+002 5.3011383056640625e+001 1 -1
  4.9123074340820312e+002 1.2463706970214844e+002
  1.6717187881469727e+001 1.8006794738769531e+002
  4.6448272705078125e+001 1 -1 2.4450000000000000e+002
  1.4250000000000000e+002 24. 7.8000922203063965e+000
  1.8433300781250000e+002 1 -1 2.4625000000000000e+002
  1.7114518737792969e+002 1.8235891342163086e+001
  5.0158782958984375e+001 5.9737442016601563e+001 1 -1
  4.9678790283203125e+002 1.7745593261718750e+002
  1.7411952972412109e+001 1.8344320678710937e+002
  1.1313652801513672e+002 1 -1 4.9179562377929687e+002
  1.7989602661132812e+002 1.3762594223022461e+001
  1.7611784362792969e+002 4.3687690734863281e+001 1 -1
  2.4581976318359375e+002 2.2856777954101562e+002
  2.0400001525878906e+001 2.9669818115234375e+002
  6.3799999237060547e+001 1 -1 2.4530813598632812e+002
  2.8529669189453125e+002 1.9395784378051758e+001
  3.4162033081054687e+002 5.2588127136230469e+001 1 -1
  3.7452258300781250e+002 4.1892105102539062e+001
  2.1724235534667969e+001 1.1153780364990234e+002
  6.1652965545654297e+001 2 -1 2.4523324584960937e+002
  8.3193305969238281e+001 2.7070880889892578e+001
  3.5911380004882812e+002 1.9162336730957031e+002 2 -1
  3.1132159423828125e+002 8.5958297729492187e+001 18.
  2.7607293701171875e+002 6.4698242187500000e+001 2 -1
  3.9703057861328125e+002 8.3927124023437500e+001
  2.5590103149414063e+001 2.5789730834960937e+002
  1.9443005371093750e+002 2 -1 3.9529785156250000e+002
  8.5217720031738281e+001 3.0199024200439453e+001
  2.5144956970214844e+002 2.0658500671386719e+002 2 -1
  2.0710171508789063e+002 1.0826205444335937e+002
  2.9608695983886719e+001 2.3943835449218750e+002
  4.6349639892578125e+001 2 -1 2.1983139038085937e+002
  1.0745101928710937e+002 2.9078884124755859e+001
  3.0763543701171875e+002 8.1873840332031250e+001 2 -1
  3.1959005737304687e+002 1.0790808868408203e+002
  3.0509803771972656e+001 3.2496972656250000e+002
  9.0532569885253906e+001 2 -1 1.9222470092773437e+002
  1.0932778167724609e+002 2.7374776840209961e+001
  1.9162129211425781e+002 9.0428009033203125e+001 2 -1
  4.0504898071289062e+002 1.1002990722656250e+002
  2.8504165649414063e+001 2.7194531250000000e+002
  6.6829978942871094e+001 2 -1 4.0970941162109375e+002
  1.0968773651123047e+002 3.0190155029296875e+001
  3.0260000610351562e+002 9.0235313415527344e+001 2 -1
  3.6759454345703125e+002 1.1697894287109375e+002
  2.7730537414550781e+001 1.9442636108398437e+002
  8.2471008300781250e+001 2 -1 2.4661361694335937e+002
  1.1759413909912109e+002 2.6538463592529297e+001
  3.5096502685546875e+002 5.4387817382812500e+001 2 -1
  3.1929443359375000e+002 1.2121228027343750e+002
  3.3523662567138672e+001 2.4294990539550781e+001
