%YAML:1.0
---
recording:
   type: VideoRecording
   recordId: Action_20180109T151334
   channelId: main
   timeStamp: "131599844148310000"
   sessionTimestamp: "0"
   width: 0
   height: 0
   frameCount: 122
   fps: 2.9969999999999999e+001
   recordingType: 2000
   frameTransformRect: [ [ -1, -1 ], [ -1, -1 ], [ -1, -1 ], [ -1, -1 ] ]
   trackingMode: 0
   segments:
      - { startFrame:0, stopFrame:115, segmentType:1000, focusFrame:-1,
          focusPoint:{ values:[ -1., -1. ], type:Vector2 }, isFragment:0 }
   framesRelTs: [ "0", "340000", "660000", "990000", "1650000",
       "1810000", "1990000", "2300000", "2630000", "2950000", "3280000",
       "3620000", "3950000", "4280000", "4610000", "4940000", "5260000",
       "5600000", "5920000", "6250000", "6590000", "6920000", "7240000",
       "7560000", "7900000", "8230000", "8560000", "8890000", "9220000",
       "9550000", "9880000", "10200000", "10530000", "10860000",
       "11190000", "11510000", "11840000", "12170000", "12490000",
       "12830000", "13150000", "13490000", "13810000", "14140000",
       "14480000", "14800000", "15140000", "15460000", "15790000",
       "16120000", "16460000", "16770000", "17110000", "17430000",
       "17770000", "18090000", "18410000", "18750000", "19070000",
       "19400000", "19730000", "20060000", "20390000", "20720000",
       "21040000", "21380000", "21710000", "22040000", "22380000",
       "22690000", "23020000", "23340000", "23690000", "24000000",
       "24330000", "24660000", "24980000", "25320000", "25640000",
       "26050000", "26320000", "26640000", "26970000", "27290000",
       "27630000", "27970000", "28290000", "28600000", "28930000",
       "29280000", "29600000", "29930000", "30240000", "30590000",
       "30900000", "31220000", "31560000", "31880000", "32230000",
       "32550000", "32880000", "33210000", "33580000", "33860000",
       "34190000", "34520000", "34850000", "35170000", "35510000",
       "35830000", "36160000", "36490000", "36840000", "37150000",
       "37480000", "37820000", "38140000", "38330000", "38640000",
       "38990000", "39320000", "39640000" ]
   chunks:
      - { path:"Recordings/Action_20180109T151334/recording.avi",
          startFrameIdx:0 }
