%YAML:1.0
---
recording:
   type: VideoRecording
   recordId: Action_20171124T114953
   channelId: main
   timeStamp: "131559977937240000"
   sessionTimestamp: "0"
   width: -1
   height: -1
   frameCount: 163
   fps: 2.9969999999999999e+001
   recordingType: 2000
   frameTransformRect: [ [ -1, -1 ], [ -1, -1 ], [ -1, -1 ], [ -1, -1 ] ]
   trackingMode: 1
   segments:
      - { startFrame:87, stopFrame:134, segmentType:2000, focusFrame:-1,
          focusPoint:{ values:[ -1., -1. ], type:Vector2 }, isFragment:0 }
      - { startFrame:0, stopFrame:156, segmentType:1000, focusFrame:-1,
          focusPoint:{ values:[ -1., -1. ], type:Vector2 }, isFragment:0 }
   framesRelTs: [ "0", "190000", "500000", "820000", "1150000",
       "1470000", "1790000", "2100000", "2430000", "2740000", "3230000",
       "3550000", "3860000", "4180000", "4500000", "4820000", "5140000",
       "5470000", "5780000", "6110000", "6430000", "6740000", "7220000",
       "7550000", "7870000", "8190000", "8510000", "8830000", "9140000",
       "9470000", "9780000", "10240000", "10440000", "10760000",
       "11100000", "11690000", "11880000", "12180000", "12500000",
       "12820000", "13140000", "13470000", "13780000", "14100000",
       "14430000", "14750000", "15070000", "15550000", "15860000",
       "16190000", "16510000", "16830000", "17140000", "17460000",
       "17780000", "18110000", "18430000", "18750000", "19060000",
       "19380000", "19870000", "20180000", "20510000", "20830000",
       "21150000", "21470000", "21780000", "22110000", "22420000",
       "22760000", "23070000", "23480000", "23870000", "24180000",
       "24510000", "24820000", "25140000", "25460000", "25780000",
       "26100000", "26430000", "26800000", "27100000", "27380000",
       "27860000", "28190000", "28500000", "28830000", "29140000",
       "29470000", "29780000", "30110000", "30420000", "30740000",
       "31070000", "31380000", "31710000", "32190000", "32500000",
       "32820000", "33140000", "33470000", "33780000", "34110000",
       "34430000", "34750000", "35070000", "35390000", "35710000",
       "36190000", "36510000", "36830000", "37140000", "37470000",
       "37780000", "38100000", "38420000", "38750000", "39060000",
       "39380000", "39710000", "40030000", "40510000", "40830000",
       "41140000", "41460000", "41780000", "42100000", "42420000",
       "42740000", "43070000", "43390000", "43700000", "44020000",
       "44650000", "44870000", "45140000", "45470000", "45790000",
       "46110000", "46430000", "46740000", "47060000", "47380000",
       "47760000", "48090000", "48390000", "48820000", "49150000",
       "49530000", "49780000", "50100000", "50430000", "50740000",
       "51060000", "51390000", "51700000", "52030000", "52350000",
       "52830000", "53140000", "53470000", "53840000" ]
   chunks:
      - { path:"Recordings/Action_20171124T114953/recording.avi",
          startFrameIdx:0 }
