%YAML:1.0
---
recording:
   type: VideoRecording
   recordId: Action_20180109T110922
   channelId: main
   timeStamp: "131599697623870000"
   sessionTimestamp: "0"
   width: 0
   height: 0
   frameCount: 205
   fps: 2.9969999999999999e+001
   recordingType: 2000
   frameTransformRect: [ [ -1, -1 ], [ -1, -1 ], [ -1, -1 ], [ -1, -1 ] ]
   trackingMode: 1
   segments:
      - { startFrame:27, stopFrame:101, segmentType:2000, focusFrame:-1,
          focusPoint:{ values:[ -1., -1. ], type:Vector2 }, isFragment:0 }
      - { startFrame:99, stopFrame:147, segmentType:2000, focusFrame:-1,
          focusPoint:{ values:[ -1., -1. ], type:Vector2 }, isFragment:0 }
      - { startFrame:0, stopFrame:198, segmentType:1000, focusFrame:-1,
          focusPoint:{ values:[ -1., -1. ], type:Vector2 }, isFragment:0 }
   framesRelTs: [ "0", "260000", "530000", "850000", "1200000",
       "1510000", "1850000", "2170000", "2490000", "2820000", "3140000",
       "3460000", "3800000", "4130000", "4450000", "4930000", "5120000",
       "5430000", "5760000", "6090000", "6410000", "6730000", "7230000",
       "7550000", "7870000", "8220000", "8530000", "8850000", "9180000",
       "9490000", "9830000", "10150000", "10470000", "10790000",
       "11120000", "11440000", "11760000", "12090000", "12420000",
       "12750000", "13060000", "13380000", "13710000", "14040000",
       "14360000", "14670000", "15000000", "15310000", "15640000",
       "15970000", "16290000", "16620000", "16940000", "17270000",
       "17600000", "17920000", "18230000", "18570000", "18880000",
       "19210000", "19540000", "19880000", "20190000", "20510000",
       "20840000", "21190000", "21500000", "21840000", "22170000",
       "22480000", "22810000", "23130000", "23470000", "23790000",
       "24110000", "24460000", "24780000", "25100000", "25430000",
       "25750000", "26080000", "26410000", "26740000", "27080000",
       "27410000", "27740000", "28070000", "28380000", "28700000",
       "29030000", "29350000", "29670000", "30020000", "30340000",
       "30660000", "30990000", "31310000", "31640000", "31970000",
       "32300000", "32620000", "32950000", "33500000", "33760000",
       "34090000", "34410000", "34730000", "35060000", "35380000",
       "35700000", "36030000", "36360000", "36680000", "37000000",
       "37320000", "37650000", "37970000", "38300000", "38630000",
       "38950000", "39290000", "39610000", "39940000", "40270000",
       "40600000", "40910000", "41230000", "41570000", "41890000",
       "42220000", "42540000", "42880000", "43190000", "43520000",
       "43840000", "44170000", "44500000", "44830000", "45150000",
       "45480000", "45800000", "46130000", "46460000", "46790000",
       "47110000", "47430000", "47750000", "48080000", "48420000",
       "48750000", "49070000", "49400000", "49720000", "50050000",
       "50370000", "50690000", "51020000", "51350000", "51690000",
       "52000000", "52320000", "52650000", "52980000", "53300000",
       "53630000", "53950000", "54280000", "54610000", "54920000",
       "55250000", "55580000", "55900000", "56230000", "56550000",
       "56870000", "57190000", "57510000", "57840000", "58330000",
       "58660000", "58980000", "59300000", "59630000", "59950000",
       "60270000", "60590000", "60920000", "61230000", "61560000",
       "61880000", "62210000", "62530000", "62860000", "63190000",
       "63530000", "63840000", "64170000", "64490000", "64820000",
       "65140000", "65480000", "65790000", "66120000", "66460000",
       "66940000" ]
   chunks:
      - { path:"Recordings/Action_20180109T110922/recording.avi",
          startFrameIdx:0 }
