<?xml version="1.0"?>
<opencv_storage>
<keyPoints>
  2.2057693481445312e+002 2.9930629730224609e+001
  1.3266666412353516e+001 8.5448333740234375e+001
  4.8002777099609375e+001 0 -1 2.6840206909179687e+002
  3.0433471679687500e+001 1.4230594635009766e+001
  8.8533058166503906e+001 7.2085494995117187e+001 0 -1
  3.8882699584960937e+002 3.0087640762329102e+001
  1.1331380844116211e+001 1.9032666015625000e+002
  3.1484176635742187e+001 0 -1 2.6554730224609375e+002
  3.0350603103637695e+001 1.6068813323974609e+001
  8.9992942810058594e+001 7.7256301879882812e+001 0 -1
  2.7955694580078125e+002 5.1325599670410156e+001
  1.6429779052734375e+001 2.9977853393554687e+002
  1.3046035766601562e+002 0 -1 2.7959866333007812e+002
  5.5764652252197266e+001 1.3419870376586914e+001
  7.7482742309570313e+001 4.5696334838867188e+001 0 -1
  4.3084899902343750e+002 6.8484626770019531e+001
  1.5353372573852539e+001 2.1700798034667969e+002
  8.4489791870117188e+001 0 -1 4.4166278076171875e+002
  6.8728935241699219e+001 1.6220272064208984e+001
  2.8063367843627930e+001 5.4578033447265625e+001 0 -1
  4.4547070312500000e+002 6.8845657348632812e+001
  1.3965517044067383e+001 2.7454965591430664e+001
  3.5556030273437500e+001 0 -1 2.0507461547851562e+002
  7.4076599121093750e+001 1.3387798309326172e+001
  3.5978033447265625e+002 1.2681652832031250e+002 0 -1
  2.6845889282226562e+002 7.5353530883789062e+001
  1.3538934707641602e+001 2.8892211914062500e+002
  1.3116934204101562e+002 0 -1 2.0495223999023437e+002
  7.8565895080566406e+001 1.2885173797607422e+001
  3.8317745208740234e+001 1.1714151000976562e+002 0 -1
  2.6794183349609375e+002 7.9780532836914063e+001
  1.3209677696228027e+001 2.9495193481445312e+002
  1.2852017211914063e+002 0 -1 4.3130984497070312e+002
  8.3649780273437500e+001 1.3888889312744141e+001
  8.3876190185546875e+001 6.1675918579101563e+001 0 -1
  2.3640057373046875e+002 1.0111949157714844e+002
  1.3421344757080078e+001 6.1906131744384766e+001
  3.7218414306640625e+001 0 -1 3.7948257446289062e+002
  1.0553038024902344e+002 1.4064877510070801e+001
  2.9763107299804687e+002 3.5186843872070313e+001 0 -1
  2.3465888977050781e+002 1.6657621765136719e+002
  1.2738918304443359e+001 2.1060450744628906e+002
  3.4925476074218750e+001 0 -1 2.4278430175781250e+002
  1.6782992553710937e+002 1.3581033706665039e+001
  3.4762466430664062e+002 3.7000366210937500e+001 0 -1
  3.7842245483398437e+002 1.7153150939941406e+002
  1.4442243576049805e+001 2.1442585754394531e+002
  4.0533279418945313e+001 0 -1 1.5823992919921875e+002
  1.7926998901367187e+002 1.1769230842590332e+001
  2.0647706604003906e+002 9.3096160888671875e+001 0 -1
  3.7682312011718750e+002 2.3776910400390625e+002
  1.3857622146606445e+001 6.6486190795898437e+001
  3.3467468261718750e+001 0 -1 4.7835928344726562e+002
  2.5749676513671875e+002 1.4786582946777344e+001
  3.3939944458007812e+002 8.7256851196289063e+001 0 -1
  4.7172027587890625e+002 2.5902111816406250e+002
  1.2876952171325684e+001 1.9553910827636719e+002
  3.4462844848632812e+001 0 -1 4.7617578125000000e+002
  2.6190731811523437e+002 1.2815156936645508e+001
  4.4746124267578125e+001 3.6741012573242188e+001 0 -1
  3.7492288208007812e+002 3.0370443725585937e+002
  1.4294116973876953e+001 2.0046656799316406e+002
  3.4485290527343750e+001 0 -1 3.4272741699218750e+002
  8.1670654296875000e+001 1.6714284896850586e+001
  1.5872004699707031e+002 1.6896427917480469e+002 1 -1
  3.7917315673828125e+002 1.0357847595214844e+002
  1.9399799346923828e+001 3.2233526611328125e+002
  3.5299072265625000e+001 1 -1 3.7744696044921875e+002
  1.6986048889160156e+002 1.8656518936157227e+001
  2.1060108947753906e+002 3.8046798706054687e+001 1 -1
  1.5550756835937500e+002 1.7847970581054687e+002
  2.0381164550781250e+001 1.6330172729492188e+002
  1.2458111572265625e+002 1 -1 4.7775976562500000e+002
  2.5705630493164062e+002 2.0144020080566406e+001
  3.3483944702148437e+002 9.4912231445312500e+001 1 -1
  4.6970980834960937e+002 2.6584164428710937e+002
  1.7611967086791992e+001 1.2287492370605469e+002
  7.7019210815429688e+001 1 -1 2.8124838256835937e+002
  5.0133140563964844e+001 2.1527465820312500e+001
  2.9820614624023437e+002 1.5644311523437500e+002 2 -1
  3.9745989990234375e+002 5.2854469299316406e+001
  2.4500261306762695e+001 3.7698326110839844e+001
  1.5986015319824219e+002 2 -1 4.4357846069335937e+002
  5.3420948028564453e+001 2.5263204574584961e+001
  2.8531768798828125e+002 7.0294761657714844e+001 2 -1
  2.2931982421875000e+002 5.7375980377197266e+001
  3.0224424362182617e+001 3.2548364257812500e+002
  7.3625572204589844e+001 2 -1 2.0331935119628906e+002
  5.7728527069091797e+001 2.9287384033203125e+001
  2.9517398071289062e+002 7.1903846740722656e+001 2 -1
  4.3014254760742187e+002 6.9428268432617187e+001
  2.6811418533325195e+001 2.2620783996582031e+002
  9.3355201721191406e+001 2 -1 4.4335607910156250e+002
  6.7585151672363281e+001 2.7773132324218750e+001
  3.3230831909179687e+002 6.5988304138183594e+001 2 -1
  2.0526916503906250e+002 7.5090713500976562e+001
  2.1733602523803711e+001 5.1475135803222656e+001
  9.6414245605468750e+001 2 -1 2.6846072387695312e+002
  7.6850204467773438e+001 2.6657142639160156e+001
  3.1943130493164063e+002 1.3228810119628906e+002 2 -1
  3.4503759765625000e+002 8.0799423217773438e+001
  2.9554098129272461e+001 1.5589685058593750e+002
  2.0409803771972656e+002 2 -1 2.3647978210449219e+002
  1.0016359710693359e+002 2.2565216064453125e+001
  5.3123870849609375e+001 3.7219203948974609e+001 2 -1
  3.7956774902343750e+002 1.0387953948974609e+002
  2.2113878250122070e+001 3.3328292846679688e+002
  3.4523353576660156e+001 2 -1 2.4206030273437500e+002
  1.6848652648925781e+002 2.4724140167236328e+001
  1.0258192062377930e+001 3.8070392608642578e+001 2 -1
  3.7801443481445312e+002 1.6960092163085937e+002
  2.2228654861450195e+001 2.2377014160156250e+002
  3.7361042022705078e+001 2 -1 1.5665571594238281e+002
  1.7834428405761719e+002 2.7737251281738281e+001
  1.2774446868896484e+002 1.5900154113769531e+002 2 -1
  1.6015000915527344e+002 1.8167469787597656e+002
  2.7681819915771484e+001 9.4751518249511719e+001
  2.0528410339355469e+002 2 -1 4.7656317138671875e+002
  2.5702307128906250e+002 2.6807434082031250e+001
  3.5462536621093750e+002 1.0774869537353516e+002 2 -1
  4.7029135131835937e+002 2.6619943237304687e+002
  1.8310375213623047e+001 1.1410422515869141e+002
  7.3005973815917969e+001 2 -1 4.4391024780273437e+002
  5.2500000000000000e+001 24. 2.8186334228515625e+002
  6.8985397338867187e+001 3 -1 2.0275109863281250e+002
  5.7857307434082031e+001 3.4015602111816406e+001
  1.2297755241394043e+001 6.8178009033203125e+001 3 -1
  2.2843328857421875e+002 5.7648651123046875e+001
  3.3636573791503906e+001 1.9819122314453125e+001
  7.1175003051757813e+001 3 -1 4.2955035400390625e+002
  7.1444572448730469e+001 3.5765953063964844e+001
  3.9212608337402344e+001 8.5003295898437500e+001 3 -1
  4.2989483642578125e+002 8.1153663635253906e+001
  3.4363636016845703e+001 9.2552154541015625e+001
  8.8102272033691406e+001 3 -1 3.7867700195312500e+002
  1.6969496154785156e+002 4.3800003051757813e+001
  3.3376049804687500e+002 3.1408334732055664e+001 4 -1
  4.7547891235351562e+002 2.5808905029296875e+002
  4.3521125793457031e+001 1.3398902893066406e+002
  9.3648460388183594e+001 4 -1</keyPoints>
