%YAML:1.0
---
recording:
   type: VideoRecording
   recordId: Action_20171124T115702
   channelId: main
   timeStamp: "131559982229660000"
   sessionTimestamp: "0"
   width: -1
   height: -1
   frameCount: 186
   fps: 2.9969999999999999e+001
   recordingType: 2000
   frameTransformRect: [ [ -1, -1 ], [ -1, -1 ], [ -1, -1 ], [ -1, -1 ] ]
   trackingMode: 1
   segments:
      - { startFrame:47, stopFrame:67, segmentType:2000, focusFrame:-1,
          focusPoint:{ values:[ -1., -1. ], type:Vector2 }, isFragment:0 }
      - { startFrame:69, stopFrame:88, segmentType:2000, focusFrame:-1,
          focusPoint:{ values:[ -1., -1. ], type:Vector2 }, isFragment:0 }
      - { startFrame:0, stopFrame:179, segmentType:1000, focusFrame:-1,
          focusPoint:{ values:[ -1., -1. ], type:Vector2 }, isFragment:0 }
   framesRelTs: [ "0", "220000", "690000", "1010000", "1330000",
       "1760000", "2080000", "2290000", "2610000", "2930000", "3250000",
       "3570000", "3890000", "4210000", "4530000", "5010000", "5330000",
       "5650000", "5970000", "6290000", "6610000", "6930000", "7260000",
       "7570000", "7900000", "8220000", "8530000", "9010000", "9330000",
       "9650000", "9970000", "10290000", "10800000", "10990000",
       "11260000", "11570000", "11890000", "12210000", "12530000",
       "12850000", "13340000", "13820000", "14020000", "14290000",
       "14610000", "15090000", "15410000", "15960000", "16150000",
       "16370000", "16690000", "17010000", "17330000", "17650000",
       "17970000", "18290000", "18620000", "19100000", "19410000",
       "19740000", "20050000", "20370000", "20690000", "21010000",
       "21330000", "21650000", "21970000", "22290000", "22610000",
       "22930000", "23410000", "23730000", "24050000", "24370000",
       "24690000", "25010000", "25340000", "25650000", "25970000",
       "26290000", "26620000", "26930000", "27410000", "27730000",
       "28060000", "28370000", "28700000", "29010000", "29340000",
       "29650000", "29970000", "30290000", "30610000", "30930000",
       "31260000", "31730000", "32050000", "32370000", "32690000",
       "33010000", "33330000", "33650000", "33980000", "34290000",
       "34610000", "34930000", "35250000", "35740000", "36060000",
       "36370000", "36700000", "37010000", "37330000", "37650000",
       "37980000", "38300000", "38610000", "38930000", "39250000",
       "39740000", "40050000", "40380000", "40690000", "41010000",
       "41330000", "41660000", "41980000", "42290000", "42610000",
       "42930000", "43250000", "43570000", "44050000", "44380000",
       "44690000", "45010000", "45330000", "45650000", "45970000",
       "46290000", "46610000", "46930000", "47250000", "47570000",
       "48050000", "48460000", "48700000", "49010000", "49340000",
       "49650000", "49970000", "50290000", "50610000", "50930000",
       "51250000", "51570000", "51890000", "52370000", "52690000",
       "53010000", "53330000", "53650000", "53970000", "54290000",
       "54610000", "54940000", "55250000", "55570000", "55890000",
       "56370000", "56690000", "57020000", "57330000", "57650000",
       "57980000", "58300000", "58610000", "58930000", "59250000",
       "59570000", "59900000", "60230000", "60690000", "61010000",
       "61330000", "61650000" ]
   chunks:
      - { path:"Recordings/Action_20171124T115702/recording.avi",
          startFrameIdx:0 }
