<?xml version="1.0"?>
<opencv_storage>
<keyPoints>
  3.9881533813476562e+002 4.7467082977294922e+001
  1.3542055130004883e+001 3.4511508178710937e+002
  1.2653390502929687e+002 0 -1 230. 5.3230770111083984e+001
  1.5692307472229004e+001 3.0871911621093750e+002
  3.9923080444335938e+001 0 -1 2.7927725219726562e+002
  5.2967529296875000e+001 1.3500000000000000e+001
  7.4930374145507813e+001 39. 0 -1 2.4630720520019531e+002
  8.0721267700195313e+001 1.3750000000000000e+001
  3.1087854003906250e+002 6.1041671752929688e+001 0 -1
  3.9789144897460937e+002 8.1768959045410156e+001
  1.2937500000000000e+001 2.9778970336914062e+002
  3.8390625000000000e+001 0 -1 3.1737854003906250e+002
  8.7868705749511719e+001 1.5467432022094727e+001
  1.4983061218261719e+002 1.6657626342773437e+002 0 -1
  3.5493353271484375e+002 8.8034835815429687e+001
  1.3075452804565430e+001 2.8157373046875000e+002
  3.0378395080566406e+001 0 -1 1.7912004089355469e+002
  9.1016525268554688e+001 1.2345031738281250e+001
  8.2931388854980469e+001 3.5447151184082031e+001 0 -1
  1.8486756896972656e+002 9.1153114318847656e+001
  1.1264150619506836e+001 9.7438552856445313e+001
  4.1398574829101562e+001 0 -1 1.9570173645019531e+002
  9.0554077148437500e+001 1.4858501434326172e+001
  2.0305715942382812e+002 1.1400265502929688e+002 0 -1
  2.1080247497558594e+002 9.1405723571777344e+001
  1.4076922416687012e+001 3.3703918457031250e+002
  3.8557685852050781e+001 0 -1 3.3858721923828125e+002
  9.1365470886230469e+001 1.3541324615478516e+001
  4.9469085693359375e+001 4.0959060668945313e+001 0 -1
  2.6033850097656250e+002 9.2940773010253906e+001
  1.3254823684692383e+001 2.6611669540405273e+001
  3.7719734191894531e+001 0 -1 1.9544374084472656e+002
  9.5079849243164063e+001 1.4325233459472656e+001
  1.3588099670410156e+002 3.5597648620605469e+001 0 -1
  4.2797717285156250e+002 1.0694831848144531e+002
  1.4590822219848633e+001 2.6660290527343750e+002
  4.8420608520507813e+001 0 -1 4.4450000000000000e+002
  1.0703315734863281e+002 1.4636363983154297e+001
  2.7352825927734375e+002 4.6185607910156250e+001 0 -1
  4.5745434570312500e+002 1.0739926147460937e+002
  1.2500000000000000e+001 2.7219277954101562e+002
  3.5125000000000000e+001 0 -1 4.6378073120117187e+002
  1.0723218536376953e+002 1.3142856597900391e+001
  2.7382324218750000e+002 4.8761901855468750e+001 0 -1
  4.8006118774414062e+002 1.0775554656982422e+002
  1.2315790176391602e+001 3.2382434082031250e+002
  4.2105255126953125e+001 0 -1 4.8073211669921875e+002
  1.1109074401855469e+002 1.2549296379089355e+001
  3.4472277832031250e+002 4.2297546386718750e+001 0 -1 193.
  1.1493863677978516e+002 1.4785713195800781e+001
  2.5232797241210937e+002 3.5017852783203125e+001 0 -1
  4.3229101562500000e+002 1.1473912811279297e+002
  1.3586643218994141e+001 8.6686492919921875e+001
  3.5097724914550781e+001 0 -1 4.4634426879882812e+002
  1.1443041229248047e+002 1.3974025726318359e+001
  8.6884178161621094e+001 3.7500267028808594e+001 0 -1
  4.5288745117187500e+002 1.1518766784667969e+002
  1.2115385055541992e+001 8.8665168762207031e+001
  4.2009628295898438e+001 0 -1 4.6176562500000000e+002
  1.1525546264648437e+002 13. 9.1744941711425781e+001
  6.0833343505859375e+001 0 -1 4.7025488281250000e+002
  1.1564566802978516e+002 1.3436017990112305e+001
  6.2047439575195313e+001 4.2670234680175781e+001 0 -1
  3.5407662963867187e+002 1.1610430145263672e+002
  1.1903225898742676e+001 3.4095141601562500e+002
  3.9004035949707031e+001 0 -1 1.9606581115722656e+002
  1.1797077178955078e+002 1.1377358436584473e+001
  2.5272790527343750e+002 4.5285385131835938e+001 0 -1 205.
  1.1822714996337891e+002 1.3956521987915039e+001
  3.2919635009765625e+002 9.1668487548828125e+001 0 -1
  2.6396459960937500e+002 1.1908696746826172e+002
  1.3011596679687500e+001 2.3317547607421875e+002
  8.3062896728515625e+001 0 -1 4.0937295532226562e+002
  1.1939042663574219e+002 1.3578947067260742e+001
  1.4021041870117187e+002 1.1963156127929687e+002 0 -1
  4.8031536865234375e+002 1.2029129028320312e+002
  1.6150831222534180e+001 5.6172733306884766e+001
  9.0702865600585938e+001 0 -1 2.0630599975585937e+002
  1.2438751983642578e+002 1.4388059616088867e+001
  1.7576816558837891e+001 1.0051950073242187e+002 0 -1
  3.4387112426757812e+002 1.2397194671630859e+002
  1.1955223083496094e+001 1.6209672546386719e+002
  6.4001861572265625e+001 0 -1 3.4976348876953125e+002
  1.2421749877929687e+002 1.2882352828979492e+001
  5.6775393486022949e+000 1.1710296630859375e+002 0 -1
  4.7930831909179687e+002 1.2433910369873047e+002
  1.2642857551574707e+001 8.0617904663085938e+001
  3.7160713195800781e+001 0 -1 4.7956033325195312e+002 125.
  1.3839961051940918e+001 8.2548736572265625e+001
  3.4797485351562500e+001 0 -1 3.3732153320312500e+002
  1.7012010192871094e+002 1.3461538314819336e+001
  5.1161746978759766e+001 4.1157043457031250e+001 0 -1
  2.1482907104492187e+002 1.7804536437988281e+002
  1.5599999427795410e+001 2.0884907531738281e+002
  3.5599998474121094e+001 0 -1 2.0892016601562500e+002
  1.9147723388671875e+002 1.2923353195190430e+001
  2.5050726318359375e+002 1.4854150390625000e+002 0 -1
  2.6627435302734375e+002 1.9141015625000000e+002
  1.3612970352172852e+001 2.7277493286132812e+002
  9.0429214477539062e+001 0 -1 2.7482107543945312e+002
  1.9105676269531250e+002 1.1461538314819336e+001
  2.6491708374023437e+002 3.5157051086425781e+001 0 -1
  2.7254052734375000e+002 1.9200076293945312e+002
  1.3378377914428711e+001 2.6677264404296875e+002
  5.6976348876953125e+001 0 -1 2.7873062133789062e+002
  1.9182685852050781e+002 1.2102790832519531e+001
  2.8279632568359375e+002 6.1194107055664063e+001 0 -1
  3.2461767578125000e+002 1.9248416137695312e+002
  1.4714284896850586e+001 2.9745742797851562e+002
  3.8148811340332031e+001 0 -1 3.4589532470703125e+002
  1.9212684631347656e+002 1.4199998855590820e+001
  2.7391149902343750e+002 1.3305834960937500e+002 0 -1
  4.1684112548828125e+002 1.9236683654785156e+002
  1.4032257080078125e+001 2.9373834228515625e+002
  3.4778213500976563e+001 0 -1 4.0226965332031250e+002
  1.9290072631835937e+002 1.2483870506286621e+001
  2.8553897094726562e+002 3.3100807189941406e+001 0 -1
  4.0671539306640625e+002 1.9276298522949219e+002
  1.2918367385864258e+001 2.8825860595703125e+002
  5.5573974609375000e+001 0 -1 4.8186514282226562e+002
  1.9287525939941406e+002 1.3551889419555664e+001
  3.0282238769531250e+002 6.3719543457031250e+001 0 -1
  2.7489715576171875e+002 1.9394786071777344e+002
  1.1666666030883789e+001 2.5801278686523437e+002
  3.0041664123535156e+001 0 -1 4.9591229248046875e+002
  1.9355558776855469e+002 1.3468085289001465e+001
  2.1310682678222656e+002 6.1406906127929687e+001 0 -1
  2.1167683410644531e+002 2.1563188171386719e+002
  1.3600000381469727e+001 2.4536804199218750e+002
  3.1066665649414062e+001 0 -1 3.5467642211914062e+002
  2.1622663879394531e+002 1.2500000000000000e+001
  2.3400798034667969e+002 3.1083335876464844e+001 0 -1
  1.9533776855468750e+002 2.2064375305175781e+002
  1.6950824737548828e+001 2.2826184082031250e+002
  4.6165573120117187e+001 0 -1 2.0511077880859375e+002
  2.4845033264160156e+002 1.2514350891113281e+001
  3.4750857543945312e+002 9.1893981933593750e+001 0 -1
  4.8053817749023437e+002 2.4791911315917969e+002
  1.3901226043701172e+001 2.7928695678710937e+002
  4.2363655090332031e+001 0 -1 2.6304946899414062e+002
  2.4900262451171875e+002 1.4333333015441895e+001
  3.0324053955078125e+002 5.3722213745117187e+001 0 -1
  3.5379177856445312e+002 2.5027218627929687e+002
  1.2483870506286621e+001 3.5162976074218750e+002
  3.7100807189941406e+001 0 -1 4.1117550659179687e+002
  2.4928033447265625e+002 1.4819999694824219e+001
  2.2948533630371094e+002 1.4504501342773437e+002 0 -1
  1.9266915893554687e+002 2.5146403503417969e+002
  1.2951219558715820e+001 1.6003251647949219e+002
  3.8515243530273437e+001 0 -1 4.1703378295898437e+002
  2.5299209594726562e+002 1.1538461685180664e+001
  2.3848757934570312e+002 3.9153854370117188e+001 0 -1
