<?xml version="1.0"?>
<opencv_storage>
<keyPoints>
  2.6730224609375000e+002 2.8636415481567383e+001
  1.5692790985107422e+001 9.1075614929199219e+001
  3.4559532165527344e+001 0 -1 3.8907516479492187e+002
  2.8849903106689453e+001 1.3363636016845703e+001
  1.6820623779296875e+002 3.7852272033691406e+001 0 -1
  3.8888314819335937e+002 3.1648674011230469e+001
  1.1655736923217773e+001 2.1014115905761719e+002
  3.6100418090820313e+001 0 -1 280. 45. 18. 2.8442089843750000e+002 64.
  0 -1 3.9882098388671875e+002 4.7588325500488281e+001
  1.3929905891418457e+001 3.8276283264160156e+001
  1.2560507202148437e+002 0 -1 2.7954425048828125e+002
  5.2758964538574219e+001 1.3453413009643555e+001
  7.5824218750000000e+001 4.4074417114257813e+001 0 -1
  4.3161059570312500e+002 6.2538196563720703e+001
  1.3799999237060547e+001 2.1925468444824219e+002
  8.1925018310546875e+001 0 -1 4.4574600219726562e+002
  6.2800914764404297e+001 1.2818181991577148e+001
  3.3423538208007812e+001 4.3306823730468750e+001 0 -1
  2.0571179199218750e+002 7.2114868164062500e+001
  1.4032257080078125e+001 2.2103832244873047e+001
  1.2733468627929688e+002 0 -1 2.6890975952148437e+002
  7.2408065795898438e+001 1.4346534729003906e+001
  2.9515374755859375e+002 1.4772402954101562e+002 0 -1
  2.0560620117187500e+002 7.6325340270996094e+001
  1.3286524772644043e+001 5.7409893035888672e+001
  1.1218380737304687e+002 0 -1 2.6871060180664062e+002
  7.6539176940917969e+001 1.3696561813354492e+001
  3.0579696655273438e+002 1.1874154663085937e+002 0 -1
  3.4485226440429687e+002 7.7378639221191406e+001
  1.4004718780517578e+001 1.5839353942871094e+002
  1.5487765502929687e+002 0 -1 4.3159317016601562e+002
  7.7633544921875000e+001 1.4106382369995117e+001
  8.7972877502441406e+001 6.6896286010742187e+001 0 -1
  2.3729942321777344e+002 9.8380355834960938e+001
  1.4367216110229492e+001 5.8400726318359375e+001
  3.8110382080078125e+001 0 -1 3.8059786987304687e+002
  1.0047605895996094e+002 1.3733926773071289e+001
  2.7859124755859375e+002 3.4746688842773438e+001 0 -1
  1.7790635681152344e+002 1.2393331146240234e+002
  1.1689655303955078e+001 1.1307327270507812e+002
  4.8077590942382812e+001 0 -1 1.7209104919433594e+002
  1.2603137207031250e+002 1.2150000572204590e+001
  1.0589712524414062e+002 3.8012504577636719e+001 0 -1
  1.7596278381347656e+002 1.2615872192382812e+002
  1.2909091949462891e+001 1.2273394775390625e+002
  4.5757598876953125e+001 0 -1 1.6727201843261719e+002
  1.3137034606933594e+002 1.4261612892150879e+001
  8.9125137329101563e+001 5.9981796264648438e+001 0 -1
  1.9199221801757812e+002 1.3275094604492187e+002
  1.2992685317993164e+001 5.5778816223144531e+001
  1.2071987915039062e+002 0 -1 1.8887336730957031e+002
  1.3826336669921875e+002 1.1896552085876465e+001
  8.4719245910644531e+001 4.3008621215820312e+001 0 -1
  1.9264866638183594e+002 1.3838433837890625e+002
  1.2800001144409180e+001 5.9721595764160156e+001
  3.4266670227050781e+001 0 -1 1.8665885925292969e+002
  1.4240260314941406e+002 1.5252567291259766e+001
  6.9566749572753906e+001 3.1550975799560547e+001 0 -1
  2.3681192016601562e+002 1.6419824218750000e+002
  1.2567566871643066e+001 2.1362115478515625e+002
  3.8165542602539063e+001 0 -1 3.8053485107421875e+002
  1.6650482177734375e+002 1.3911735534667969e+001
  2.4739715576171875e+002 3.7742782592773438e+001 0 -1
  1.8140826416015625e+002 1.7723980712890625e+002
  1.4478260993957520e+001 2.7391299438476562e+002
  3.7961959838867188e+001 0 -1 185. 1.7881297302246094e+002
  1.2310344696044922e+001 3.0706491088867188e+002
  4.0038795471191406e+001 0 -1 1.7528126525878906e+002
  1.8116810607910156e+002 1.2845224380493164e+001
  2.6188424682617187e+002 3.3356094360351563e+001 0 -1
  1.5155256652832031e+002 1.8508541870117187e+002
  1.3959317207336426e+001 4.0513309478759766e+001
  1.5159979248046875e+002 0 -1 1.9537452697753906e+002
  1.8649919128417969e+002 1.4098320007324219e+001
  3.1341085433959961e+001 1.4316015625000000e+002 0 -1
  1.7052072143554687e+002 1.8698033142089844e+002
  1.3405062675476074e+001 1.2312155151367187e+002
  8.1166168212890625e+001 0 -1 1.8322018432617187e+002
  2.2851524353027344e+002 1.2957330703735352e+001
  2.2750804138183594e+002 4.7387695312500000e+001 0 -1
  1.7439877319335937e+002 234. 1.4704578399658203e+001
  1.7504638671875000e+002 5.3517257690429687e+001 0 -1
  1.9029411315917969e+002 2.4909507751464844e+002
  1.2882352828979492e+001 8.4463249206542969e+001
  3.2367645263671875e+001 0 -1 1.8462576293945312e+002
  2.5317489624023437e+002 1.2627906799316406e+001
  7.0228378295898438e+001 3.0235458374023438e+001 0 -1
  3.9576617431640625e+002 4.7942893981933594e+001
  1.7137145996093750e+001 4.1723468780517578e+001
  9.5240921020507813e+001 1 -1 2.3727175903320312e+002
  9.8288589477539063e+001 1.4981842041015625e+001
  5.8979770660400391e+001 3.6938999176025391e+001 1 -1
  3.8019616699218750e+002 9.9076164245605469e+001
  1.8857143402099609e+001 3.1340658569335937e+002
  3.5142860412597656e+001 1 -1 1.7864648437500000e+002
  1.2650370788574219e+002 1.9200000762939453e+001
  8.3236679077148438e+001 3.6600006103515625e+001 1 -1
  1.5182995605468750e+002 1.3108877563476562e+002 21.
  6.3447647094726563e+001 7.6250000000000000e+001 1 -1
  1.6732270812988281e+002 1.3118225097656250e+002
  1.8941680908203125e+001 8.5511581420898438e+001
  6.0618595123291016e+001 1 -1 1.8758300781250000e+002
  1.4025556945800781e+002 1.8529411315917969e+001
  6.3647724151611328e+001 4.0066177368164063e+001 1 -1
  2.4467681884765625e+002 1.6510307312011719e+002
  1.6500000000000000e+001 2.7408407592773437e+002
  3.2125000000000000e+001 1 -1 3.8002960205078125e+002
  1.6484535217285156e+002 2.0414276123046875e+001
  2.7427188110351562e+002 3.6807411193847656e+001 1 -1
  1.4151904296875000e+002 1.8055122375488281e+002
  1.8947725296020508e+001 1.1115081024169922e+002
  5.1583526611328125e+001 1 -1 1.7542639160156250e+002
  1.8277934265136719e+002 1.8405406951904297e+001
  8.5119674682617188e+001 3.4084472656250000e+001 1 -1
  1.7384492492675781e+002 1.8590884399414062e+002
  2.0199998855590820e+001 8.5958930969238281e+001
  3.1008331298828125e+001 1 -1 1.8990270996093750e+002
  1.8699118041992187e+002 2.0785715103149414e+001
  5.5725582122802734e+001 4.7017852783203125e+001 1 -1
  1.8989633178710937e+002 1.8977938842773437e+002
  1.9560001373291016e+001 6.1992919921875000e+001
  3.4844985961914063e+001 1 -1 1.8181817626953125e+002
  2.2975000000000000e+002 1.8545454025268555e+001
  2.3630966186523437e+002 3.1090896606445313e+001 1 -1
  1.7766003417968750e+002 2.3724160766601562e+002
  1.9398170471191406e+001 1.3438233947753906e+002
  3.4666717529296875e+001 1 -1 1.8215051269531250e+002
  2.4737660217285156e+002 1.8899999618530273e+001
  9.6437850952148438e+001 3.1225006103515625e+001 1 -1
  1.9353393554687500e+002 2.4646606445312500e+002
  1.7528594970703125e+001 6.7169647216796875e+001
  3.7096023559570313e+001 1 -1 2.8149920654296875e+002
  4.6998233795166016e+001 2.0419448852539063e+001
  2.9844619750976562e+002 1.5017451477050781e+002 2 -1
  3.9785708618164062e+002 4.7754833221435547e+001
  2.3088949203491211e+001 4.4728679656982422e+001
  1.2017847442626953e+002 2 -1 2.2943486022949219e+002
  5.5400215148925781e+001 2.8319236755371094e+001
  3.2174923706054687e+002 7.5447998046875000e+001 2 -1
  2.0371620178222656e+002 5.4809608459472656e+001
  2.8341506958007813e+001 3.0463882446289062e+002
  6.5314781188964844e+001 2 -1 4.3108816528320312e+002
  6.3425998687744141e+001 2.4869579315185547e+001
  2.0798707580566406e+002 9.0427673339843750e+001 2 -1
  4.4361016845703125e+002 6.1361869812011719e+001
  2.6319957733154297e+001 3.3573300170898437e+002
  6.6310058593750000e+001 2 -1 3.4749765014648437e+002
  7.6333732604980469e+001 2.8791046142578125e+001
  1.5411935424804687e+002 2.0012004089355469e+002 2 -1
  1.8544122314453125e+002 1.2427494049072266e+002
  2.5319999694824219e+001 5.7953063964843750e+001
  1.3460499572753906e+002 2 -1 1.7758190917968750e+002
