%YAML:1.0
---
recording:
   type: VideoRecording
   recordId: Action_20180109T115450
   channelId: main
   timeStamp: "131599724907530000"
   sessionTimestamp: "0"
   width: 0
   height: 0
   frameCount: 197
   fps: 2.9969999999999999e+001
   recordingType: 2000
   frameTransformRect: [ [ -1, -1 ], [ -1, -1 ], [ -1, -1 ], [ -1, -1 ] ]
   trackingMode: 0
   segments:
      - { startFrame:38, stopFrame:180, segmentType:2000, focusFrame:-1,
          focusPoint:{ values:[ -1., -1. ], type:Vector2 }, isFragment:0 }
      - { startFrame:0, stopFrame:190, segmentType:1000, focusFrame:-1,
          focusPoint:{ values:[ -1., -1. ], type:Vector2 }, isFragment:0 }
   framesRelTs: [ "0", "280000", "570000", "830000", "1690000",
       "1890000", "2060000", "2230000", "2460000", "2790000", "3120000",
       "3440000", "3760000", "4080000", "4430000", "4740000", "5070000",
       "5390000", "5720000", "6050000", "6380000", "6700000", "7020000",
       "7350000", "7690000", "8010000", "8590000", "8900000", "9230000",
       "9390000", "9670000", "10000000", "10300000", "10700000",
       "10960000", "11300000", "11610000", "11930000", "12250000",
       "12740000", "12920000", "13380000", "13710000", "14030000",
       "14380000", "14700000", "15010000", "15350000", "15680000",
       "16000000", "16350000", "16660000", "16980000", "17320000",
       "17640000", "17960000", "18300000", "18630000", "18970000",
       "19300000", "19620000", "19960000", "20160000", "20450000",
       "20780000", "21110000", "21450000", "21920000", "22250000",
       "22570000", "22890000", "23220000", "23550000", "23890000",
       "24210000", "24540000", "24850000", "25180000", "25520000",
       "25830000", "26160000", "26500000", "26810000", "27130000",
       "27450000", "27780000", "28100000", "28420000", "28750000",
       "29070000", "29400000", "29740000", "30050000", "30380000",
       "30720000", "31030000", "31360000", "31700000", "32020000",
       "32330000", "32650000", "32980000", "33300000", "33630000",
       "33960000", "34290000", "34610000", "34940000", "35250000",
       "35590000", "35920000", "36240000", "36570000", "36920000",
       "37230000", "37540000", "37870000", "38190000", "38510000",
       "38850000", "39180000", "39500000", "39840000", "40160000",
       "40500000", "40830000", "41160000", "41480000", "41820000",
       "42150000", "42460000", "42790000", "43110000", "43440000",
       "43770000", "44130000", "44440000", "44750000", "45100000",
       "45390000", "45730000", "46050000", "46380000", "46710000",
       "47040000", "47370000", "47690000", "48020000", "48340000",
       "48670000", "49010000", "49330000", "49650000", "49970000",
       "50300000", "50620000", "50940000", "51280000", "51600000",
       "51930000", "52260000", "52570000", "52900000", "53220000",
       "53550000", "53880000", "54210000", "54540000", "54870000",
       "55190000", "55540000", "55860000", "56190000", "56520000",
       "56840000", "57180000", "57500000", "57830000", "58150000",
       "58470000", "58790000", "59120000", "59460000", "59770000",
       "60110000", "60420000", "60760000", "61080000", "61400000",
       "61730000", "62070000", "62410000", "62730000", "63050000",
       "63390000", "63710000", "64030000" ]
   chunks:
      - { path:"Recordings/Action_20180109T115450/recording.avi",
          startFrameIdx:0 }
