<?xml version="1.0"?>
<opencv_storage>
<keyPoints>
  3.8928341674804687e+002 2.8809030532836914e+001
  1.3615385055541992e+001 1.6853768920898437e+002
  3.7942306518554688e+001 0 -1 280. 45. 18. 2.8463272094726562e+002 66.
  0 -1 3.9880905151367187e+002 4.7541027069091797e+001
  1.3960029602050781e+001 3.8379714965820313e+001
  1.2659347534179687e+002 0 -1 2.7955371093750000e+002
  5.2788646697998047e+001 1.3390786170959473e+001
  7.4636238098144531e+001 4.4820114135742188e+001 0 -1
  4.3220001220703125e+002 6.2566310882568359e+001
  1.4400000572204590e+001 2.1515289306640625e+002
  8.0999984741210937e+001 0 -1 4.4577844238281250e+002
  6.2526962280273438e+001 1.4367326736450195e+001
  2.6313074111938477e+001 4.3574356079101563e+001 0 -1
  2.0616236877441406e+002 7.2137420654296875e+001
  1.4347826004028320e+001 2.4016473770141602e+001
  1.2704345703125000e+002 0 -1 2.6954019165039063e+002
  7.2434867858886719e+001 1.3736901283264160e+001
  2.9179473876953125e+002 1.3585070800781250e+002 0 -1
  2.0645062255859375e+002 7.6241500854492187e+001
  1.3471649169921875e+001 5.3193523406982422e+001
  1.1454568481445312e+002 0 -1 2.6926290893554687e+002
  7.6507644653320313e+001 1.3888889312744141e+001
  3.0176354980468750e+002 1.1901388549804687e+002 0 -1
  4.3255157470703125e+002 7.7565696716308594e+001
  1.4265306472778320e+001 8.6317390441894531e+001
  6.6492355346679688e+001 0 -1 2.4471020507812500e+002
  9.7256225585937500e+001 1.4550083160400391e+001
  3.4375906372070313e+002 3.8667266845703125e+001 0 -1
  2.3677497863769531e+002 1.0118955993652344e+002
  1.1666666030883789e+001 1.9991915893554687e+002
  4.3097213745117187e+001 0 -1 2.4415795898437500e+002
  1.0117213439941406e+002 1.2798737525939941e+001
  3.5131890869140625e+002 4.1405868530273438e+001 0 -1
  3.8166986083984375e+002 1.0054571533203125e+002
  1.3774901390075684e+001 2.7882061767578125e+002
  3.6381423950195313e+001 0 -1 2.3961512756347656e+002
  1.0372708129882812e+002 1.2529812812805176e+001
  2.9398275756835937e+002 7.5298889160156250e+001 0 -1
  3.8141278076171875e+002 1.6651107788085937e+002
  1.3709515571594238e+001 2.3012327575683594e+002
  3.7870773315429688e+001 0 -1 2.3749975585937500e+002
  2.0093075561523437e+002 1.1806451797485352e+001
  5.4916877746582031e+001 6.1032257080078125e+001 0 -1
  2.3749894714355469e+002 2.9759313964843750e+002
  1.4892857551574707e+001 1.3961822509765625e+002
  3.4210494995117187e+001 0 -1 2.6659045410156250e+002
  2.8392982482910156e+001 1.6771507263183594e+001
  9.0910926818847656e+001 3.4029743194580078e+001 1 -1
  2.8100503540039062e+002 4.6646259307861328e+001
  2.0691921234130859e+001 2.9845718383789062e+002
  1.4962049865722656e+002 1 -1 3.9573651123046875e+002
  4.7898948669433594e+001 1.6630722045898437e+001
  4.1761505126953125e+001 9.1393356323242188e+001 1 -1
  3.4596856689453125e+002 7.7441223144531250e+001
  2.0064199447631836e+001 1.5358752441406250e+002
  1.6751774597167969e+002 1 -1 2.3906132507324219e+002
  9.4145645141601563e+001 2.1252071380615234e+001
  2.8864315795898437e+002 1.5393380737304687e+002 1 -1
  2.4250000000000000e+002 9.4500000000000000e+001 24.
  3.1350088500976563e+002 78. 1 -1 3.8159216308593750e+002
  9.8863624572753906e+001 2.0917648315429688e+001
  3.2127236938476562e+002 3.6959014892578125e+001 1 -1 240. 104. 12.
  3.1231967163085937e+002 7.4222656250000000e+001 1 -1
  3.8048593139648437e+002 1.6466059875488281e+002
  2.2635570526123047e+001 2.5831726074218750e+002
  3.9489181518554687e+001 1 -1 2.3752572631835937e+002
  2.0208782958984375e+002 1.7590909957885742e+001
  7.4962875366210938e+001 4.1102264404296875e+001 1 -1
  2.3708673095703125e+002 2.1122857666015625e+002
  1.7500017166137695e+001 9.0809555053710937e+001
  6.9095230102539063e+001 1 -1 3.8074649047851562e+002
  2.3059967041015625e+002 2.0235591888427734e+001
  9.0339279174804688e+001 3.4961700439453125e+001 1 -1
  2.3751562500000000e+002 2.9747857666015625e+002
  1.4050312042236328e+001 1.7319247436523437e+002
  3.1587177276611328e+001 1 -1 2.8141979980468750e+002
  4.6958419799804688e+001 2.0771080017089844e+001
  2.9819659423828125e+002 1.5188282775878906e+002 2 -1
  3.9786444091796875e+002 4.7704929351806641e+001
  2.3171806335449219e+001 4.4886119842529297e+001
  1.2107007598876953e+002 2 -1 2.2942073059082031e+002
  5.5449817657470703e+001 2.8275140762329102e+001
  3.1483895874023437e+002 7.6140541076660156e+001 2 -1
  2.0367008972167969e+002 5.5853260040283203e+001
  2.8250736236572266e+001 3.0180697631835937e+002
  6.6443115234375000e+001 2 -1 4.3156448364257812e+002
  6.3533672332763672e+001 2.4683349609375000e+001
  2.0816722106933594e+002 9.6164695739746094e+001 2 -1
  4.4370144653320312e+002 6.1669086456298828e+001
  2.7256479263305664e+001 3.2833206176757812e+002
  6.8613868713378906e+001 2 -1 2.0648544311523437e+002
  7.2921844482421875e+001 2.1360000610351563e+001
  5.4369960784912109e+001 1.1261333465576172e+002 2 -1
  3.4785534667968750e+002 7.6298233032226563e+001
  2.9081630706787109e+001 1.5436994934082031e+002
  1.9185801696777344e+002 2 -1 4.3159594726562500e+002
  7.6321952819824219e+001 2.6809600830078125e+001
  1.0021532440185547e+002 8.6855674743652344e+001 2 -1
  2.3881179809570312e+002 9.4873184204101563e+001
  2.7206760406494141e+001 3.0730883789062500e+002
  1.6577575683593750e+002 2 -1 3.8169323730468750e+002
  9.9582733154296875e+001 1.9948211669921875e+001
  3.1585308837890625e+002 3.4287693023681641e+001 2 -1
  2.3981892395019531e+002 1.0636524200439453e+002
  2.2047300338745117e+001 3.3373373413085937e+002
  7.2078796386718750e+001 2 -1 2.3874798583984375e+002
  1.4160083007812500e+002 2.4913043975830078e+001
  8.3515121459960938e+001 3.2088775634765625e+001 2 -1
  2.3892744445800781e+002 2.0103422546386719e+002
  2.7750000000000000e+001 7.1050140380859375e+001
  4.6083332061767578e+001 2 -1 2.3722695922851562e+002
  2.2842958068847656e+002 2.8514694213867188e+001
  8.8800102233886719e+001 8.8093955993652344e+001 2 -1
  3.8114382934570312e+002 2.3045211791992187e+002
  2.1829517364501953e+001 8.8839477539062500e+001
  3.4239223480224609e+001 2 -1 3.8097070312500000e+002
  2.9683059692382813e+002 2.4390975952148438e+001
  8.4895439147949219e+001 3.2335845947265625e+001 2 -1
  3.8606127929687500e+002 3.0024682617187500e+002
  2.5500000000000000e+001 8.3075660705566406e+001
  3.0166666030883789e+001 2 -1 2.2886947631835937e+002
  5.5308326721191406e+001 3.0470472335815430e+001
  3.3186938476562500e+002 7.3525924682617187e+001 3 -1
  4.4414892578125000e+002 6.1918281555175781e+001 24.
  3.5064889526367187e+002 6.7280273437500000e+001 3 -1
  4.3250000000000000e+002 6.4500000000000000e+001 24.
  1.9440893554687500e+002 8.6555664062500000e+001 3 -1
  3.4939401245117187e+002 7.5824874877929688e+001
  3.4061538696289063e+001 1.5596974182128906e+002
  2.0184808349609375e+002 3 -1 2.3771911621093750e+002
  2.0711764526367187e+002 4.0235290527343750e+001
  8.3280891418457031e+001 5.5117645263671875e+001 3 -1
  3.5001831054687500e+002 7.6764625549316406e+001
  3.8070617675781250e+001 1.5450653076171875e+002
  1.9390361022949219e+002 4 -1 3.8150369262695312e+002
  1.6485618591308594e+002 4.5788097381591797e+001
  3.2779306030273437e+002 3.0121923446655273e+001 4 -1
  2.3724165344238281e+002 2.2508749389648437e+002
  5.0984016418457031e+001 8.3029777526855469e+001
  9.2555541992187500e+001 4 -1</keyPoints>
