%YAML:1.0
---
recording:
   type: VideoRecording
   recordId: Action_20171122T094302
   channelId: main
   timeStamp: "131558173821680000"
   sessionTimestamp: "0"
   width: 0
   height: 0
   frameCount: 71
   fps: 2.9969999999999999e+001
   recordingType: 2000
   frameTransformRect: [ [ -1, -1 ], [ -1, -1 ], [ -1, -1 ], [ -1, -1 ] ]
   trackingMode: 1
   segments:
      []
   framesRelTs: [ "0", "740000", "1280000", "2150000", "2580000",
       "3400000", "3920000", "4800000", "5290000", "6020000", "6500000",
       "7320000", "7930000", "8640000", "9160000", "9910000", "10450000",
       "11120000", "11700000", "12330000", "12900000", "13630000",
       "14120000", "14920000", "15460000", "16260000", "16810000",
       "17650000", "18150000", "18970000", "19520000", "20260000",
       "20760000", "21490000", "22010000", "22800000", "23300000",
       "23980000", "24480000", "25290000", "25820000", "26590000",
       "27220000", "27890000", "28460000", "29140000", "29720000",
       "30420000", "30920000", "31580000", "32170000", "32910000",
       "33510000", "34180000", "34800000", "35530000", "36020000",
       "36820000", "37300000", "38140000", "38710000", "39390000",
       "39870000", "40580000", "41110000", "42050000", "42590000",
       "43390000", "43890000", "44720000", "45610000" ]
   chunks:
      - { path:"Recordings/Action_20171122T094302/recording.avi",
          startFrameIdx:0 }
