<?xml version="1.0"?>
<opencv_storage>
<keyPoints>
  3.0509811401367187e+002 1.9953311920166016e+001
  1.1640000343322754e+001 1.8209737777709961e+001
  8.1090003967285156e+001 0 -1 2.7692166137695312e+002
  2.8029705047607422e+001 1.1376313209533691e+001
  3.4125759887695312e+002 8.1395584106445313e+001 0 -1
  2.5394520568847656e+002 3.1023759841918945e+001
  1.1285714149475098e+001 2.5283502197265625e+002
  3.8297615051269531e+001 0 -1 2.6711572265625000e+002
  3.2412952423095703e+001 1.2969969749450684e+001
  2.5195568847656250e+002 3.9781700134277344e+001 0 -1
  2.4604685974121094e+002 3.7081359863281250e+001
  1.1270270347595215e+001 2.5113642883300781e+002
  3.4273651123046875e+001 0 -1 2.0914773559570312e+002
  4.4442016601562500e+001 1.3250000000000000e+001
  2.7455511474609375e+002 3.7520835876464844e+001 0 -1
  2.9470086669921875e+002 1.3843540954589844e+002
  1.2836801528930664e+001 1.8402011108398437e+002
  7.3410636901855469e+001 0 -1 3.8853271484375000e+002
  1.3933526611328125e+002 1.0852914810180664e+001
  7.4091438293457031e+001 4.7414241790771484e+001 0 -1
  2.9249536132812500e+002 1.7791862487792969e+002
  1.1328217506408691e+001 1.9971882629394531e+002
  9.0452285766601563e+001 0 -1 3.8827120971679687e+002
  1.7934544372558594e+002 1.1625267028808594e+001
  3.2390856933593750e+002 6.8106979370117187e+001 0 -1
  2.9026089477539062e+002 2.1999461364746094e+002
  1.1619718551635742e+001 2.1527577209472656e+002
  8.5142608642578125e+001 0 -1 3.8842724609375000e+002
  2.2157159423828125e+002 1.1489380836486816e+001
  3.4677957153320312e+002 7.6209472656250000e+001 0 -1
  2.8688311767578125e+002 2.6336126708984375e+002
  1.1315789222717285e+001 1.8935557556152344e+002
  7.6370613098144531e+001 0 -1 3.8846563720703125e+002
  2.6628253173828125e+002 1.1941860198974609e+001
  5.9263221740722656e+001 6.9302230834960938e+001 0 -1 209. 44. 12.
  2.7451251220703125e+002 37. 1 -1 2.0697428894042969e+002
  4.9998718261718750e+001 2.0139873504638672e+001
  2.7104281616210937e+002 3.3352066040039063e+001 1 -1
  2.1640692138671875e+002 5.1026073455810547e+001
  1.8272727966308594e+001 2.6989288330078125e+002
  3.0011360168457031e+001 1 -1 2.1049659729003906e+002
  4.5325866699218750e+001 2.4259346008300781e+001
  2.7163470458984375e+002 3.9185146331787109e+001 2 -1
  2.0606738281250000e+002 4.9913066864013672e+001 23.
  2.7026235961914062e+002 3.1125000000000000e+001 2 -1
  2.9243121337890625e+002 1.7830801391601562e+002
  2.5650669097900391e+001 2.1584756469726562e+002
  5.6495952606201172e+001 2 -1 2.9044085693359375e+002
  2.2036833190917969e+002 2.3571428298950195e+001
  1.8408525085449219e+002 5.1035717010498047e+001 2 -1
  3.8808810424804687e+002 2.2188659667968750e+002
  2.0871959686279297e+001 3.4546252441406250e+002
  4.2982601165771484e+001 2 -1 3.8835226440429687e+002
  2.6621459960937500e+002 2.5378377914428711e+001
  7.5438331604003906e+001 6.1650920867919922e+001 2 -1</keyPoints>
<descriptors type_id="opencv-matrix">
  <rows>23</rows>
  <cols>64</cols>
  <dt>u</dt>
  <data>
    0 64 223 239 231 3 7 12 220 56 96 0 67 12 56 238 127 131 0 0 64 194
    55 126 4 6 0 64 0 0 72 96 59 111 126 123 128 0 0 64 0 96 142 243 0 6
    225 249 49 254 255 215 163 93 7 0 4 65 32 216 100 186 57 18 20 0 16
    172 175 223 127 8 152 178 225 6 14 56 240 204 115 142 56 234 127 141
    81 76 255 27 3 0 132 50 207 127 127 125 242 255 255 1 48 215 255 3 0
    0 247 126 67 48 249 255 255 255 239 1 104 42 67 16 219 237 0 32 128
    246 180 27 211 236 239 14 0 0 128 192 205 239 126 65 4 8 96 192 3
    231 125 207 3 0 0 16 24 96 56 99 180 251 238 1 0 87 248 239 189 247
    254 19 3 24 128 129 4 152 201 128 242 191 238 251 255 255 251 4 64
    228 18 205 12 13 0 0 0 0 8 28 126 0 128 128 129 14 16 96 225 239 127
    191 113 0 1 188 198 127 136 1 3 254 255 255 247 31 62 252 251 255
    255 255 247 159 33 252 107 119 48 98 57 255 79 195 201 196 250 253
    255 255 251 124 118 22 87 8 128 128 4 96 12 0 0 216 127 0 128 184
    241 6 24 54 217 109 63 24 96 0 2 188 215 125 152 5 0 0 8 255 15 36
    16 252 255 255 255 253 99 142 49 236 46 115 0 6 67 24 201 116 29 192
    251 255 255 247 255 124 54 26 125 8 153 58 180 127 199 96 32 0 0 0
    192 198 13 111 56 243 255 111 63 120 224 33 15 251 55 15 192 1 0 195
    24 103 29 160 60 255 255 255 255 253 227 158 183 252 255 57 56 6 0
    137 217 125 208 247 255 255 255 243 249 110 118 62 22 205 25 50 255
    159 225 248 255 238 136 128 129 231 255 255 191 127 238 16 128 4 62
    255 255 255 127 142 129 1 0 192 25 111 252 255 255 255 227 30 32 196
    248 231 255 63 23 33 0 2 32 153 201 224 243 255 109 178 49 243 125
    189 223 255 58 12 25 16 255 191 255 255 240 112 128 193 247 199 14
    243 255 255 255 247 159 127 220 49 136 195 60 166 193 224 253 127 0
    0 176 227 31 191 255 254 255 223 243 28 231 220 3 0 9 240 253 109 48
    8 34 115 219 125 126 62 17 108 247 7 95 13 140 141 223 252 255 63 48
    96 128 129 225 195 7 63 176 207 27 247 252 243 199 49 142 241 28 135
    0 0 48 255 255 255 15 7 24 252 63 51 4 16 202 125 247 253 211 57 0
    160 253 255 15 255 255 223 231 243 143 243 253 255 255 62 159 13 8 0
    203 255 166 241 221 160 209 134 134 1 18 216 252 247 255 127 159 255
    246 245 255 239 8 128 6 82 253 127 32 0 48 227 29 255 255 63 7 252
    255 191 215 0 1 0 0 16 188 239 50 0 98 243 255 255 187 177 56 3 64
    160 26 0 68 204 255 255 231 255 247 224 128 131 199 207 31 255 247
    215 6 48 192 247 223 247 156 195 56 132 131 96 96 192 9 239 252 255
    204 129 0 128 57 255 223 63 230 16 19 0 3 18 104 187 255 37 192 253
    255 255 249 249 34 252 255 63 18 0 64 208 251 255 239 241 80 32 128
    231 99 69 30 255 255 255 255 247 159 127 228 49 142 243 60 143 66
    226 127 41 0 68 56 227 159 255 255 190 231 156 227 156 247 252 255
    63 47 229 255 0 0 192 114 115 153 44 55 178 221 108 118 6 130 253
    185 59 75 255 46 145 16 160 241 254 255 13 18 208 232 227 143 51 140
    253 255 31 151 56 136 129 126 30 200 123 67 9 112 255 253 1 1 4 36
    254 255 255 227 140 97 8 198 26 32 237 37 0 226 253 78 163 216 217
    38 207 231 38 155 39 0 128 251 255 255 241 240 224 193 130 0 1 31
    255 251 255 255 255 255 127 228 49 142 243 184 207 247 123 231 207
    59 108 60 227 11 63 254 249 207 27 227 156 231 220 243 63 55 66 24
    255 123 207 18 113 155 12 38 46 151 108 118 63 159 207 157 58 176
    127 199 96 64 0 0 64 194 198 13 111 56 243 223 47 30 120 224 41 47
    251 55 15 194 1 64 67 25 103 29 33 24 255 255 255 255 253 227 158
    191 252 255 57 58 6 0 137 217 125 80 247 255 255 255 247 249 124 118
    62 22 205 29 50 223 255 255 247 48 32 0 0 128 129 1 246 240 239 255
    255 191 123 236 57 142 225 24 143 193 3 0 64 88 163 52 227 255 255
    255 191 255 24 226 24 199 152 211 57 56 6 0 129 237 238 242 255 239
    251 255 35 129 72 100 36 18 173 153 50 192 255 239 251 241 224 1 6
    135 12 24 248 241 255 255 255 255 127 196 49 14 131 56 76 135 2 0
    192 107 207 116 227 255 255 247 159 255 156 243 28 198 128 18 49 0 2
    0 137 239 171 242 255 239 243 253 243 153 76 100 36 155 14 25 16 180
    253 255 227 225 65 0 0 128 198 45 239 241 255 255 255 191 255 238 33
    14 243 48 14 128 1 0 64 24 119 124 231 63 255 255 255 255 28 243 28
    231 156 243 57 57 7 0 137 201 229 243 243 255 247 253 51 145 108 100
    0 211 191 25 16 254 255 255 247 48 96 0 0 128 130 1 246 240 255 255
    255 191 127 204 49 142 227 24 142 129 3 0 0 24 163 60 227 255 255
    255 191 239 24 195 24 198 24 211 57 49 6 0 129 201 230 242 255 239
    251 255 51 129 104 100 36 0 237 189 50 223 254 225 187 52 32 128 255
    255 255 255 255 191 127 254 241 239 255 255 255 159 255 8 130 0 160
    56 161 63 127 255 255 247 157 240 231 255 127 242 145 199 156 3 16
    136 17 0 0 193 96 240 63 8 240 254 95 1 0 0 0 123 141 20 181 255 255
    227 249 255 239 136 128 0 131 143 254 252 255 255 255 155 239 254
    255 255 255 127 143 128 1 0 230 123 255 255 255 31 124 251 239 255
    255 191 128 4 16 146 49 48 3 120 159 223 231 255 255 255 243 249 251
