<?xml version="1.0"?>
<opencv_storage>
<keyPoints>
  2.8149908447265625e+002 4.6612197875976563e+001
  1.5500000000000000e+001 3.0299511718750000e+002
  1.5433331298828125e+002 0 -1 3.9860385131835937e+002
  4.6924072265625000e+001 1.4542857170104980e+001
  3.0669824218750000e+002 1.3342974853515625e+002 0 -1
  2.7940972900390625e+002 5.2647434234619141e+001
  1.3372847557067871e+001 7.8848693847656250e+001
  4.8346603393554688e+001 0 -1 3.9734933471679687e+002
  8.2686538696289062e+001 1.6411764144897461e+001
  7.5994176864624023e+000 1.1938235473632812e+002 0 -1
  1.8905148315429687e+002 1.0222218322753906e+002
  1.5476546287536621e+001 2.6974572753906250e+002
  4.1043373107910156e+001 0 -1 2.9367178344726562e+002
  1.0658535766601562e+002 1.3894572257995605e+001
  2.4491030883789062e+002 3.6042839050292969e+001 0 -1
  1.9242382812500000e+002 1.0740399932861328e+002
  1.4538461685180664e+001 2.5668341064453125e+002
  5.0490371704101563e+001 0 -1 2.0069741821289062e+002
  1.0691162872314453e+002 1.1727272987365723e+001
  2.8654345703125000e+002 3.3045455932617188e+001 0 -1
  2.0346357727050781e+002 1.0658995819091797e+002
  1.1224455833435059e+001 2.9805722045898438e+002
  4.1130851745605469e+001 0 -1 4.0702273559570312e+002
  1.0730813598632812e+002 1.3408163070678711e+001
  2.7121258544921875e+002 5.7349502563476562e+001 0 -1
  4.0485476684570312e+002 1.0752266693115234e+002
  1.3828201293945313e+001 2.6500411987304687e+002
  6.2422882080078125e+001 0 -1 2.2042514038085937e+002
  1.2364599609375000e+002 15. 1.2943635940551758e+001
  5.8375000000000000e+001 0 -1 2.3826754760742187e+002
  1.5483050537109375e+002 1.4470587730407715e+001
  1.9768347740173340e+000 4.5882339477539063e+001 0 -1
  2.5009860229492187e+002 1.5500041198730469e+002
  1.2785778045654297e+001 3.5893548583984375e+002
  3.0533409118652344e+001 0 -1 3.6147830200195312e+002
  1.5594674682617187e+002 1.3759874343872070e+001
  1.7204258728027344e+002 4.3087562561035156e+001 0 -1
  4.9781698608398437e+002 1.7927825927734375e+002
  1.3736843109130859e+001 1.8924829101562500e+002
  6.5388168334960938e+001 0 -1 243. 1.9668511962890625e+002
  1.7308580398559570e+001 3.0002963256835937e+002
  1.0526264953613281e+002 0 -1 2.4325000000000000e+002
  1.9675000000000000e+002 18. 3.0563418579101562e+002
  1.1744433593750000e+002 0 -1 3.6775000000000000e+002
  1.9675000000000000e+002 18. 2.7299658203125000e+002
  7.7777778625488281e+001 0 -1 3.6968240356445312e+002
  1.9647741699218750e+002 1.5438510894775391e+001
  2.9874157714843750e+002 5.5743911743164062e+001 0 -1
  2.3739453125000000e+002 1.9643676757812500e+002
  1.3895553588867188e+001 2.1027607727050781e+002
  6.4182586669921875e+001 0 -1 2.4839169311523437e+002
  1.9664691162109375e+002 1.3135396957397461e+001
  3.3630059814453125e+002 8.9610595703125000e+001 0 -1
  3.6298822021484375e+002 1.9751046752929687e+002
  1.3378377914428711e+001 2.0751296997070312e+002
  7.6952697753906250e+001 0 -1 2.3797523498535156e+002
  1.9936154174804687e+002 1.2893058776855469e+001
  1.7711195373535156e+002 6.7529235839843750e+001 0 -1
  3.6497692871093750e+002 2.0012347412109375e+002 11.
  1.7687782287597656e+002 3.2458335876464844e+001 0 -1
  2.3902513122558594e+002 2.0211454772949219e+002
  1.1773585319519043e+001 1.3458238220214844e+002
  7.5075469970703125e+001 0 -1 2.4733390808105469e+002
  2.0214138793945312e+002 1.1957746505737305e+001
  3.6866641998291016e+001 6.4001754760742187e+001 0 -1
  3.6261523437500000e+002 2.0444012451171875e+002
  1.4189188957214355e+001 1.3785211181640625e+002
  3.7462844848632813e+001 0 -1 3.7051049804687500e+002
  2.0455535888671875e+002 1.1549730300903320e+001
  6.5267181396484375e+001 4.0950668334960938e+001 0 -1
  3.7456509399414062e+002 2.0478825378417969e+002
  1.3428571701049805e+001 3.7928050994873047e+001
  3.6190475463867188e+001 0 -1 2.3853785705566406e+002
  2.7151892089843750e+002 1.4167671203613281e+001
  1.3027001953125000e+002 3.7503364562988281e+001 0 -1
  2.4901846313476562e+002 2.7157467651367187e+002
  1.3403627395629883e+001 1.1223910331726074e+001
  3.2152870178222656e+001 0 -1 3.6197937011718750e+002
  2.7201956176757812e+002 1.3799999237060547e+001
  1.5634513854980469e+002 4.7800003051757813e+001 0 -1
  3.7356430053710937e+002 2.7187844848632812e+002
  1.3498537063598633e+001 1.1489523887634277e+001
  3.7578063964843750e+001 0 -1 2.3637994384765625e+002
  2.7729080200195313e+002 1.2359999656677246e+001
  1.4180528259277344e+002 3.0044998168945313e+001 0 -1
  2.9063305664062500e+002 3.1711141967773437e+002
  1.4333333015441895e+001 2.3223516845703125e+002
  3.1361106872558594e+001 0 -1 3.1569226074218750e+002
  3.1743695068359375e+002 1.3346483230590820e+001
  2.1358007812500000e+002 3.3041412353515625e+001 0 -1
  3.2082556152343750e+002 3.1802896118164062e+002
  1.3319999694824219e+001 3.4397970581054687e+002
  3.4605003356933594e+001 0 -1 2.9118313598632812e+002
  3.2177636718750000e+002 1.4367296218872070e+001
  8.2484542846679688e+001 7.1306381225585938e+001 0 -1
  2.9308566284179687e+002 3.2222778320312500e+002
  1.3657404899597168e+001 6.6347984313964844e+001
  7.9274459838867188e+001 0 -1 3.1643228149414062e+002
  3.2164733886718750e+002 1.3799999237060547e+001
  1.1827467346191406e+002 6.1349998474121094e+001 0 -1
  3.1890615844726562e+002 3.2236047363281250e+002
  1.3741485595703125e+001 7.2812133789062500e+001
  8.3878326416015625e+001 0 -1 2.8084396362304687e+002
  4.6453941345214844e+001 2.0757619857788086e+001
  3.0825909423828125e+002 1.6184941101074219e+002 1 -1
  3.9759429931640625e+002 4.6999256134033203e+001
  2.0691287994384766e+001 2.8009942626953125e+002
  1.3495516967773437e+002 1 -1 1.8902319335937500e+002
  1.0246833038330078e+002 1.7503515243530273e+001
  2.7059912109375000e+002 3.8928783416748047e+001 1 -1
  3.0542379760742188e+002 1.0658329772949219e+002
  1.5572095870971680e+001 2.7296041870117187e+002
  3.1267005920410156e+001 1 -1 1.9218252563476562e+002
  1.0840726470947266e+002 1.7636251449584961e+001
  2.5186776733398437e+002 5.9049163818359375e+001 1 -1
  2.9346447753906250e+002 1.0835101318359375e+002
  1.9508302688598633e+001 2.2951719665527344e+002
  4.8635452270507813e+001 1 -1 2.4539093017578125e+002
  1.1309979248046875e+002 1.9602884292602539e+001
  3.3027248382568359e+001 3.7528610229492188e+001 1 -1
  3.6558370971679687e+002 1.1425000000000000e+002
  1.8146173477172852e+001 2.2279298400878906e+002
  3.5174850463867187e+001 1 -1 2.1901724243164062e+002
  1.1850000000000000e+002 24. 4.2493152618408203e+000
  4.3424804687500000e+001 1 -1 2.4287213134765625e+002
  1.6946217346191406e+002 2.1132867813110352e+001
  3.0740716552734375e+002 4.1295944213867188e+001 1 -1
  2.4101853942871094e+002 1.7105880737304687e+002
  1.8661064147949219e+001 3.0104025268554688e+002
  3.8777847290039063e+001 1 -1 3.6625000000000000e+002
  1.7125000000000000e+002 1.8500000000000000e+001
  2.8332446289062500e+002 3.8083328247070313e+001 1 -1 498. 179. 12.
  2.1950109863281250e+002 5.3222221374511719e+001 1 -1
  2.3763328552246094e+002 1.9653176879882812e+002
  1.4682403564453125e+001 2.0944691467285156e+002
  5.7339195251464844e+001 1 -1 3.6292047119140625e+002
  1.9749453735351562e+002 1.2862578392028809e+001
  2.0903984069824219e+002 6.6919418334960938e+001 1 -1
  3.7404083251953125e+002 1.9696171569824219e+002
  1.5187500000000000e+001 3.3616726684570312e+002
  6.3515625000000000e+001 1 -1 2.3705728149414062e+002
  2.0349563598632812e+002 1.6333333969116211e+001
  1.3397181701660156e+002 4.0388885498046875e+001 1 -1
  3.6274987792968750e+002 2.0496466064453125e+002
  1.6466756820678711e+001 1.3244056701660156e+002
  3.4733901977539063e+001 1 -1 3.7443377685546875e+002
  2.0514184570312500e+002 15. 3.8739093780517578e+001
  3.4165771484375000e+001 1 -1 2.4104336547851562e+002
  2.2950358581542969e+002 1.9132045745849609e+001
  2.2780939102172852e+001 4.3466430664062500e+001 1 -1
  3.6719287109375000e+002 2.3167605590820312e+002
