%YAML:1.0
---
recording:
   type: VideoRecording
   recordId: Action_20180109T115419
   channelId: main
   timeStamp: "131599724591940000"
   sessionTimestamp: "0"
   width: 0
   height: 0
   frameCount: 218
   fps: 2.9969999999999999e+001
   recordingType: 2000
   frameTransformRect: [ [ -1, -1 ], [ -1, -1 ], [ -1, -1 ], [ -1, -1 ] ]
   trackingMode: 0
   segments:
      - { startFrame:33, stopFrame:82, segmentType:2000, focusFrame:-1,
          focusPoint:{ values:[ -1., -1. ], type:Vector2 }, isFragment:0 }
      - { startFrame:94, stopFrame:153, segmentType:2000, focusFrame:-1,
          focusPoint:{ values:[ -1., -1. ], type:Vector2 }, isFragment:0 }
      - { startFrame:0, stopFrame:211, segmentType:1000, focusFrame:-1,
          focusPoint:{ values:[ -1., -1. ], type:Vector2 }, isFragment:0 }
   framesRelTs: [ "0", "240000", "460000", "1050000", "1210000",
       "1390000", "1660000", "2000000", "2310000", "2640000", "2970000",
       "3290000", "3620000", "3950000", "4280000", "4610000", "4940000",
       "5270000", "5600000", "5930000", "6250000", "6590000", "6910000",
       "7230000", "7570000", "7900000", "8220000", "8550000", "8880000",
       "9190000", "9520000", "9910000", "10180000", "10500000",
       "10840000", "11150000", "11490000", "11880000", "12160000",
       "12470000", "12790000", "13130000", "13440000", "13750000",
       "14090000", "14430000", "14760000", "15080000", "15410000",
       "15740000", "16060000", "16380000", "16710000", "17040000",
       "17370000", "17710000", "18030000", "18370000", "18690000",
       "19010000", "19340000", "19680000", "20000000", "20310000",
       "20650000", "20960000", "21290000", "21630000", "21940000",
       "22270000", "22750000", "23080000", "23420000", "23730000",
       "24070000", "24410000", "24710000", "25040000", "25380000",
       "25700000", "26030000", "26240000", "26680000", "27010000",
       "27350000", "27660000", "27990000", "28340000", "28640000",
       "28960000", "29290000", "29600000", "29920000", "30270000",
       "30580000", "30910000", "31250000", "31550000", "31870000",
       "32210000", "32520000", "32850000", "33190000", "33490000",
       "33820000", "34160000", "34460000", "34790000", "35120000",
       "35440000", "35770000", "36110000", "36420000", "36740000",
       "37070000", "37390000", "37710000", "38040000", "38350000",
       "38670000", "39000000", "39310000", "39630000", "39970000",
       "40300000", "40620000", "40960000", "41270000", "41600000",
       "41930000", "42240000", "42570000", "43070000", "43400000",
       "43730000", "44050000", "44250000", "44550000", "45040000",
       "45360000", "45680000", "46010000", "46320000", "46660000",
       "46980000", "47310000", "47640000", "47980000", "48180000",
       "48480000", "48950000", "49340000", "49630000", "49950000",
       "50160000", "50450000", "50930000", "51130000", "51440000",
       "51750000", "52080000", "52420000", "52730000", "53060000",
       "53390000", "53990000", "54310000", "54530000", "54750000",
       "55040000", "55360000", "55840000", "56030000", "56330000",
       "56650000", "57130000", "57460000", "57790000", "58120000",
       "58450000", "58780000", "59090000", "59430000", "59760000",
       "60070000", "60400000", "60730000", "61060000", "61390000",
       "61710000", "62040000", "62360000", "62680000", "63010000",
       "63340000", "63660000", "63990000", "64310000", "64630000",
       "64960000", "65290000", "65610000", "65940000", "66260000",
       "66580000", "66910000", "67240000", "67580000", "67920000",
       "68240000", "68570000", "68900000", "69300000", "69560000",
       "69890000", "70230000", "70550000", "70860000" ]
   chunks:
      - { path:"Recordings/Action_20180109T115419/recording.avi",
          startFrameIdx:0 }
