%YAML:1.0
---
recording:
   type: VideoRecording
   recordId: Action_20180109T111115
   channelId: main
   timeStamp: "131599698758910000"
   sessionTimestamp: "0"
   width: 0
   height: 0
   frameCount: 183
   fps: 2.9969999999999999e+001
   recordingType: 2000
   frameTransformRect: [ [ -1, -1 ], [ -1, -1 ], [ -1, -1 ], [ -1, -1 ] ]
   trackingMode: 1
   segments:
      - { startFrame:35, stopFrame:90, segmentType:2000, focusFrame:-1,
          focusPoint:{ values:[ -1., -1. ], type:Vector2 }, isFragment:0 }
      - { startFrame:87, stopFrame:151, segmentType:2000, focusFrame:-1,
          focusPoint:{ values:[ -1., -1. ], type:Vector2 }, isFragment:0 }
      - { startFrame:0, stopFrame:176, segmentType:1000, focusFrame:-1,
          focusPoint:{ values:[ -1., -1. ], type:Vector2 }, isFragment:0 }
   framesRelTs: [ "0", "280000", "500000", "960000", "1150000",
       "1430000", "1900000", "2090000", "2400000", "2720000", "3050000",
       "3370000", "3770000", "4090000", "4410000", "4670000", "5010000",
       "5330000", "5720000", "6170000", "6350000", "6620000", "6960000",
       "7280000", "7590000", "7910000", "8240000", "8580000", "8900000",
       "9240000", "9570000", "9890000", "10220000", "10540000",
       "10860000", "11190000", "11510000", "11850000", "12170000",
       "12500000", "12820000", "13130000", "13470000", "13830000",
       "14110000", "14420000", "14750000", "15080000", "15410000",
       "15740000", "16060000", "16380000", "16710000", "17030000",
       "17360000", "17690000", "18020000", "18340000", "18660000",
       "18980000", "19310000", "19630000", "19970000", "20280000",
       "20760000", "20970000", "21430000", "21740000", "22050000",
       "22380000", "22700000", "23040000", "23360000", "23720000",
       "24010000", "24330000", "24650000", "24970000", "25310000",
       "25620000", "25940000", "26260000", "26590000", "26920000",
       "27240000", "27570000", "27900000", "28230000", "28540000",
       "28870000", "29200000", "29520000", "29840000", "30180000",
       "30490000", "30810000", "31130000", "31450000", "31780000",
       "32100000", "32420000", "32750000", "33070000", "33410000",
       "33740000", "34060000", "34380000", "34700000", "35030000",
       "35360000", "35680000", "36020000", "36330000", "36670000",
       "36970000", "37320000", "37790000", "38110000", "38440000",
       "38760000", "39110000", "39430000", "39750000", "40070000",
       "40400000", "40720000", "41040000", "41380000", "41690000",
       "42010000", "42330000", "42650000", "42980000", "43300000",
       "43650000", "43950000", "44270000", "44600000", "44920000",
       "45250000", "45570000", "45890000", "46220000", "46560000",
       "46870000", "47200000", "47520000", "47850000", "48170000",
       "48500000", "48840000", "49150000", "49480000", "49810000",
       "50140000", "50460000", "50790000", "51110000", "51430000",
       "51760000", "52100000", "52410000", "52740000", "53060000",
       "53390000", "53700000", "54040000", "54370000", "54700000",
       "55010000", "55340000", "55660000", "55990000", "56310000",
       "56670000", "56970000", "57300000", "57630000", "57960000",
       "58270000", "58600000", "58950000", "59360000" ]
   chunks:
      - { path:"Recordings/Action_20180109T111115/recording.avi",
          startFrameIdx:0 }
