%YAML:1.0
---
recording:
   type: VideoRecording
   recordId: Action_20171124T114601
   channelId: main
   timeStamp: "131559975618700000"
   sessionTimestamp: "0"
   width: -1
   height: -1
   frameCount: 217
   fps: 2.9969999999999999e+001
   recordingType: 2000
   frameTransformRect: [ [ -1, -1 ], [ -1, -1 ], [ -1, -1 ], [ -1, -1 ] ]
   trackingMode: 1
   segments:
      - { startFrame:82, stopFrame:110, segmentType:2000, focusFrame:-1,
          focusPoint:{ values:[ -1., -1. ], type:Vector2 }, isFragment:0 }
      - { startFrame:0, stopFrame:210, segmentType:1000, focusFrame:-1,
          focusPoint:{ values:[ -1., -1. ], type:Vector2 }, isFragment:0 }
   framesRelTs: [ "0", "320000", "650000", "960000", "1280000",
       "1760000", "2080000", "2420000", "2720000", "3040000", "3360000",
       "3680000", "4000000", "4320000", "4640000", "4960000", "5290000",
       "5760000", "6080000", "6400000", "6730000", "7040000", "7360000",
       "7690000", "8000000", "8320000", "8650000", "8960000", "9280000",
       "9760000", "10100000", "10400000", "10720000", "11040000",
       "11360000", "11680000", "12010000", "12320000", "12640000",
       "12970000", "13280000", "13680000", "14100000", "14400000",
       "14720000", "15040000", "15370000", "15680000", "16000000",
       "16320000", "16640000", "16970000", "17290000", "17600000",
       "18080000", "18400000", "18730000", "19090000", "19360000",
       "19680000", "20010000", "20320000", "20640000", "20960000",
       "21280000", "21600000", "21930000", "22410000", "22720000",
       "23040000", "23360000", "23690000", "24000000", "24330000",
       "24650000", "24960000", "25280000", "25610000", "25930000",
       "26410000", "26720000", "27050000", "27360000", "27680000",
       "28000000", "28330000", "28640000", "28970000", "29280000",
       "29600000", "29930000", "30240000", "30730000", "31040000",
       "31370000", "31690000", "32010000", "32330000", "32650000",
       "32960000", "33290000", "33600000", "34050000", "34240000",
       "34720000", "35040000", "35370000", "35680000", "36000000",
       "36330000", "36640000", "37050000", "37280000", "37600000",
       "37940000", "38240000", "38730000", "39040000", "39370000",
       "39680000", "40070000", "40330000", "40640000", "40980000",
       "41280000", "41610000", "41930000", "42240000", "42560000",
       "43040000", "43360000", "43680000", "44000000", "44330000",
       "44640000", "44960000", "45290000", "45600000", "45920000",
       "46260000", "46560000", "47040000", "47370000", "47680000",
       "48000000", "48320000", "48650000", "48960000", "49290000",
       "49600000", "49920000", "50270000", "50620000", "50900000",
       "51360000", "51680000", "52000000", "52320000", "52650000",
       "52960000", "53290000", "53600000", "53920000", "54250000",
       "54560000", "54880000", "55360000", "55690000", "56000000",
       "56320000", "56650000", "56970000", "57280000", "57610000",
       "57920000", "58240000", "58570000", "58880000", "59200000",
       "59690000", "60000000", "60320000", "60640000", "60960000",
       "61280000", "61600000", "61920000", "62240000", "62570000",
       "62880000", "63210000", "63690000", "64000000", "64400000",
       "64660000", "64980000", "65280000", "65600000", "65920000",
       "66240000", "66570000", "66880000", "67200000", "67680000",
       "68000000", "68330000", "68640000", "68960000", "69290000",
       "69600000", "69930000", "70240000", "70570000", "70890000",
       "71200000", "71530000", "72010000" ]
   chunks:
      - { path:"Recordings/Action_20171124T114601/recording.avi",
          startFrameIdx:0 }
