<?xml version="1.0"?>
<opencv_storage>
<keyPoints>
  2.8142993164062500e+002 4.6526779174804688e+001
  1.5574467658996582e+001 3.0567224121093750e+002
  1.5168084716796875e+002 0 -1 3.9859365844726562e+002
  4.6808101654052734e+001 1.4400000572204590e+001
  3.0816979980468750e+002 1.3099996948242187e+002 0 -1
  2.7920718383789062e+002 5.2453445434570312e+001
  1.4188034057617188e+001 7.2462966918945313e+001
  4.7641159057617188e+001 0 -1 3.9741717529296875e+002
  8.2648803710937500e+001 1.6049999237060547e+001
  3.4743170166015625e+002 1.2622500610351563e+002 0 -1
  2.9354248046875000e+002 1.0653766632080078e+002
  1.4164212226867676e+001 2.4281625366210937e+002
  3.8231918334960938e+001 0 -1 1.9202894592285156e+002
  1.0733988952636719e+002 1.4842188835144043e+001
  2.4901057434082031e+002 5.1116531372070313e+001 0 -1
  4.0470175170898437e+002 1.0761277770996094e+002
  1.4040782928466797e+001 2.6527947998046875e+002
  5.2361022949218750e+001 0 -1 4.0679440307617187e+002
  1.0723775482177734e+002 1.3666666030883789e+001
  2.7215484619140625e+002 6.0083343505859375e+001 0 -1
  2.4743440246582031e+002 1.1831350708007812e+002
  1.6105285644531250e+001 3.2861459350585937e+002
  3.5743896484375000e+001 0 -1 2.4952890014648437e+002
  1.1842419433593750e+002 1.4457502365112305e+001
  3.4625381469726562e+002 3.2752136230468750e+001 0 -1
  3.6835330200195312e+002 1.1863739013671875e+002
  1.6411764144897461e+001 2.5719976806640625e+002
  3.4595588684082031e+001 0 -1 3.2136276245117187e+002
  1.2337899780273438e+002 17. 2.4635707855224609e+001
  6.7375000000000000e+001 0 -1 2.4848612976074219e+002
  1.7520642089843750e+002 1.3823528289794922e+001
  6.8297443389892578e+000 5.6355407714843750e+001 0 -1
  3.6931536865234375e+002 1.7565792846679687e+002
  1.6955425262451172e+001 2.9522381591796875e+002
  4.5488510131835938e+001 0 -1 4.9778939819335937e+002
  1.7909422302246094e+002 1.3451612472534180e+001
  1.8812261962890625e+002 6.6814514160156250e+001 0 -1
  2.4681622314453125e+002 2.3082904052734375e+002
  1.4428570747375488e+001 3.4740756225585938e+002
  5.5440475463867188e+001 0 -1 3.6365072631835937e+002
  2.3246699523925781e+002 15. 2.1775723266601562e+002
  3.3750000000000000e+001 0 -1 3.6411898803710937e+002
  2.8912249755859375e+002 1.5831662178039551e+001
  1.1270767974853516e+002 6.4246582031250000e+001 0 -1
  2.9011923217773438e+002 3.1702291870117187e+002
  1.4714284896850586e+001 1.9903259277343750e+002
  3.4148811340332031e+001 0 -1 3.1555078125000000e+002
  3.1746334838867187e+002 1.3560380935668945e+001
  2.0598603820800781e+002 3.7421112060546875e+001 0 -1
  3.2063418579101562e+002 3.1801226806640625e+002
  1.3750000000000000e+001 3.4998391723632812e+002
  3.4020835876464844e+001 0 -1 2.9298959350585937e+002
  3.2202774047851562e+002 1.3556333541870117e+001
  6.6699142456054687e+001 8.7347930908203125e+001 0 -1
  3.1645571899414062e+002 3.2153887939453125e+002
  1.4419355392456055e+001 1.0594715881347656e+002
  6.8520164489746094e+001 0 -1 3.1888894653320312e+002
  3.2185382080078125e+002 1.3625865936279297e+001
  7.0920776367187500e+001 8.8333419799804687e+001 0 -1
  2.8068487548828125e+002 4.6370800018310547e+001
  2.1427471160888672e+001 2.5044159889221191e+000
  1.6216458129882813e+002 1 -1 1.8876336669921875e+002
  1.0242507171630859e+002 1.8860504150390625e+001
  2.6282214355468750e+002 3.8558036804199219e+001 1 -1
  4.0504559326171875e+002 1.0746195983886719e+002
  2.0145488739013672e+001 2.6920727539062500e+002
  5.4820198059082031e+001 1 -1 1.9223486328125000e+002
  1.0852978515625000e+002 1.8913043975830078e+001
  2.4457159423828125e+002 5.7266311645507813e+001 1 -1
  2.9350030517578125e+002 1.0819023132324219e+002
  1.9721862792968750e+001 2.3149870300292969e+002
  4.8773208618164063e+001 1 -1 2.4792007446289062e+002
  1.7523724365234375e+002 1.6277938842773438e+001
  1.4191506385803223e+001 5.6279304504394531e+001 1 -1 498. 180. 12.
  1.8726803588867187e+002 5.6888671875000000e+001 1 -1
  2.4658627319335938e+002 2.3233135986328125e+002
  2.2507179260253906e+001 3.1384759521484375e+002
  6.5706039428710938e+001 1 -1 3.6778201293945312e+002
  2.3201477050781250e+002 2.0154563903808594e+001
  2.7960125732421875e+002 6.6861961364746094e+001 1 -1
  2.4450000000000000e+002 2.5850000000000000e+002 24.
  3.8874801635742188e+001 2.2322265625000000e+002 1 -1
  2.9052493286132812e+002 3.2152456665039062e+002
  1.9189212799072266e+001 9.8311309814453125e+001
  7.2260337829589844e+001 1 -1 3.1574847412109375e+002
  3.2159756469726562e+002 1.7666666030883789e+001
  7.3844367980957031e+001 7.0013885498046875e+001 1 -1
  3.9774786376953125e+002 4.7125663757324219e+001
  2.1642856597900391e+001 8.3970298767089844e+001
  1.3572023010253906e+002 2 -1 2.0346032714843750e+002
  5.4695133209228516e+001 2.8683225631713867e+001
  3.2632849121093750e+002 5.7736408233642578e+001 2 -1
  2.4604605102539062e+002 8.3552223205566406e+001
  2.4810819625854492e+001 1.7057205200195312e+001
  1.9710322570800781e+002 2 -1 3.9717163085937500e+002
  8.3985176086425781e+001 2.6447954177856445e+001
  2.5209704589843750e+002 1.8154649353027344e+002 2 -1
  2.1279951477050781e+002 1.0063950347900391e+002
  2.6333332061767578e+001 3.3559051513671875e+002
  4.1680553436279297e+001 2 -1 1.8922062683105469e+002
  1.0278434753417969e+002 1.9676139831542969e+001
  2.6389718627929687e+002 3.8598068237304687e+001 2 -1
  2.1733999633789062e+002 1.0394543457031250e+002
  2.7479999542236328e+001 3.4367126464843750e+002
  3.2401660919189453e+001 2 -1 4.0572784423828125e+002
  1.0726853179931641e+002 2.1802038192749023e+001
  2.7341400146484375e+002 5.4080371856689453e+001 2 -1
  1.9266522216796875e+002 1.0883667755126953e+002
  1.8540164947509766e+001 2.4408706665039062e+002
  5.2083850860595703e+001 2 -1 2.9250000000000000e+002 112. 36.
  2.4035275268554687e+002 59. 2 -1 2.4772084045410156e+002
  1.1875318145751953e+002 2.5063446044921875e+001
  3.5520349121093750e+002 3.8085906982421875e+001 2 -1
  3.6835418701171875e+002 1.1873766326904297e+002
  2.4549228668212891e+001 2.0865409851074219e+002
  4.1029972076416016e+001 2 -1 319. 121. 36. 1.5605878829956055e+001
  9.0444335937500000e+001 2 -1 3.6723147583007812e+002
  1.4403933715820312e+002 2.7542682647705078e+001
  1.1881133270263672e+002 1.8948364257812500e+002 2 -1
  2.4808850097656250e+002 1.7579330444335937e+002 18.
  1.8465826034545898e+001 54. 2 -1 3.6807049560546875e+002
  1.7516992187500000e+002 2.5514781951904297e+001
  6.9292884826660156e+001 5.3170528411865234e+001 2 -1
  4.9768862915039062e+002 1.7926954650878906e+002
  2.4402996063232422e+001 1.8249928283691406e+002
  6.3044719696044922e+001 2 -1 2.4650698852539062e+002
  2.3199655151367187e+002 2.5890022277832031e+001
  3.2739715576171875e+002 6.7231605529785156e+001 2 -1
  3.6799133300781250e+002 2.3199070739746094e+002
  2.3794433593750000e+001 2.7713479614257813e+002
  6.5618530273437500e+001 2 -1 2.4400831604003906e+002
  2.5841122436523437e+002 2.8316030502319336e+001
  3.1097681045532227e+001 2.1890582275390625e+002 2 -1
  3.6722229003906250e+002 2.5805245971679687e+002
  2.8516609191894531e+001 2.5812615966796875e+002
  2.0053971862792969e+002 2 -1 2.4620979309082031e+002
  2.8880209350585937e+002 2.3038106918334961e+001
  7.1258895874023438e+001 8.7567993164062500e+001 2 -1
  3.6689065551757813e+002 2.8861676025390625e+002
  2.7999567031860352e+001 8.4654190063476563e+001
  8.3332756042480469e+001 2 -1 2.9052633666992187e+002
  3.1746884155273437e+002 21. 1.2729601287841797e+002
  3.1541666030883789e+001 2 -1 2.0215005493164062e+002
  5.6498703002929688e+001 3.5751655578613281e+001
  3.9176715850830078e+001 6.0003128051757813e+001 3 -1
  3.9721560668945312e+002 8.4365791320800781e+001 24.
  2.5332360839843750e+002 1.7973730468750000e+002 3 -1
  2.9518655395507812e+002 1.1320632171630859e+002
  3.9600002288818359e+001 3.2653146362304687e+002
  6.3675003051757813e+001 3 -1 3.9476129150390625e+002
  1.1275982666015625e+002 3.7793346405029297e+001
