<?xml version="1.0"?>
<opencv_storage>
<keyPoints>
  2.6744302368164062e+002 2.8600936889648437e+001
  1.5641850471496582e+001 9.1066101074218750e+001
  3.4827384948730469e+001 0 -1 3.8907125854492187e+002
  2.8859838485717773e+001 1.3285713195800781e+001
  1.6800245666503906e+002 3.8803573608398438e+001 0 -1
  3.8881494140625000e+002 3.1689897537231445e+001
  1.1571428298950195e+001 2.1018472290039062e+002
  3.4142868041992188e+001 0 -1 280. 45. 18. 2.8425878906250000e+002 64.
  0 -1 3.9881884765625000e+002 4.7359653472900391e+001
  1.4117647171020508e+001 3.8055912017822266e+001
  1.2635296630859375e+002 0 -1 2.0425000000000000e+002
  5.2750000000000000e+001 18. 2.7948925781250000e+002
  4.4555664062500000e+001 0 -1 2.7960885620117187e+002
  5.2814445495605469e+001 1.3239896774291992e+001
  7.7937042236328125e+001 4.5183044433593750e+001 0 -1
  4.3162088012695312e+002 6.2531089782714844e+001
  1.3781250000000000e+001 2.2000775146484375e+002
  8.0820312500000000e+001 0 -1 4.4576171875000000e+002
  6.2786922454833984e+001 1.3064516067504883e+001
  3.3536830902099609e+001 4.2487907409667969e+001 0 -1
  2.0574298095703125e+002 7.2121582031250000e+001
  1.3959184646606445e+001 2.6361904144287109e+001
  1.2922445678710937e+002 0 -1 2.6892425537109375e+002
  7.2430480957031250e+001 1.4381443977355957e+001
  2.9458972167968750e+002 1.4564044189453125e+002 0 -1
  2.0564297485351562e+002 7.6387443542480469e+001
  1.3250058174133301e+001 5.9543437957763672e+001
  1.1332104492187500e+002 0 -1 2.6870751953125000e+002
  7.6520927429199219e+001 1.3833020210266113e+001
  3.0480029296875000e+002 1.1752429199218750e+002 0 -1
  3.4489685058593750e+002 7.7403022766113281e+001
  1.3985898971557617e+001 1.5894535827636719e+002
  1.5435534667968750e+002 0 -1 4.3164086914062500e+002
  7.7668838500976563e+001 1.4020408630371094e+001
  8.7473747253417969e+001 6.7778060913085938e+001 0 -1
  2.3727746582031250e+002 9.8452041625976563e+001
  1.4226087570190430e+001 5.8166942596435547e+001
  3.8598220825195313e+001 0 -1 3.8037341308593750e+002
  1.0005950927734375e+002 15. 2.9243911743164062e+002 35. 0 -1
  1.7776177978515625e+002 1.2384282684326172e+002
  1.1651163101196289e+001 1.1177175140380859e+002
  4.0072669982910156e+001 0 -1 1.7211264038085937e+002
  1.2601912689208984e+002 1.2090909004211426e+001
  1.0487354278564453e+002 3.7003784179687500e+001 0 -1
  1.7630691528320312e+002 1.2614447784423828e+002
  1.3315790176391602e+001 1.4034590148925781e+002
  4.2370605468750000e+001 0 -1 1.6732165527343750e+002
  1.3148982238769531e+002 1.4142857551574707e+001
  8.5116798400878906e+001 5.9678573608398437e+001 0 -1
  1.9201210021972656e+002 1.3280325317382812e+002
  1.3021543502807617e+001 5.0081363677978516e+001
  1.2251370239257813e+002 0 -1 1.8889862060546875e+002
  1.3827337646484375e+002 1.1785714149475098e+001
  8.8797073364257813e+001 4.2035720825195313e+001 0 -1
  1.9262312316894531e+002 1.3845463562011719e+002
  1.2642857551574707e+001 5.7184661865234375e+001
  3.3160713195800781e+001 0 -1 1.4778572082519531e+002
  1.4222921752929687e+002 1.3215538024902344e+001
  7.1354034423828125e+001 6.5255950927734375e+001 0 -1
  1.8688119506835937e+002 1.4212524414062500e+002
  1.3571428298950195e+001 8.2164596557617188e+001
  3.4720237731933594e+001 0 -1 1.8367494201660156e+002
  1.4702299499511719e+002 1.2054545402526855e+001
  7.8478286743164062e+001 3.7002273559570313e+001 0 -1
  1.8682414245605469e+002 1.4647151184082031e+002
  1.2662282943725586e+001 7.2833419799804688e+001
  5.0509857177734375e+001 0 -1 2.3678562927246094e+002
  1.6428492736816406e+002 1.2729729652404785e+001
  2.1469781494140625e+002 3.8273651123046875e+001 0 -1
  2.4482220458984375e+002 1.6506860351562500e+002 15.
  2.7754718017578125e+002 3.3500000000000000e+001 0 -1
  3.8052972412109375e+002 1.6643394470214844e+002
  1.4106733322143555e+001 2.5002059936523437e+002
  3.6595230102539063e+001 0 -1 1.8125033569335938e+002
  1.7721525573730469e+002 1.4039999008178711e+001
  2.7579086303710937e+002 3.7445007324218750e+001 0 -1 185.
  1.7880082702636719e+002 1.2428571701049805e+001
  3.0940591430664062e+002 3.8071426391601563e+001 0 -1
  1.7507208251953125e+002 1.8113125610351562e+002
  1.3307691574096680e+001 2.1359614562988281e+002
  3.4926284790039062e+001 0 -1 1.5160894775390625e+002
  1.8511076354980469e+002 1.4011634826660156e+001
  4.3656131744384766e+001 1.5233532714843750e+002 0 -1
  1.9538038635253906e+002 1.8654534912109375e+002
  1.4302754402160645e+001 2.6766511917114258e+001
  1.4405596923828125e+002 0 -1 1.7054454040527344e+002
  1.8693051147460937e+002 1.3752310752868652e+001
  1.1629650878906250e+002 8.4122955322265625e+001 0 -1 147.
  1.9660417175292969e+002 1.7500000000000000e+001
  7.8776252746582031e+001 3.5041664123535156e+001 0 -1
  1.4706855773925781e+002 1.9856840515136719e+002 13.
  7.1695503234863281e+001 4.1625015258789063e+001 0 -1
  1.7632180786132812e+002 1.9994998168945312e+002
  1.4586207389831543e+001 9.6406730651855469e+001
  3.5693969726562500e+001 0 -1 1.9022013854980469e+002
  2.0016264343261719e+002 1.2962387084960938e+001
  6.9782325744628906e+001 4.5855606079101563e+001 0 -1
  1.8318429565429687e+002 2.2860485839843750e+002
  1.2837285995483398e+001 2.2893194580078125e+002
  4.7916687011718750e+001 0 -1 1.9112889099121094e+002
  2.4959104919433594e+002 1.4555555343627930e+001
  8.2620132446289063e+001 4.1449073791503906e+001 0 -1
  1.7821849060058594e+002 2.5052085876464844e+002
  1.6214746475219727e+001 9.9197975158691406e+001
  3.6724678039550781e+001 0 -1 3.9559381103515625e+002
  4.8034782409667969e+001 1.6875991821289063e+001
  4.2097309112548828e+001 9.4408470153808594e+001 1 -1
  2.0375457763671875e+002 5.4198692321777344e+001
  2.2454891204833984e+001 2.8241772460937500e+002
  5.1424247741699219e+001 1 -1 2.3733505249023437e+002
  9.8502731323242188e+001 1.4148147583007812e+001
  5.8016864776611328e+001 3.7238811492919922e+001 1 -1
  3.8025927734375000e+002 9.9194229125976563e+001
  1.8692306518554687e+001 3.1089270019531250e+002
  3.5086540222167969e+001 1 -1 1.7857247924804687e+002
  1.2648855590820312e+002 1.8764705657958984e+001
  8.6928871154785156e+001 4.7414215087890625e+001 1 -1
  1.5185411071777344e+002 1.3113316345214844e+002 21.
  6.2689258575439453e+001 7.4125000000000000e+001 1 -1
  1.6740910339355469e+002 1.3139404296875000e+002
  1.7352191925048828e+001 8.7226837158203125e+001
  5.8790439605712891e+001 1 -1 1.8757528686523437e+002
  1.4028332519531250e+002 1.8692306518554687e+001
  6.6864906311035156e+001 3.8086540222167969e+001 1 -1
  1.7725000000000000e+002 1.4725000000000000e+002
  2.0666667938232422e+001 8.0942710876464844e+001
  4.0777786254882812e+001 1 -1 1.8048515319824219e+002
  1.4711412048339844e+002 1.8840000152587891e+001
  8.6217926025390625e+001 3.7244995117187500e+001 1 -1
  2.4482218933105469e+002 1.6506860351562500e+002 15.
  2.7754620361328125e+002 3.1375000000000000e+001 1 -1
  3.8012979125976562e+002 1.6496185302734375e+002
  1.9967357635498047e+001 2.7715463256835937e+002
  3.6519462585449219e+001 1 -1 1.8424218750000000e+002
  1.7867108154296875e+002 15. 2.9110775756835937e+002
  3.5250000000000000e+001 1 -1 1.4147088623046875e+002
  1.8059239196777344e+002 1.9043478012084961e+001
  1.1506597137451172e+002 5.0695648193359375e+001 1 -1
  1.7514746093750000e+002 1.8265142822265625e+002
  1.8085714340209961e+001 1.8294711303710937e+002
  3.6003570556640625e+001 1 -1 1.9523823547363281e+002
  1.8631953430175781e+002 1.5237571716308594e+001
  2.4949184417724609e+001 1.4053817749023437e+002 1 -1
  1.8980953979492187e+002 1.8962236022949219e+002
  2.0428569793701172e+001 6.7935989379882813e+001
  3.3720230102539063e+001 1 -1 1.8255422973632812e+002
  2.3089758300781250e+002 18. 2.2728550720214844e+002 38. 1 -1
  1.7776745605468750e+002 2.3717114257812500e+002
  1.9909111022949219e+001 1.3376626586914063e+002
  3.5237396240234375e+001 1 -1 1.9335897827148437e+002
  2.3965101623535156e+002 1.8248102188110352e+001
