<?xml version="1.0"?>
<opencv_storage>
<keyPoints>
  2.7832211303710937e+002 2.5386337280273437e+001
  1.4042552947998047e+001 1.2188490295410156e+002
  1.4144680786132812e+002 0 -1 3.1778842163085937e+002
  2.4879346847534180e+001 1.4363682746887207e+001
  3.3324905395507813e+001 1.5778244018554687e+002 0 -1
  4.0240600585937500e+002 2.5160295486450195e+001
  1.5486909866333008e+001 1.5916412353515625e+002
  3.9697814941406250e+001 0 -1 2.7729815673828125e+002
  3.0659803390502930e+001 1.1219184875488281e+001
  1.1564615631103516e+002 4.6274726867675781e+001 0 -1
  3.9684008789062500e+002 3.4756469726562500e+001
  1.3612280845642090e+001 1.6900659179687500e+002
  5.2960594177246094e+001 0 -1 2.7965808105468750e+002
  4.4669811248779297e+001 1.3327869415283203e+001
  1.4247486877441406e+002 7.0493865966796875e+001 0 -1
  2.7993215942382812e+002 4.7987396240234375e+001
  1.3285713195800781e+001 1.9713972473144531e+002
  4.4285705566406250e+001 0 -1 2.7673828125000000e+002
  4.8737243652343750e+001 1.3829324722290039e+001
  1.9071301269531250e+002 3.5270385742187500e+001 0 -1
  4.0241839599609375e+002 4.9620357513427734e+001
  1.3738521575927734e+001 1.9853889465332031e+002
  9.7938201904296875e+001 0 -1 2.7983609008789062e+002
  9.3578308105468750e+001 1.3892473220825195e+001
  2.0675254821777344e+002 3.6172271728515625e+001 0 -1
  2.7637023925781250e+002 9.4290962219238281e+001
  1.3216217041015625e+001 2.1224952697753906e+002
  3.6760147094726562e+001 0 -1 3.9896862792968750e+002
  9.4729072570800781e+001 1.7700000762939453e+001
  1.8233142089843750e+002 5.5025001525878906e+001 0 -1
  2.7384802246093750e+002 9.6772850036621094e+001
  1.2811807632446289e+001 2.2521388244628906e+002
  3.2259338378906250e+001 0 -1 2.7802966308593750e+002
  9.6610534667968750e+001 1.4890295028686523e+001
  2.1572244262695312e+002 3.6087615966796875e+001 0 -1
  1.5644679260253906e+002 1.0738825988769531e+002
  1.4812500000000000e+001 3.3461254882812500e+002
  1.1054687500000000e+002 0 -1 2.7487603759765625e+002
  1.4345637512207031e+002 1.4419462203979492e+001
  2.2789816284179687e+002 4.0961166381835938e+001 0 -1
  2.7673538208007812e+002 1.4440586853027344e+002
  1.3426229476928711e+001 2.2433142089843750e+002
  5.3723358154296875e+001 0 -1 3.9596307373046875e+002
  1.4540011596679687e+002 1.1590909004211426e+001
  3.4480404663085937e+002 4.3102272033691406e+001 0 -1 151.
  1.9675000000000000e+002 18. 3.4119644165039063e+002 51. 0 -1
  1.5397137451171875e+002 1.9753999328613281e+002
  1.3699999809265137e+001 2.1361665725708008e+000
  6.4408325195312500e+001 0 -1 2.6458493041992187e+002
  1.9755395507812500e+002 1.3799999237060547e+001
  1.5525158691406250e+002 3.9574996948242188e+001 0 -1 272.
  1.9625640869140625e+002 1.2769229888916016e+001
  1.9200860595703125e+002 6.2641021728515625e+001 0 -1
  2.7456033325195312e+002 1.9686207580566406e+002
  1.4586207389831543e+001 1.5533546447753906e+002
  4.5693969726562500e+001 0 -1 4.0363635253906250e+002
  1.9982954406738281e+002 1.6090909957885742e+001
  1.0942119598388672e+002 7.4227279663085938e+001 0 -1
  2.7066766357421875e+002 2.0065147399902344e+002
  1.3469058990478516e+001 1.2024572753906250e+002
  6.4468154907226563e+001 0 -1 1.4320431518554687e+002
  2.1157031250000000e+002 1.2800001144409180e+001
  3.1308767700195312e+002 4.6266670227050781e+001 0 -1
  1.5399851989746094e+002 2.3075022888183594e+002
  1.3945172309875488e+001 3.2808914184570312e+002
  3.6987213134765625e+001 0 -1 1.5698904418945312e+002
  2.3375410461425781e+002 1.4739130020141602e+001
  3.3187322998046875e+002 3.3396736145019531e+001 0 -1
  1.9836956787109375e+002 2.3723316955566406e+002
  1.4367691040039063e+001 2.0250006103515625e+002
  4.0482734680175781e+001 0 -1 2.1271098327636719e+002
  2.3918823242187500e+002 1.3513273239135742e+001
  3.0212078857421875e+002 1.2359405517578125e+002 0 -1
  2.1515240478515625e+002 2.3985635375976562e+002
  1.3468797683715820e+001 3.2532760620117187e+002
  3.7206909179687500e+001 0 -1 1.6224331665039063e+002
  2.4088638305664062e+002 1.2039999961853027e+001
  3.4136013793945312e+002 4.3001678466796875e+001 0 -1
  2.6408190917968750e+002 2.4067543029785156e+002
  1.1276353836059570e+001 8.2440673828125000e+001
  4.9364234924316406e+001 0 -1 2.6795989990234375e+002
  2.4159828186035156e+002 1.3213884353637695e+001
  7.3336486816406250e+001 7.1786781311035156e+001 0 -1
  1.6385301208496094e+002 2.4397862243652344e+002
  1.0880597114562988e+001 3.4564956665039062e+002
  6.9166046142578125e+001 0 -1 4.3178152465820312e+002
  2.4546151733398437e+002 1.3998754501342773e+001
  1.7717080688476562e+002 1.2402865600585937e+002 0 -1
  1.6604466247558594e+002 2.4625057983398438e+002
  1.2707214355468750e+001 3.5433996582031250e+002
  3.9504623413085938e+001 0 -1 2.1025000000000000e+002
  2.5375000000000000e+002 18. 8.6850799560546875e+001
  9.9111328125000000e+001 0 -1 1.6276820373535156e+002
  2.5418672180175781e+002 1.3832378387451172e+001
  1.3836687088012695e+001 1.5870587158203125e+002 0 -1
  1.6686808776855469e+002 2.5434933471679688e+002
  1.4571428298950195e+001 1.3135692596435547e+001
  1.4271429443359375e+002 0 -1 3.1918878173828125e+002
  2.5828717041015625e+002 1.4830986022949219e+001
  2.1406600952148437e+002 1.0790316772460937e+002 0 -1
  3.2995468139648437e+002 2.5990155029296875e+002
  1.1640000343322754e+001 2.9119140625000000e+002
  4.2090011596679688e+001 0 -1 3.3632745361328125e+002
  2.6324261474609375e+002 1.1949151992797852e+001
  3.4663839721679687e+002 3.7002120971679688e+001 0 -1
  2.3406495666503906e+002 2.6642904663085937e+002
  1.2699771881103516e+001 2.7416979980468750e+002
  3.4708984375000000e+001 0 -1 3.4302203369140625e+002
  2.6719409179687500e+002 1.4481481552124023e+001
  1.1950569152832031e+001 1.0792745971679687e+002 0 -1
  4.7025088500976563e+002 2.7154052734375000e+002
  1.4508464813232422e+001 2.0260659790039062e+002
  8.3258026123046875e+001 0 -1 4.6934225463867187e+002
  2.7376965332031250e+002 1.3461538314819336e+001
  2.0348339843750000e+002 4.2157043457031250e+001 0 -1
  4.3278985595703125e+002 2.7630429077148437e+002
  1.3358490943908691e+001 2.3208193969726562e+002
  1.1071697998046875e+002 0 -1 2.3310444641113281e+002
  2.7915753173828125e+002 1.3271186828613281e+001
  2.7475909423828125e+002 8.4324157714843750e+001 0 -1
  2.3545016479492187e+002 2.7883880615234375e+002
  1.2521739006042480e+001 3.0203735351562500e+002
  3.6173904418945313e+001 0 -1 2.5276493835449219e+002
  2.7914608764648437e+002 13. 2.3617010498046875e+002
  7.6708328247070312e+001 0 -1 3.7690069580078125e+002
  2.8181402587890625e+002 1.3770490646362305e+001
  1.9801452636718750e+002 1.4931146240234375e+002 0 -1
  3.3946759033203125e+002 2.8277877807617187e+002
  1.3287538528442383e+001 1.4687426757812500e+002
  5.8574203491210937e+001 0 -1 4.3284259033203125e+002
  2.8278982543945312e+002 1.4563201904296875e+001
  2.0647315979003906e+002 1.2138110351562500e+002 0 -1
  4.2667837524414062e+002 2.8488192749023437e+002
  1.3186046600341797e+001 1.9439163208007812e+002
  8.9680236816406250e+001 0 -1 2.6343713378906250e+002
  2.8998730468750000e+002 1.4404632568359375e+001
  2.4754391479492187e+002 2.1580059814453125e+002 0 -1
  3.9330236816406250e+002 2.9341632080078125e+002
  1.3728072166442871e+001 2.7233734130859375e+002
  1.9752239990234375e+002 0 -1 3.3781808471679687e+002
  2.9690118408203125e+002 1.3097560882568359e+001
  2.4286291503906250e+002 4.3685989379882813e+001 0 -1
  3.9311422729492187e+002 2.9942459106445312e+002
  1.4095312118530273e+001 2.7076846313476562e+002
  1.6144116210937500e+002 0 -1 2.6116720581054687e+002
  3.2164300537109375e+002 1.4905508041381836e+001
  2.6570272827148437e+002 1.9871478271484375e+002 0 -1
  3.6004345703125000e+002 3.2739093017578125e+002
  1.2488372802734375e+001 2.5534655761718750e+002
  3.9142440795898438e+001 0 -1 2.6665631103515625e+002
  3.3734149169921875e+002 1.3079999923706055e+001
  2.7253549194335937e+002 3.3405006408691406e+001 0 -1
