%YAML:1.0
---
recording:
   type: VideoRecording
   recordId: Action_20180109T152036
   channelId: main
   timeStamp: "131599848361010000"
   sessionTimestamp: "0"
   width: -1
   height: -1
   frameCount: 238
   fps: 2.9969999999999999e+001
   recordingType: 2000
   frameTransformRect: [ [ -1, -1 ], [ -1, -1 ], [ -1, -1 ], [ -1, -1 ] ]
   trackingMode: 0
   segments:
      - { startFrame:14, stopFrame:44, segmentType:2000, focusFrame:-1,
          focusPoint:{ values:[ -1., -1. ], type:Vector2 }, isFragment:0 }
      - { startFrame:0, stopFrame:80, segmentType:1000, focusFrame:-1,
          focusPoint:{ values:[ -1., -1. ], type:Vector2 }, isFragment:0 }
      - { startFrame:52, stopFrame:83, segmentType:2000, focusFrame:-1,
          focusPoint:{ values:[ -1., -1. ], type:Vector2 }, isFragment:0 }
      - { startFrame:108, stopFrame:140, segmentType:2000, focusFrame:-1,
          focusPoint:{ values:[ -1., -1. ], type:Vector2 }, isFragment:0 }
      - { startFrame:165, stopFrame:202, segmentType:2000, focusFrame:-1,
          focusPoint:{ values:[ -1., -1. ], type:Vector2 }, isFragment:0 }
      - { startFrame:90, stopFrame:231, segmentType:1000, focusFrame:-1,
          focusPoint:{ values:[ -1., -1. ], type:Vector2 }, isFragment:0 }
   framesRelTs: [ "0", "450000", "1060000", "1260000", "1440000",
       "1630000", "1820000", "3030000", "3220000", "3390000", "3590000",
       "3760000", "3950000", "4620000", "4800000", "4980000", "5170000",
       "5330000", "5500000", "6200000", "6370000", "6540000", "6720000",
       "6880000", "7100000", "7740000", "7950000", "8120000", "8320000",
       "8570000", "9320000", "9520000", "9720000", "9920000", "10220000",
       "10860000", "11040000", "11250000", "11550000", "11870000",
       "12410000", "12590000", "12870000", "13190000", "13530000",
       "13990000", "14190000", "14500000", "14830000", "15150000",
       "15550000", "15810000", "16140000", "16470000", "17100000",
       "17290000", "17490000", "17780000", "18110000", "18640000",
       "18850000", "19100000", "19430000", "19740000", "20200000",
       "20410000", "20720000", "21050000", "21380000", "21770000",
       "22030000", "22370000", "22700000", "23320000", "23520000",
       "23720000", "24020000", "24350000", "24860000", "25070000",
       "25340000", "25670000", "26000000", "26420000", "26670000",
       "26980000", "27320000", "27930000", "28150000", "28390000",
       "28630000", "28980000", "29520000", "29730000", "29970000",
       "30280000", "30600000", "31080000", "31290000", "31580000",
       "31910000", "32240000", "32650000", "32900000", "33220000",
       "33560000", "34250000", "34440000", "34650000", "34870000",
       "35190000", "35810000", "36020000", "36210000", "36510000",
       "36840000", "37380000", "37580000", "37830000", "38150000",
       "38480000", "38970000", "39170000", "39470000", "39800000",
       "40130000", "40520000", "40780000", "41100000", "41440000",
       "42080000", "42260000", "42490000", "42750000", "43080000",
       "43680000", "43880000", "44090000", "44390000", "44710000",
       "45220000", "45430000", "45700000", "46040000", "46360000",
       "46790000", "47010000", "47340000", "47680000", "48010000",
       "48360000", "48660000", "48980000", "49310000", "49930000",
       "50120000", "50360000", "50620000", "50960000", "51510000",
       "51720000", "51950000", "52160000", "52440000", "53080000",
       "53270000", "53580000", "53920000", "54250000", "54680000",
       "54910000", "55220000", "55560000", "55880000", "56230000",
       "56540000", "56870000", "57080000", "57810000", "57990000",
       "58160000", "58380000", "58690000", "59330000", "59530000",
       "59740000", "60000000", "60320000", "60900000", "61070000",
       "61320000", "61640000", "61960000", "62450000", "62640000",
       "62940000", "63280000", "63620000", "64050000", "64260000",
       "64590000", "64930000", "65240000", "65620000", "65910000",
       "66230000", "66560000", "67160000", "67330000", "67550000",
       "67860000", "68190000", "68730000", "68900000", "69180000",
       "69530000", "69830000", "70300000", "70510000", "70820000",
       "71150000", "71480000", "71860000", "72130000", "72460000",
       "72790000", "73390000", "73570000", "73770000", "74100000",
       "74430000", "74980000", "75150000", "75410000", "75730000",
       "76060000", "76530000", "77840000" ]
   chunks:
      - { path:"Recordings/Action_20180109T152036/recording.avi",
          startFrameIdx:0 }
