%YAML:1.0
---
recording:
   type: VideoRecording
   recordId: Action_20180110T115111
   channelId: main
   timeStamp: "131600586710190000"
   sessionTimestamp: "0"
   width: 0
   height: 0
   frameCount: 134
   fps: 2.9969999999999999e+001
   recordingType: 2000
   frameTransformRect: [ [ -1, -1 ], [ -1, -1 ], [ -1, -1 ], [ -1, -1 ] ]
   trackingMode: 0
   segments:
      - { startFrame:0, stopFrame:127, segmentType:1000, focusFrame:-1,
          focusPoint:{ values:[ -1., -1. ], type:Vector2 }, isFragment:0 }
   framesRelTs: [ "0", "260000", "580000", "910000", "1370000",
       "1570000", "1880000", "2220000", "2530000", "2860000", "3180000",
       "3520000", "3850000", "4180000", "4500000", "4840000", "5180000",
       "5500000", "5820000", "6140000", "6470000", "6860000", "7200000",
       "7460000", "7780000", "8120000", "8430000", "8760000", "9090000",
       "9420000", "9730000", "10060000", "10380000", "10730000",
       "11040000", "11380000", "11710000", "12040000", "12390000",
       "12700000", "13020000", "13350000", "13680000", "14010000",
       "14330000", "14650000", "14990000", "15320000", "15640000",
       "15980000", "16310000", "16650000", "16970000", "17300000",
       "17620000", "17950000", "18290000", "18600000", "18920000",
       "19250000", "19580000", "19900000", "20230000", "20550000",
       "20900000", "21200000", "21530000", "21860000", "22200000",
       "22520000", "22850000", "23160000", "23480000", "23800000",
       "24140000", "24470000", "24790000", "25120000", "25430000",
       "25790000", "26130000", "26470000", "26660000", "26990000",
       "27320000", "27650000", "27970000", "28300000", "28620000",
       "28950000", "29270000", "29580000", "29910000", "30260000",
       "30560000", "30880000", "31210000", "31530000", "31860000",
       "32190000", "32510000", "32840000", "33170000", "33500000",
       "33840000", "34160000", "34490000", "34810000", "35130000",
       "35460000", "35790000", "36110000", "36440000", "36780000",
       "37110000", "37420000", "37740000", "38070000", "38400000",
       "38710000", "39040000", "39360000", "39700000", "40010000",
       "40320000", "40650000", "40980000", "41300000", "41620000",
       "41950000", "42300000", "42610000", "42940000", "43460000" ]
   chunks:
      - { path:"Recordings/Action_20180110T115111/recording.avi",
          startFrameIdx:0 }
