%YAML:1.0
---
recording:
   type: VideoRecording
   recordId: Action_20171124T145039
   channelId: main
   timeStamp: "131560086397100000"
   sessionTimestamp: "0"
   width: 0
   height: 0
   frameCount: 153
   fps: 2.9969999999999999e+001
   recordingType: 2000
   frameTransformRect: [ [ -1, -1 ], [ -1, -1 ], [ -1, -1 ], [ -1, -1 ] ]
   trackingMode: 1
   segments:
      - { startFrame:0, stopFrame:146, segmentType:1000, focusFrame:-1,
          focusPoint:{ values:[ -1., -1. ], type:Vector2 }, isFragment:0 }
   framesRelTs: [ "0", "180000", "490000", "800000", "1130000",
       "1450000", "1760000", "2080000", "2420000", "2740000", "3210000",
       "3520000", "3950000", "4170000", "4490000", "4800000", "5130000",
       "5440000", "5760000", "6080000", "6400000", "6730000", "7210000",
       "7540000", "7850000", "8160000", "8490000", "8800000", "9170000",
       "9500000", "9770000", "10090000", "10410000", "10730000",
       "11060000", "11520000", "11840000", "12170000", "12490000",
       "12830000", "13130000", "13440000", "13770000", "14080000",
       "14400000", "14720000", "15050000", "15530000", "15850000",
       "16170000", "16490000", "16800000", "17140000", "17450000",
       "17770000", "18090000", "18410000", "18730000", "19040000",
       "19370000", "19850000", "20170000", "20490000", "20810000",
       "21130000", "21450000", "21770000", "22090000", "22410000",
       "22740000", "23070000", "23370000", "23860000", "24170000",
       "24490000", "24820000", "25130000", "25610000", "25920000",
       "26260000", "26570000", "26890000", "27210000", "27530000",
       "27850000", "28330000", "28560000", "28810000", "29130000",
       "29450000", "29930000", "30250000", "30570000", "30890000",
       "31210000", "31530000", "31860000", "32170000", "32490000",
       "32840000", "33150000", "33460000", "33930000", "34260000",
       "34570000", "34890000", "35220000", "35530000", "35920000",
       "36240000", "36500000", "36810000", "37130000", "37450000",
       "38000000", "38410000", "38630000", "38910000", "39210000",
       "39530000", "39850000", "40170000", "40490000", "40810000",
       "41130000", "41460000", "41770000", "42380000", "42580000",
       "42890000", "43210000", "43540000", "43860000", "44170000",
       "44490000", "44810000", "45130000", "45450000", "45780000",
       "46340000", "46600000", "46890000", "47210000", "47550000",
       "47900000", "48220000", "48500000", "48810000", "49130000",
       "49460000", "49770000", "50090000", "50600000" ]
   chunks:
      - { path:"Recordings/Action_20171124T145039/recording.avi",
          startFrameIdx:0 }
