%YAML:1.0
---
recording:
   type: VideoRecording
   recordId: Action_20171124T115630
   channelId: main
   timeStamp: "131559981905020000"
   sessionTimestamp: "0"
   width: -1
   height: -1
   frameCount: 268
   fps: 2.9969999999999999e+001
   recordingType: 2000
   frameTransformRect: [ [ -1, -1 ], [ -1, -1 ], [ -1, -1 ], [ -1, -1 ] ]
   trackingMode: 1
   segments:
      - { startFrame:0, stopFrame:261, segmentType:1000, focusFrame:-1,
          focusPoint:{ values:[ -1., -1. ], type:Vector2 }, isFragment:0 }
   framesRelTs: [ "0", "210000", "540000", "1020000", "1470000",
       "1700000", "1970000", "2290000", "2610000", "2930000", "3250000",
       "3570000", "3890000", "4210000", "4540000", "4850000", "5510000",
       "5700000", "5970000", "6300000", "6610000", "6930000", "7260000",
       "7570000", "7890000", "8210000", "8530000", "8850000", "9330000",
       "9650000", "9980000", "10290000", "10610000", "10930000",
       "11250000", "11760000", "11960000", "12210000", "12530000",
       "12850000", "13170000", "13650000", "14210000", "14490000",
       "14740000", "14930000", "15250000", "15580000", "15890000",
       "16210000", "16530000", "16850000", "17170000", "17660000",
       "17970000", "18290000", "18610000", "18940000", "19250000",
       "19570000", "19890000", "20210000", "20540000", "20850000",
       "21170000", "21650000", "21970000", "22290000", "22610000",
       "22930000", "23250000", "23570000", "23890000", "24220000",
       "24530000", "24850000", "25170000", "25490000", "25970000",
       "26290000", "26610000", "26930000", "27250000", "27570000",
       "27890000", "28210000", "28530000", "28850000", "29180000",
       "29490000", "29970000", "30290000", "30610000", "30930000",
       "31250000", "31570000", "31890000", "32210000", "32530000",
       "32850000", "33170000", "33500000", "33810000", "34290000",
       "34610000", "34940000", "35250000", "35570000", "35890000",
       "36210000", "36530000", "36850000", "37170000", "37490000",
       "37810000", "38300000", "38610000", "38930000", "39250000",
       "39570000", "39890000", "40210000", "40530000", "40850000",
       "41170000", "41490000", "41810000", "42300000", "42610000",
       "42930000", "43250000", "43570000", "43890000", "44210000",
       "44530000", "44850000", "45180000", "45500000", "45810000",
       "46130000", "46730000", "47000000", "47250000", "47570000",
       "47890000", "48210000", "48530000", "48850000", "49170000",
       "49490000", "49810000", "50140000", "50750000", "50970000",
       "51250000", "51570000", "51890000", "52210000", "52530000",
       "52850000", "53180000", "53490000", "53810000", "54130000",
       "54450000", "54930000", "55250000", "55570000", "55890000",
       "56220000", "56530000", "56850000", "57170000", "57500000",
       "57810000", "58130000", "58450000", "58930000", "59250000",
       "59570000", "59890000", "60210000", "60530000", "60850000",
       "61170000", "61490000", "61920000", "62200000", "62470000",
       "62780000", "63510000", "63730000", "63930000", "64210000",
       "64530000", "64850000", "65170000", "65490000", "65810000",
       "66330000", "66510000", "66820000", "67260000", "67570000",
       "67890000", "68210000", "68550000", "68850000", "69170000",
       "69490000", "69820000", "70130000", "70450000", "70780000",
       "71250000", "71570000", "71890000", "72210000", "72530000",
       "72850000", "73170000", "73490000", "73820000", "74130000",
       "74450000", "74770000", "75110000", "75700000", "75950000",
       "76210000", "76530000", "76870000", "77170000", "77490000",
       "77810000", "78130000", "78450000", "78770000", "79090000",
       "79570000", "79980000", "80290000", "80550000", "80850000",
       "81170000", "81490000", "81810000", "82230000", "82450000",
       "82770000", "83090000", "83410000", "83890000", "84210000",
       "84530000", "84860000", "85170000", "85490000", "85820000",
       "86130000", "86460000", "86770000", "87090000", "87420000",
       "87890000", "88220000", "88530000", "88850000" ]
   chunks:
      - { path:"Recordings/Action_20171124T115630/recording.avi",
          startFrameIdx:0 }
