<?xml version="1.0"?>
<opencv_storage>
<keyPoints>
  2.6097152709960938e+002 2.5401470184326172e+001
  1.4260188102722168e+001 8.8967025756835938e+001
  3.4026756286621094e+001 0 -1 2.7142208862304688e+002
  2.5284509658813477e+001 1.4525396347045898e+001
  8.8915061950683594e+001 3.5212295532226563e+001 0 -1
  3.1060601806640625e+002 2.6279834747314453e+001
  1.2444444656372070e+001 8.5987426757812500e+001
  5.4148147583007813e+001 0 -1 3.1497958374023437e+002
  2.6744522094726562e+001 1.1938776016235352e+001
  8.2988319396972656e+001 3.9002548217773438e+001 0 -1
  3.1551504516601562e+002 2.6764766693115234e+001
  1.2488372802734375e+001 8.2770637512207031e+001
  3.9142440795898438e+001 0 -1 4.1147625732421875e+002
  2.6942714691162109e+001 1.2063829421997070e+001
  8.7341911315917969e+001 5.1002655029296875e+001 0 -1
  2.6707043457031250e+002 2.7873207092285156e+001
  1.3645132064819336e+001 8.8857719421386719e+001
  6.3942153930664062e+001 0 -1 3.8875665283203125e+002
  2.7389743804931641e+001 1.6615385055541992e+001
  9.4928894042968750e+001 4.8692306518554688e+001 0 -1
  3.9160891723632812e+002 2.7677997589111328e+001
  1.3472726821899414e+001 9.4767906188964844e+001
  6.1656814575195313e+001 0 -1 2.2600611877441406e+002
  2.9437957763671875e+001 1.2797094345092773e+001
  9.3624641418457031e+001 3.7735435485839844e+001 0 -1
  2.5978540039062500e+002 2.9945022583007813e+001
  1.1830188751220703e+001 8.6221321105957031e+001
  3.6021224975585938e+001 0 -1 4.1893237304687500e+002
  3.1745590209960937e+001 1.2391304969787598e+001
  7.9294677734375000e+001 3.0048912048339844e+001 0 -1
  3.7458673095703125e+002 4.1741031646728516e+001
  1.4520000457763672e+001 2.0920286560058594e+002
  6.2410003662109375e+001 0 -1 3.9736224365234375e+002
  4.4820678710937500e+001 1.6159090042114258e+001
  3.1143829345703125e+002 1.4614202880859375e+002 0 -1
  2.8153805541992187e+002 4.5194641113281250e+001
  1.4766989707946777e+001 3.1780703735351562e+002
  1.3495269775390625e+002 0 -1 2.8344189453125000e+002
  4.9895915985107422e+001 1.4230770111083984e+001
  2.4195068359375000e+001 4.1695510864257813e+001 0 -1
  3.1157168579101562e+002 8.5332405090332031e+001
  1.4632653236389160e+001 3.4924969482421875e+002
  6.3716842651367188e+001 0 -1 4.0186413574218750e+002
  8.5814521789550781e+001 13. 1.5803001403808594e+001
  3.5500000000000000e+001 0 -1 3.9488388061523437e+002
  1.0322959899902344e+002 1.1653605461120605e+001
  2.5264619445800781e+002 3.2379020690917969e+001 0 -1
  4.2250946044921875e+002 1.0352001190185547e+002
  1.3680444717407227e+001 2.9698278808593750e+002
  4.5640701293945313e+001 0 -1 2.0776815795898437e+002
  1.0557871246337891e+002 1.4706948280334473e+001
  3.1273587036132812e+002 4.5673721313476562e+001 0 -1
  2.0790159606933594e+002 1.0744023132324219e+002
  1.4400000572204590e+001 3.1602365112304688e+002
  4.3400009155273437e+001 0 -1 2.0735986328125000e+002
  1.1262553405761719e+002 1.7191192626953125e+001
  3.3137280273437500e+002 4.8402343750000000e+001 0 -1
  2.2448269653320312e+002 1.2102443695068359e+002
  1.3532587051391602e+001 3.5070315551757812e+002
  4.5937103271484375e+001 0 -1 4.2221606445312500e+002
  1.2332367706298828e+002 1.4857143402099609e+001
  3.9073379516601563e+001 7.0761901855468750e+001 0 -1
  2.2127113342285156e+002 1.4670617675781250e+002
  1.3005729675292969e+001 2.9893518447875977e+001
  3.1266883850097656e+001 0 -1 2.2413998413085937e+002
  1.4607397460937500e+002 1.3250000000000000e+001
  2.9731626510620117e+001 5.0041671752929688e+001 0 -1
  4.9069216918945312e+002 1.7185011291503906e+002
  1.0333333015441895e+001 6.1770557403564453e+001
  3.9736106872558594e+001 0 -1 4.7265032958984375e+002
  2.1187568664550781e+002 1.2384615898132324e+001
  2.3349784851074219e+002 4.9080131530761719e+001 0 -1
  2.0536561584472656e+002 2.2150845336914063e+002
  1.4636363983154297e+001 3.2490121459960937e+002
  4.2185607910156250e+001 0 -1 3.9849218750000000e+002
  2.2263539123535156e+002 1.4818181991577148e+001
  2.9336639404296875e+002 3.5640151977539062e+001 0 -1
  3.8425000000000000e+002 2.2675000000000000e+002 18.
  2.4118107604980469e+002 53. 0 -1 3.8127557373046875e+002
  2.4258770751953125e+002 15. 2.0500773620605469e+002
  3.4875000000000000e+001 0 -1 2.0555770874023437e+002
  2.4453608703613281e+002 1.5156198501586914e+001
  3.5204742431640625e+002 4.2972930908203125e+001 0 -1
  3.1644140625000000e+002 3.2003320312500000e+002
  1.2333333969116211e+001 1.2187485694885254e+001
  3.2027778625488281e+001 0 -1 2.9242251586914063e+002
  3.2172851562500000e+002 1.1865953445434570e+001
  1.6077589035034180e+001 6.0009925842285156e+001 0 -1
  3.1800759887695312e+002 3.2165933227539062e+002
  1.2802817344665527e+001 1.8020336151123047e+001
  8.2635574340820313e+001 0 -1 3.9730450439453125e+002
  4.6089714050292969e+001 2.2093307495117188e+001
  8.1907661437988281e+001 2.1213983154296875e+002 1 -1
  2.7556182861328125e+002 4.9009052276611328e+001
  1.9285713195800781e+001 1.4965669250488281e+002
  6.4160713195800781e+001 1 -1 3.1128967285156250e+002
  8.4907684326171875e+001 1.8275707244873047e+001
  2.7883047485351562e+002 6.3786987304687500e+001 1 -1
  2.1670506286621094e+002 1.0341713714599609e+002
  2.1267520904541016e+001 3.4808123779296875e+002
  4.4946517944335938e+001 1 -1 3.1850000000000000e+002
  1.0650000000000000e+002 24. 3.1600433349609375e+002 76. 1 -1
  4.2050000000000000e+002 1.0650000000000000e+002 24.
  3.2383193969726562e+002 79. 1 -1 2.0670898437500000e+002
  1.0671862792968750e+002 1.8623527526855469e+001
  3.2285281372070313e+002 5.2658233642578125e+001 1 -1
  2.9336367797851562e+002 1.0798252868652344e+002 24.
  2.2268348693847656e+002 1.1792187500000000e+002 1 -1
  3.0164431762695312e+002 1.0916845703125000e+002
  2.0661281585693359e+001 2.5885363769531250e+002
  6.0484924316406250e+001 1 -1 3.0939132690429687e+002
  1.0946554565429687e+002 1.8587463378906250e+001
  2.8894088745117187e+002 5.2152313232421875e+001 1 -1
  2.0757643127441406e+002 1.1236544799804687e+002
  1.9995800018310547e+001 3.3644970703125000e+002
  4.7398658752441406e+001 1 -1 3.7182125854492187e+002
  1.1348125457763672e+002 21. 2.1532661437988281e+002
  5.0875015258789062e+001 1 -1 3.7159729003906250e+002
  1.1493228149414062e+002 1.9325599670410156e+001
  2.1365586853027344e+002 5.1699645996093750e+001 1 -1
  2.2393296813964844e+002 1.2091485595703125e+002
  1.6036010742187500e+001 3.5223043823242187e+002
  4.6453277587890625e+001 1 -1 4.7009140014648437e+002
  1.2758857727050781e+002 2.0196557998657227e+001
  2.2751785278320312e+002 3.2977325439453125e+001 1 -1
  2.1544705200195312e+002 1.6157824707031250e+002
  1.9718120574951172e+001 1.3895873069763184e+001
  3.6224884033203125e+001 1 -1 2.1535905456542969e+002
  1.6436584472656250e+002 2.0072015762329102e+001
  8.1693792343139648e+000 3.6033477783203125e+001 1 -1
  2.1421060180664062e+002 2.2012829589843750e+002
  2.0559036254882813e+001 3.4241687011718750e+002
  3.6148757934570313e+001 1 -1 2.1419671630859375e+002
  2.2285455322265625e+002 2.0175418853759766e+001
  3.4558932495117187e+002 3.7796722412109375e+001 1 -1
  3.8250000000000000e+002 2.2450000000000000e+002 24.
  2.4720321655273437e+002 4.0333007812500000e+001 1 -1
  3.7150283813476562e+002 2.2903436279296875e+002
  2.0195390701293945e+001 2.1123971557617188e+002
  5.9996734619140625e+001 1 -1 3.8335772705078125e+002
  2.2979531860351562e+002 2.0454545974731445e+001
  2.3765567016601562e+002 5.7761383056640625e+001 1 -1
  3.7128884887695312e+002 2.3178324890136719e+002
  2.0721107482910156e+001 2.1456230163574219e+002
  5.7212448120117188e+001 1 -1 4.1154107666015625e+002
  2.3843144226074219e+002 1.8230768203735352e+001
  3.1271197509765625e+002 5.2009613037109375e+001 1 -1
  3.8127557373046875e+002 2.4258770751953125e+002 15.
  2.0500773620605469e+002 3.1375000000000000e+001 1 -1
  3.7453085327148437e+002 4.1891563415527344e+001
  2.0505306243896484e+001 1.1665721130371094e+002
