%YAML:1.0
---
recording:
   type: VideoRecording
   recordId: Action_20171122T133421
   channelId: main
   timeStamp: "131558312616000000"
   sessionTimestamp: "0"
   width: 0
   height: 0
   frameCount: 74
   fps: 2.9969999999999999e+001
   recordingType: 2000
   frameTransformRect: [ [ -1, -1 ], [ -1, -1 ], [ -1, -1 ], [ -1, -1 ] ]
   trackingMode: 1
   segments:
      - { startFrame:0, stopFrame:67, segmentType:1000, focusFrame:-1,
          focusPoint:{ values:[ -1., -1. ], type:Vector2 }, isFragment:0 }
   framesRelTs: [ "0", "1150000", "1830000", "3520000", "4000000",
       "5440000", "5870000", "7170000", "7890000", "8770000", "9760000",
       "10720000", "11660000", "12750000", "13770000", "14680000",
       "15640000", "16640000", "17720000", "18680000", "19620000",
       "20610000", "21820000", "22650000", "23660000", "24720000",
       "25680000", "26680000", "27660000", "28650000", "29570000",
       "30660000", "31830000", "32590000", "33590000", "34660000",
       "35880000", "36720000", "37570000", "38930000", "39680000",
       "40560000", "41560000", "42690000", "43670000", "44590000",
       "45550000", "46640000", "47650000", "48740000", "49540000",
       "50700000", "51810000", "52590000", "53540000", "54650000",
       "55890000", "56650000", "57820000", "58680000", "59720000",
       "60600000", "61560000", "62690000", "63730000", "64800000",
       "65690000", "66770000", "67680000", "68580000", "69720000",
       "70660000", "71620000", "73570000" ]
   chunks:
      - { path:"Recordings/Action_20171122T133421/recording.avi",
          startFrameIdx:0 }
