<?xml version="1.0"?>
<opencv_storage>
<keyPoints>
  2.8147497558593750e+002 4.6582302093505859e+001
  1.5500000000000000e+001 3.0676800537109375e+002
  1.5433331298828125e+002 0 -1 3.9862200927734375e+002
  4.6927585601806641e+001 1.4359224319458008e+001
  3.0730215454101562e+002 1.3096240234375000e+002 0 -1
  2.7938366699218750e+002 5.2621494293212891e+001
  1.3457997322082520e+001 7.6793266296386719e+001
  4.8791168212890625e+001 0 -1 3.9737783813476562e+002
  8.2645996093750000e+001 1.6105262756347656e+001
  3.4825842285156250e+002 1.2278948974609375e+002 0 -1
  1.8898812866210937e+002 1.0219087219238281e+002
  1.5603492736816406e+001 2.6179461669921875e+002
  3.7932815551757813e+001 0 -1 1.9209175109863281e+002
  1.0739462280273437e+002 1.4842105865478516e+001
  2.5135762023925781e+002 5.0263168334960938e+001 0 -1
  4.0694638061523437e+002 1.0732992553710937e+002
  1.3375000000000000e+001 2.7240939331054687e+002
  5.7260421752929687e+001 0 -1 4.0506634521484375e+002
  1.0749279785156250e+002 1.4720930099487305e+001
  2.6656005859375000e+002 5.7421508789062500e+001 0 -1
  2.4960656738281250e+002 1.1815211486816406e+002
  1.3909090042114258e+001 3.4816268920898437e+002
  3.2113639831542969e+001 0 -1 3.2139727783203125e+002
  1.2341602325439453e+002 1.6897172927856445e+001
  2.4195585250854492e+001 6.6363540649414062e+001 0 -1
  2.4844424438476562e+002 1.7529943847656250e+002
  1.4066667556762695e+001 7.4630370140075684e+000
  5.2669448852539062e+001 0 -1 4.9786004638671875e+002
  1.7918013000488281e+002 1.3421052932739258e+001
  1.9001480102539062e+002 6.5598693847656250e+001 0 -1
  3.4224395751953125e+002 2.1921499633789063e+002
  1.2157894134521484e+001 9.6194763183593750e+001
  3.1006576538085937e+001 0 -1 3.6363397216796875e+002
  2.3252256774902344e+002 15. 2.1997630310058594e+002
  3.2375000000000000e+001 0 -1 3.6412945556640625e+002
  2.8924807739257812e+002 1.5598219871520996e+001
  1.1592735290527344e+002 6.3117660522460938e+001 0 -1
  3.1593542480468750e+002 3.1710958862304688e+002
  1.2642857551574707e+001 3.1222875976562500e+002
  3.2160713195800781e+001 0 -1 3.2091928100585937e+002
  3.1792510986328125e+002 1.3559999465942383e+001
  3.2166973876953125e+002 3.4845001220703125e+001 0 -1
  3.1632147216796875e+002 3.2161911010742187e+002
  1.3559999465942383e+001 3.1776138305664062e+002
  8.1690002441406250e+001 0 -1 3.1871124267578125e+002
  3.2236669921875000e+002 1.3664125442504883e+001
  3.2043957519531250e+002 7.5226562500000000e+001 0 -1
  2.8082196044921875e+002 4.6428581237792969e+001
  2.0666059494018555e+001 3.1448190307617187e+002
  1.6248565673828125e+002 1 -1 3.9752258300781250e+002
  4.6989700317382813e+001 2.0755924224853516e+001
  2.7932543945312500e+002 1.3286889648437500e+002 1 -1
  1.6069207763671875e+002 1.0196007537841797e+002
  2.1012798309326172e+001 4.3688575744628906e+001
  4.9077804565429687e+001 1 -1 1.8894277954101562e+002
  1.0250291442871094e+002 1.7990015029907227e+001
  2.6090432739257812e+002 3.6193367004394531e+001 1 -1
  1.9232987976074219e+002 1.0861633300781250e+002
  1.9014762878417969e+001 2.4698393249511719e+002
  5.8363357543945312e+001 1 -1 2.9349975585937500e+002
  1.0829089355468750e+002 1.9751474380493164e+001
  2.3123007202148437e+002 4.8819015502929688e+001 1 -1
  1.5582099914550781e+002 1.5917678833007812e+002
  2.1885086059570312e+001 2.7439025878906250e+002
  6.5028717041015625e+001 1 -1 1.6850000000000000e+002
  1.6850000000000000e+002 24. 2.9265585327148437e+002
  6.7888885498046875e+001 1 -1 2.4767663574218750e+002
  1.7537155151367187e+002 1.6869064331054688e+001
  1.7812725067138672e+001 5.5145740509033203e+001 1 -1
  2.0510113525390625e+002 1.9352400207519531e+002
  1.7882522583007813e+001 3.1181787109375000e+002
  4.4005981445312500e+001 1 -1 2.1093594360351562e+002
  1.9507543945312500e+002 1.9956521987915039e+001
  3.1476025390625000e+002 3.9222824096679688e+001 1 -1
  3.6789978027343750e+002 2.3239401245117187e+002
  2.2137163162231445e+001 2.7710449218750000e+002
  6.5598014831542969e+001 1 -1 2.8110565185546875e+002
  4.6669227600097656e+001 2.1579923629760742e+001
  3.5563449096679688e+002 1.5957577514648437e+002 2 -1
  2.2932247924804687e+002 5.5308982849121094e+001
  2.8093959808349609e+001 3.2807211303710938e+002
  7.1109924316406250e+001 2 -1 2.0331072998046875e+002
  5.5242111206054688e+001 2.8938796997070313e+001
  3.2421804809570312e+002 5.7830829620361328e+001 2 -1
  2.4612307739257812e+002 8.3662361145019531e+001
  2.4883604049682617e+001 1.7035799026489258e+001
  1.9863743591308594e+002 2 -1 3.9723492431640625e+002
  8.3984954833984375e+001 2.6821071624755859e+001
  2.5035507202148437e+002 1.8115946960449219e+002 2 -1
  2.1267697143554687e+002 1.0057632446289062e+002
  2.6040000915527344e+001 3.3590948486328125e+002
  4.1481670379638672e+001 2 -1 1.8886334228515625e+002
  1.0304258728027344e+002 27. 3.4798275756835937e+002
  3.4250000000000000e+001 2 -1 4.0570486450195312e+002
  1.0760498809814453e+002 2.2058822631835937e+001
  2.7276940917968750e+002 5.4889709472656250e+001 2 -1
  1.9275000000000000e+002 1.0875000000000000e+002 18.
  2.4665765380859375e+002 53. 2 -1 2.9250000000000000e+002 112. 36.
  2.3991555786132812e+002 59. 2 -1 2.4795109558105469e+002
  1.1893010711669922e+002 2.4915590286254883e+001
  3.5485372924804687e+002 3.9068698883056641e+001 2 -1
  3.6837567138671875e+002 1.1879415893554687e+002
  2.3783870697021484e+001 2.1417138671875000e+002
  4.1004196166992188e+001 2 -1 319. 121. 36. 1.5335893630981445e+001
  8.9444335937500000e+001 2 -1 3.6724511718750000e+002
  1.4411613464355469e+002 2.7498832702636719e+001
  1.1783802795410156e+002 1.8914318847656250e+002 2 -1
  1.6932476806640625e+002 1.6876826477050781e+002
  2.5415229797363281e+001 2.9295834350585937e+002
  6.7273040771484375e+001 2 -1 1.7682933044433594e+002
  1.7133084106445312e+002 2.8411766052246094e+001
  2.9909445190429687e+002 5.1531864166259766e+001 2 -1
  3.6818847656250000e+002 1.7534796142578125e+002
  2.5054615020751953e+001 7.2205192565917969e+001
  5.3084339141845703e+001 2 -1 4.9768258666992187e+002
  1.7950869750976563e+002 2.4694713592529297e+001
  1.8269084167480469e+002 6.3140258789062500e+001 2 -1
  2.0625000000000000e+002 1.9425000000000000e+002 18.
  3.1224496459960937e+002 4.2666992187500000e+001 2 -1
  2.4644624328613281e+002 2.3252232360839844e+002
  2.0937046051025391e+001 3.3232089233398438e+002
  3.8732177734375000e+001 2 -1 3.6795510864257813e+002
  2.3193710327148437e+002 2.4912361145019531e+001
  2.7535577392578125e+002 6.7368843078613281e+001 2 -1
  3.6724511718750000e+002 2.5816159057617187e+002
  2.8331836700439453e+001 2.5549108886718750e+002
  1.9984867858886719e+002 2 -1 3.6693289184570312e+002
  2.8871664428710937e+002 2.8087173461914063e+001
  9.1290924072265625e+001 8.3091644287109375e+001 2 -1
  3.1664929199218750e+002 3.2178823852539062e+002
  2.3175355911254883e+001 3.2784466552734375e+002
  6.6083038330078125e+001 2 -1 2.2863876342773437e+002
  5.5204299926757812e+001 3.1638069152832031e+001
  2.1064416885375977e+001 7.0662582397460938e+001 3 -1
  2.0226577758789062e+002 5.6547569274902344e+001
  3.5636699676513672e+001 4.0390304565429687e+001
  6.0005855560302734e+001 3 -1 3.9730712890625000e+002
  8.4441345214843750e+001 24. 2.5163613891601562e+002
  1.7868847656250000e+002 3 -1 2.9523797607421875e+002
  1.1322836303710937e+002 3.9428569793701172e+001
  3.2416525268554687e+002 6.3571426391601563e+001 3 -1
  4.0895339965820312e+002 1.1205994415283203e+002
  3.5333332061767578e+001 3.3625668334960937e+002
  3.5055572509765625e+001 3 -1 1.9523217773437500e+002
  1.1634762573242187e+002 4.3308162689208984e+001
  2.3639760971069336e+001 5.8980895996093750e+001 3 -1
  4.1750000000000000e+002 1.1750000000000000e+002 48.
  2.8859239578247070e+001 7.4444442749023438e+001 3 -1
  4.1742907714843750e+002 1.2156005859375000e+002
  4.7103996276855469e+001 3.3191146850585938e+001
  9.2512786865234375e+001 3 -1 2.4426101684570312e+002
