<?xml version="1.0"?>
<opencv_storage>
<keyPoints>
  2.6744943237304687e+002 2.5435783386230469e+001
  1.5375272750854492e+001 8.9394638061523438e+001
  3.7651603698730469e+001 0 -1 2.7145828247070312e+002
  2.5340440750122070e+001 1.4473203659057617e+001
  8.9573516845703125e+001 3.7328292846679687e+001 0 -1
  3.1041763305664062e+002 2.6367284774780273e+001
  1.2444444656372070e+001 8.6364830017089844e+001
  5.4148147583007813e+001 0 -1 3.1464117431640625e+002
  2.6756774902343750e+001 1.1108108520507813e+001
  8.0653396606445312e+001 3.4408782958984375e+001 0 -1
  4.1104055786132812e+002 2.7023017883300781e+001
  1.1833433151245117e+001 8.7257324218750000e+001
  4.4024620056152344e+001 0 -1 2.6706921386718750e+002
  2.7916124343872070e+001 1.3661090850830078e+001
  8.9050323486328125e+001 6.3022567749023438e+001 0 -1
  3.8876461791992187e+002 2.7456327438354492e+001
  1.6241552352905273e+001 9.4542671203613281e+001
  4.6154266357421875e+001 0 -1 3.9157562255859375e+002
  2.7713039398193359e+001 1.3655172348022461e+001
  9.4806777954101563e+001 6.2206893920898438e+001 0 -1
  4.1590588378906250e+002 2.7589570999145508e+001
  1.2789522171020508e+001 8.5195800781250000e+001
  3.2219322204589844e+001 0 -1 2.2587313842773437e+002
  2.9235540390014648e+001 1.3177697181701660e+001
  9.4204788208007813e+001 4.4704566955566406e+001 0 -1
  2.7546630859375000e+002 2.9442958831787109e+001
  1.3982223510742188e+001 9.4124259948730469e+001
  3.7857559204101563e+001 0 -1 2.5965469360351562e+002
  2.9808935165405273e+001 1.1678571701049805e+001
  8.4951293945312500e+001 3.8080352783203125e+001 0 -1
  4.1403527832031250e+002 2.9929870605468750e+001
  1.1399999618530273e+001 8.2460037231445312e+001
  3.4199996948242188e+001 0 -1 4.1892306518554687e+002
  3.1740198135375977e+001 1.2359999656677246e+001
  7.9663627624511719e+001 3.2044998168945313e+001 0 -1
  3.7456185913085937e+002 4.1657886505126953e+001
  1.4632653236389160e+001 1.9756285095214844e+002
  6.3716842651367188e+001 0 -1 3.9731463623046875e+002
  4.4754570007324219e+001 1.6103446960449219e+001
  3.1139135742187500e+002 1.4734625244140625e+002 0 -1
  2.8334329223632812e+002 4.9651870727539063e+001
  1.4513513565063477e+001 2.3460144042968750e+001
  4.6246627807617187e+001 0 -1 2.3037982177734375e+002
  5.4577175140380859e+001 15. 1.0179195404052734e+001
  6.0375000000000000e+001 0 -1 2.5087110900878906e+002
  8.0867675781250000e+001 1.3584049224853516e+001
  3.3743661499023437e+002 3.4694129943847656e+001 0 -1
  3.1151947021484375e+002 8.5324264526367188e+001
  1.4760000228881836e+001 2.6771316528320312e+002
  6.5290008544921875e+001 0 -1 4.0187481689453125e+002
  8.5767707824707031e+001 1.2947368621826172e+001
  1.0800836563110352e+001 4.2473678588867188e+001 0 -1
  1.9042752075195312e+002 1.0191283416748047e+002
  1.1425901412963867e+001 2.4601239013671875e+002
  3.4820281982421875e+001 0 -1 2.1580052185058594e+002
  1.0163509368896484e+002 1.2800001144409180e+001
  2.8093768310546875e+002 5.3533340454101563e+001 0 -1
  3.9482891845703125e+002 1.0295687866210937e+002
  1.1769230842590332e+001 2.5520788574218750e+002
  3.3028846740722656e+001 0 -1 4.2050878906250000e+002
  1.0411764526367187e+002 1.5352941513061523e+001
  2.9785760498046875e+002 3.9654411315917969e+001 0 -1
  2.1129020690917969e+002 1.0534513092041016e+002
  1.2500000000000000e+001 2.7412619018554687e+002
  3.5125000000000000e+001 0 -1 1.9198205566406250e+002
  1.0655747222900391e+002 1.5605469703674316e+001
  2.3143150329589844e+002 1.2336392211914063e+002 0 -1
  2.0478057861328125e+002 1.0832059478759766e+002
  1.3745454788208008e+001 2.6710766601562500e+002
  3.4777839660644531e+001 0 -1 1.9871087646484375e+002
  1.0955284118652344e+002 1.5168848037719727e+001
  2.4256341552734375e+002 3.6372589111328125e+001 0 -1
  2.0826412963867187e+002 1.0939916229248047e+002
  1.4666666030883789e+001 2.8176614379882812e+002
  3.7555557250976562e+001 0 -1 2.4666928100585937e+002
  1.1203189086914062e+002 1.3702701568603516e+001
  2.9046179199218750e+002 4.6489868164062500e+001 0 -1
  2.4637736511230469e+002 1.1748578643798828e+002
  1.6297201156616211e+001 3.0293246459960937e+002
  5.1326370239257813e+001 0 -1 4.2220373535156250e+002
  1.2336184692382812e+002 1.4744680404663086e+001
  3.8399497985839844e+001 7.6917556762695312e+001 0 -1
  2.4625000000000000e+002 1.6975000000000000e+002 18.
  5.5722915649414062e+001 5.4333007812500000e+001 0 -1
  4.9705996704101562e+002 1.7658070373535156e+002
  1.4152940750122070e+001 1.9181640625000000e+002
  1.2247207641601562e+002 0 -1 4.9163867187500000e+002
  1.7952362060546875e+002 1.3965517044067383e+001
  1.7630024719238281e+002 4.3556030273437500e+001 0 -1
  2.4245394897460937e+002 2.2759300231933594e+002
  1.3872028350830078e+001 2.6623718261718750e+002
  3.4826873779296875e+001 0 -1 368. 2.5675000000000000e+002 18.
  3.0651791381835937e+002 112. 0 -1 2.4687828063964844e+002
  2.8238668823242187e+002 1.3312500000000000e+001
  3.1116522216796875e+002 3.6765625000000000e+001 0 -1
  3.6716229248046875e+002 2.8378094482421875e+002
  1.6989326477050781e+001 5.5533885955810547e+001
  4.7298568725585938e+001 0 -1 2.4064242553710937e+002
  2.8480209350585937e+002 12. 1.9644934082031250e+002 53. 0 -1
  2.4546006774902344e+002 2.8511447143554687e+002
  1.4400000572204590e+001 3.0101269531250000e+002
  5.9400001525878906e+001 0 -1 2.9120046997070312e+002
  3.2017953491210937e+002 1.1399999618530273e+001
  3.2266928100585937e+002 3.8074996948242188e+001 0 -1
  2.9229586791992187e+002 3.2153021240234375e+002
  1.3846153259277344e+001 3.4923916625976562e+002
  5.8230766296386719e+001 0 -1 3.1838363647460938e+002
  3.2165158081054687e+002 1.4023255348205566e+001
  2.4266090393066406e+001 8.0444763183593750e+001 0 -1
  3.4951336669921875e+002 3.0094219207763672e+001
  1.5307949066162109e+001 9.1398231506347656e+001
  3.0530500411987305e+001 1 -1 3.7408331298828125e+002
  4.1563434600830078e+001 1.9176992416381836e+001
  1.2689532470703125e+002 6.3019680023193359e+001 1 -1
  2.7568783569335938e+002 4.8899696350097656e+001
  2.0250000000000000e+001 1.4259973144531250e+002
  7.1562500000000000e+001 1 -1 2.4555075073242187e+002
  8.2277366638183594e+001 24. 3.5819421386718750e+002
  1.7745800781250000e+002 1 -1 3.1126354980468750e+002
  8.4859497070312500e+001 1.8520656585693359e+001
  2.7503814697265625e+002 6.7373687744140625e+001 1 -1
  2.0725000000000000e+002 1.0650000000000000e+002 24.
  2.8178381347656250e+002 43. 1 -1 2.1936787414550781e+002
  1.0650000000000000e+002 24. 3.1977166748046875e+002
  9.0855468750000000e+001 1 -1 4.2050000000000000e+002
  1.0650000000000000e+002 24. 3.2408053588867187e+002
  9.4666992187500000e+001 1 -1 2.0491004943847656e+002
  1.0901626586914062e+002 1.9909091949462891e+001
  2.7102960205078125e+002 4.5113632202148438e+001 1 -1
  3.0139932250976562e+002 1.0929134368896484e+002
  1.9946119308471680e+001 2.5327905273437500e+002
  6.8395843505859375e+001 1 -1 3.0935992431640625e+002
  1.0945060729980469e+002 1.8696460723876953e+001
  2.8742315673828125e+002 6.1251495361328125e+001 1 -1
  3.6775000000000000e+002 1.1596656799316406e+002
  2.0040578842163086e+001 2.0848683166503906e+002
  8.4042388916015625e+001 1 -1 4.9110223388671875e+002
  1.2455166625976562e+002 1.7307693481445313e+001
  1.8217337036132812e+002 4.9173080444335938e+001 1 -1
  2.4625000000000000e+002 1.7084356689453125e+002
  1.9508529663085937e+001 5.9807128906250000e+001
  6.5834442138671875e+001 1 -1 3.6742098999023437e+002
  1.7226660156250000e+002 2.2408454895019531e+001
  7.6847778320312500e+001 8.8409255981445312e+001 1 -1
  4.9665112304687500e+002 1.7686758422851562e+002
  1.8723320007324219e+001 1.8286123657226562e+002
  1.1711490631103516e+002 1 -1 4.9154003906250000e+002
  1.7958152770996094e+002 1.6227342605590820e+001
  1.7906710815429687e+002 4.3658393859863281e+001 1 -1
  2.4537939453125000e+002 2.8577886962890625e+002
  2.0854576110839844e+001 3.2894869995117187e+002
