%YAML:1.0
---
recording:
   type: VideoRecording
   recordId: Action_20180109T115516
   channelId: main
   timeStamp: "131599725169490000"
   sessionTimestamp: "0"
   width: 0
   height: 0
   frameCount: 164
   fps: 2.9969999999999999e+001
   recordingType: 2000
   frameTransformRect: [ [ -1, -1 ], [ -1, -1 ], [ -1, -1 ], [ -1, -1 ] ]
   trackingMode: 0
   segments:
      - { startFrame:33, stopFrame:121, segmentType:2000, focusFrame:-1,
          focusPoint:{ values:[ -1., -1. ], type:Vector2 }, isFragment:0 }
      - { startFrame:0, stopFrame:157, segmentType:1000, focusFrame:-1,
          focusPoint:{ values:[ -1., -1. ], type:Vector2 }, isFragment:0 }
   framesRelTs: [ "0", "270000", "520000", "840000", "1350000",
       "1550000", "1980000", "2290000", "2610000", "2940000", "3270000",
       "3590000", "3930000", "4260000", "4580000", "4910000", "5260000",
       "5570000", "5900000", "6220000", "6540000", "6880000", "7210000",
       "7530000", "7850000", "8190000", "8500000", "8830000", "9170000",
       "9480000", "9820000", "10150000", "10470000", "10800000",
       "11120000", "11450000", "11780000", "12100000", "12430000",
       "12760000", "13070000", "13410000", "13750000", "14080000",
       "14400000", "14730000", "15040000", "15380000", "15700000",
       "16010000", "16350000", "16670000", "17000000", "17320000",
       "17660000", "17990000", "18310000", "18640000", "18980000",
       "19290000", "19620000", "19950000", "20260000", "20590000",
       "20920000", "21250000", "21570000", "21900000", "22240000",
       "22550000", "22870000", "23210000", "23530000", "23870000",
       "24190000", "24510000", "24850000", "25160000", "25480000",
       "25790000", "26120000", "26460000", "26770000", "27100000",
       "27440000", "27760000", "28080000", "28420000", "28730000",
       "29060000", "29400000", "29710000", "30040000", "30360000",
       "30700000", "31010000", "31330000", "31650000", "31970000",
       "32300000", "32630000", "32960000", "33300000", "33630000",
       "33940000", "34280000", "34670000", "34950000", "35260000",
       "35580000", "35910000", "36240000", "36580000", "36920000",
       "37240000", "37570000", "37890000", "38220000", "38540000",
       "38860000", "39200000", "39520000", "39850000", "40170000",
       "40500000", "40830000", "41170000", "41490000", "41820000",
       "42140000", "42470000", "42780000", "43110000", "43440000",
       "43760000", "44090000", "44420000", "44760000", "45070000",
       "45410000", "45720000", "46050000", "46370000", "46700000",
       "47020000", "47350000", "47830000", "48150000", "48480000",
       "48810000", "49130000", "49460000", "49770000", "50100000",
       "50450000", "50770000", "51090000", "51430000", "51760000",
       "52080000", "52410000", "52730000", "53060000", "53590000" ]
   chunks:
      - { path:"Recordings/Action_20180109T115516/recording.avi",
          startFrameIdx:0 }
