<?xml version="1.0"?>
<opencv_storage>
<keyPoints>
  2.8146630859375000e+002 4.6626018524169922e+001
  1.5717391967773437e+001 3.0055560302734375e+002
  1.5265762329101562e+002 0 -1 3.9857000732421875e+002
  4.6980937957763672e+001 1.4750000000000000e+001
  3.0682901000976562e+002 1.2908331298828125e+002 0 -1
  2.7931698608398437e+002 5.2562538146972656e+001
  1.4568733215332031e+001 7.6848815917968750e+001
  4.6774398803710937e+001 0 -1 3.9729382324218750e+002
  8.2710510253906250e+001 1.6729124069213867e+001
  4.8670562744140625e+001 1.1839456176757812e+002 0 -1
  2.4741999816894531e+002 8.3917900085449219e+001 15.
  2.3854549407958984e+001 1.6612500000000000e+002 0 -1
  1.9236453247070312e+002 1.0735662078857422e+002
  1.4199998855590820e+001 2.5646612548828125e+002
  5.2024993896484375e+001 0 -1 2.0049418640136719e+002
  1.0692008209228516e+002 1.1693878173828125e+001
  2.8668725585937500e+002 3.6063766479492188e+001 0 -1
  2.0346871948242187e+002 1.0660578155517578e+002
  1.1319484710693359e+001 2.9471438598632812e+002
  4.0593086242675781e+001 0 -1 4.0703262329101562e+002
  1.0736402893066406e+002 1.3434782981872559e+001
  2.7120169067382812e+002 5.5315231323242187e+001 0 -1
  4.0486608886718750e+002 1.0754788208007812e+002
  1.3914285659790039e+001 2.6497409057617187e+002
  6.2672027587890625e+001 0 -1 2.2046293640136719e+002
  1.1748670959472656e+002 1.4727272987365723e+001
  3.4049386596679687e+002 3.3272727966308594e+001 0 -1
  3.2147546386718750e+002 1.2349232482910156e+002
  1.6408046722412109e+001 2.4592014312744141e+001
  6.7305984497070312e+001 0 -1 2.3830439758300781e+002
  1.5482443237304687e+002 1.4625000000000000e+001
  3.5784140014648437e+002 4.6062500000000000e+001 0 -1
  2.5001148986816406e+002 1.5502841186523437e+002 13.
  3.5842370241880417e-002 3.1458335876464844e+001 0 -1
  3.6152523803710938e+002 1.5597656250000000e+002
  1.3764705657958984e+001 1.6971463012695312e+002
  4.3470596313476563e+001 0 -1 4.9780572509765625e+002
  1.7931561279296875e+002 1.3888889312744141e+001
  1.8969903564453125e+002 6.3675918579101563e+001 0 -1 243.
  1.9671064758300781e+002 1.7557277679443359e+001
  2.9844366455078125e+002 1.0410433959960937e+002 0 -1
  2.4325000000000000e+002 1.9675000000000000e+002 18.
  3.0357354736328125e+002 1.1544433593750000e+002 0 -1
  3.6775000000000000e+002 1.9675000000000000e+002 18.
  2.7327755737304687e+002 7.6666992187500000e+001 0 -1
  3.6968350219726562e+002 1.9648046875000000e+002
  1.5376337051391602e+001 2.9839236450195312e+002
  5.5767471313476562e+001 0 -1 2.3737835693359375e+002
  1.9642289733886719e+002 1.4130105972290039e+001
  2.1058338928222656e+002 6.4889556884765625e+001 0 -1
  2.4837643432617187e+002 1.9664746093750000e+002
  1.3361904144287109e+001 3.3680911254882812e+002
  8.8090667724609375e+001 0 -1 3.6296743774414062e+002
  1.9761053466796875e+002 1.3356164932250977e+001
  2.0711366271972656e+002 7.5864715576171875e+001 0 -1
  2.3795843505859375e+002 1.9925018310546875e+002
  1.2359999656677246e+001 1.8225595092773437e+002
  6.4089996337890625e+001 0 -1 2.3232922363281250e+002
  2.0111201477050781e+002 1.4688386917114258e+001
  1.6772474670410156e+002 3.9419250488281250e+001 0 -1
  2.3908959960937500e+002 2.0210002136230469e+002
  1.1693878173828125e+001 1.3578443908691406e+002
  6.7127532958984375e+001 0 -1 2.4727166748046875e+002
  2.0214190673828125e+002 1.1850000381469727e+001
  3.6963233947753906e+001 6.8025009155273438e+001 0 -1
  2.4451411437988281e+002 2.0391987609863281e+002
  1.2989402770996094e+001 6.5025810241699219e+001
  7.2145782470703125e+001 0 -1 3.6260888671875000e+002
  2.0445388793945312e+002 1.4121950149536133e+001
  1.3819432067871094e+002 3.9564025878906250e+001 0 -1
  3.7049716186523437e+002 2.0467388916015625e+002
  1.1703199386596680e+001 6.5762855529785156e+001
  4.1831359863281250e+001 0 -1 3.7449746704101562e+002
  2.0481243896484375e+002 1.3186046600341797e+001
  3.9407939910888672e+001 3.7840118408203125e+001 0 -1
  2.3857882690429688e+002 2.7152932739257812e+002
  1.4173225402832031e+001 1.2564295196533203e+002
  3.4915657043457031e+001 0 -1 2.4899153137207031e+002
  2.7160104370117187e+002 1.4108318328857422e+001
  8.8643331527709961e+000 3.3066917419433594e+001 0 -1
  3.6200903320312500e+002 2.7207263183593750e+002
  1.3799999237060547e+001 1.5657818603515625e+002
  4.6800003051757813e+001 0 -1 3.7354528808593750e+002
  2.7188696289062500e+002 1.3645160675048828e+001
  1.0824773788452148e+001 3.7165321350097656e+001 0 -1
  2.9043148803710937e+002 3.1717895507812500e+002
  1.3909090042114258e+001 2.3399060058593750e+002
  3.2113639831542969e+001 0 -1 3.1570428466796875e+002
  3.1748989868164062e+002 1.3418828964233398e+001
  2.1818522644042969e+002 3.2395942687988281e+001 0 -1
  3.2079135131835937e+002 3.1805929565429687e+002
  1.3636363983154297e+001 3.4602493286132813e+002
  3.4818183898925781e+001 0 -1 2.9118701171875000e+002
  3.2186648559570312e+002 1.3730768203735352e+001
  8.6096069335937500e+001 7.2163452148437500e+001 0 -1
  2.9337857055664062e+002 3.2235034179687500e+002
  1.2709090232849121e+001 6.3368396759033203e+001
  7.5384094238281250e+001 0 -1 3.1648956298828125e+002
  3.2163418579101562e+002 1.4111111640930176e+001
  1.0233919525146484e+002 6.0671302795410156e+001 0 -1
  3.1886828613281250e+002 3.2240298461914062e+002 14.
  7.1292961120605469e+001 8.3666656494140625e+001 0 -1
  2.8085128784179687e+002 4.6489856719970703e+001
  2.1029754638671875e+001 3.0970751953125000e+002
  1.6143940734863281e+002 1 -1 3.9759082031250000e+002
  4.7044410705566406e+001 2.0728805541992187e+001
  2.8102005004882812e+002 1.3422781372070312e+002 1 -1
  1.6079855346679687e+002 1.0223838806152344e+002 21.
  6.1160301208496094e+001 5.5179931640625000e+001 1 -1
  1.8896142578125000e+002 1.0252742767333984e+002
  1.7503343582153320e+001 2.6936489868164062e+002
  3.9518558502197266e+001 1 -1 1.9219464111328125e+002
  1.0845404815673828e+002 1.7674724578857422e+001
  2.5167242431640625e+002 5.9039779663085938e+001 1 -1
  2.9350653076171875e+002 1.0830280303955078e+002
  1.9353698730468750e+001 2.2949656677246094e+002
  4.8463790893554687e+001 1 -1 2.4538513183593750e+002
  1.1304418945312500e+002 1.9557235717773438e+001
  3.2960632324218750e+001 3.8809432983398438e+001 1 -1
  2.4346670532226562e+002 1.1477494812011719e+002 21.
  2.5182250976562500e+001 3.9750000000000000e+001 1 -1
  2.3826684570312500e+002 1.5437295532226562e+002 15.
  3.4931726074218750e+002 4.3875000000000000e+001 1 -1
  2.4102233886718750e+002 1.7126544189453125e+002
  1.8770696640014648e+001 3.0012374877929687e+002
  4.0348815917968750e+001 1 -1 3.6545486450195312e+002
  1.7249246215820312e+002 1.8351593017578125e+001
  2.6678805541992187e+002 3.9342788696289063e+001 1 -1
  4.9767449951171875e+002 1.7922068786621094e+002 21.
  1.8266749572753906e+002 5.2069458007812500e+001 1 -1
  3.6289721679687500e+002 1.9753033447265625e+002
  1.2871671676635742e+001 2.0894650268554687e+002
  6.7628173828125000e+001 1 -1 3.7409149169921875e+002
  1.9696878051757812e+002 1.5363636016845703e+001
  3.3556637573242187e+002 6.2185607910156250e+001 1 -1
  3.5806674194335937e+002 1.9891819763183594e+002
  1.8061437606811523e+001 1.8386509704589844e+002
  1.1213682556152344e+002 1 -1 2.3682835388183594e+002
  2.0408799743652344e+002 1.7500000000000000e+001
  1.2900994873046875e+002 3.3083328247070313e+001 1 -1
  2.4268296813964844e+002 2.0362469482421875e+002
  1.8215488433837891e+001 7.6475051879882812e+001
  1.0993983459472656e+002 1 -1 3.6265625000000000e+002
  2.0499407958984375e+002 1.6525588989257813e+001
  1.3304505920410156e+002 3.6875793457031250e+001 1 -1
  3.7441058349609375e+002 2.0518103027343750e+002
  1.4927829742431641e+001 3.8765605926513672e+001
  3.5426506042480469e+001 1 -1 2.4106037902832031e+002
  2.2945826721191406e+002 1.9141485214233398e+001
  2.7708763122558594e+001 4.4771331787109375e+001 1 -1
  3.7088348388671875e+002 2.7189202880859375e+002
