%YAML:1.0
---
recording:
   type: VideoRecording
   recordId: Action_20171122T091416
   channelId: main
   timeStamp: "131558156567920000"
   sessionTimestamp: "0"
   width: -1
   height: -1
   frameCount: 84
   fps: 2.9969999999999999e+001
   recordingType: 2000
   frameTransformRect: [ [ -1, -1 ], [ -1, -1 ], [ -1, -1 ], [ -1, -1 ] ]
   trackingMode: 1
   segments:
      - { startFrame:0, stopFrame:77, segmentType:1000, focusFrame:-1,
          focusPoint:{ values:[ -1., -1. ], type:Vector2 }, isFragment:0 }
   framesRelTs: [ "0", "620000", "1260000", "2710000", "3300000",
       "4660000", "5290000", "5960000", "6540000", "7290000", "7890000",
       "8820000", "9530000", "10290000", "10940000", "11530000",
       "12370000", "13030000", "13770000", "14390000", "15360000",
       "16230000", "16940000", "17570000", "18140000", "18730000",
       "19360000", "19910000", "20450000", "21060000", "21730000",
       "22360000", "22970000", "23650000", "24230000", "25040000",
       "25660000", "26290000", "26910000", "27530000", "28090000",
       "28650000", "29230000", "29950000", "30600000", "31330000",
       "31870000", "32490000", "33090000", "33690000", "34240000",
       "34740000", "35560000", "36120000", "36700000", "37270000",
       "37900000", "38430000", "39110000", "39710000", "40300000",
       "40820000", "41540000", "42230000", "42840000", "43560000",
       "44160000", "44760000", "45460000", "46020000", "46620000",
       "47210000", "47780000", "48340000", "48960000", "49530000",
       "50110000", "50750000", "51380000", "52040000", "52700000",
       "53370000", "54010000", "54630000" ]
   chunks:
      - { path:"Recordings/Action_20171122T091416/recording.avi",
          startFrameIdx:0 }
