<?xml version="1.0"?>
<opencv_storage>
<keyPoints>
  2.6679812622070312e+002 2.8461601257324219e+001 15.
  9.0259284973144531e+001 3.7875000000000000e+001 0 -1
  4.4125000000000000e+002 4.6750000000000000e+001 18.
  2.7857485961914062e+002 5.5333007812500000e+001 0 -1
  3.9872988891601562e+002 4.7479118347167969e+001
  1.3611110687255859e+001 3.8048271179199219e+001
  1.3089352416992187e+002 0 -1 2.7919744873046875e+002
  5.2933238983154297e+001 1.3799999237060547e+001
  7.8129531860351563e+001 4.3349998474121094e+001 0 -1
  4.2975576782226562e+002 6.2463130950927734e+001
  1.3925373077392578e+001 2.1596835327148437e+002
  8.7449615478515625e+001 0 -1 4.4270242309570312e+002
  6.2579673767089844e+001 1.3444444656372070e+001
  2.6209619522094727e+001 3.9782409667968750e+001 0 -1
  2.0298484802246094e+002 7.2147705078125000e+001
  1.4319587707519531e+001 2.6734821319580078e+001
  1.2924871826171875e+002 0 -1 2.0327664184570312e+002
  7.6236137390136719e+001 1.3380000114440918e+001
  6.7501502990722656e+001 1.1964498901367187e+002 0 -1
  2.6597546386718750e+002 7.6474868774414062e+001
  1.3852165222167969e+001 3.0271597290039062e+002
  1.1835183715820313e+002 0 -1 2.3844940185546875e+002
  9.9497871398925781e+001 1.4437500000000000e+001
  7.4780853271484375e+001 3.7640625000000000e+001 0 -1
  4.7992544555664062e+002 1.3069596862792969e+002
  1.1343750000000000e+001 2.3183676147460937e+002
  4.7382812500000000e+001 0 -1 4.8974899291992187e+002
  1.3444119262695312e+002 1.3894737243652344e+001
  2.0112611770629883e+001 3.8894729614257813e+001 0 -1
  4.8055868530273437e+002 1.3619714355468750e+002
  1.2100486755371094e+001 1.0230722045898437e+002
  4.3006500244140625e+001 0 -1 2.4169564819335937e+002
  1.6497523498535156e+002 1.4530967712402344e+001
  1.9734463500976562e+002 3.2367965698242187e+001 0 -1
  2.3654689025878906e+002 1.6629804992675781e+002
  1.4436607360839844e+001 2.2046842956542969e+002
  3.9645523071289063e+001 0 -1 4.8153240966796875e+002
  1.7174923706054687e+002 1.2478261947631836e+001
  2.2756457519531250e+002 4.0219207763671875e+001 0 -1
  4.8450155639648437e+002 1.7211552429199219e+002
  1.0042486190795898e+001 2.5191638183593750e+002
  4.3531536102294922e+001 0 -1 4.8937020874023437e+002
  1.7268054199218750e+002 1.7254331588745117e+001
  3.4426480102539062e+002 1.6482330322265625e+002 0 -1
  4.7414047241210937e+002 1.7483213806152344e+002
  1.4274194717407227e+001 1.7324029541015625e+002
  1.6590728759765625e+002 0 -1 4.8690356445312500e+002
  1.7635046386718750e+002 1.2206895828247070e+001
  6.5679771423339844e+001 5.2034469604492188e+001 0 -1
  4.8259014892578125e+002 1.7791780090332031e+002
  1.1823529243469238e+001 1.0266226959228516e+002
  3.1022048950195313e+001 0 -1 4.8990573120117187e+002
  1.7746842956542969e+002 1.3924266815185547e+001
  4.6266235351562500e+001 7.6100402832031250e+001 0 -1
  4.9022610473632812e+002 2.2368627929687500e+002
  1.6540555953979492e+001 1.3100106239318848e+001
  1.4526733398437500e+002 0 -1 4.8591149902343750e+002
  2.2415101623535156e+002 1.3875000000000000e+001
  9.3574951171875000e+001 4.1781250000000000e+001 0 -1
  4.8261907958984375e+002 2.2750729370117187e+002
  1.2150000572204590e+001 1.1514372253417969e+002
  3.3012496948242187e+001 0 -1 4.8724304199218750e+002
  2.2692472839355469e+002 13. 7.5582733154296875e+001
  4.1500000000000000e+001 0 -1 4.8970495605468750e+002
  2.2942692565917969e+002 1.4893120765686035e+001
  6.3024532318115234e+001 7.4799652099609375e+001 0 -1
  2.6679812622070312e+002 2.8461603164672852e+001 15.
  9.0259300231933594e+001 3.5125000000000000e+001 1 -1
  2.8085241699218750e+002 4.6679058074951172e+001
  1.9580337524414063e+001 2.9469610595703125e+002
  1.5404165649414062e+002 1 -1 3.9778485107421875e+002
  4.7790485382080078e+001 24. 4.8613536834716797e+001
  1.2825755310058594e+002 1 -1 3.9625000000000000e+002
  4.6948020935058594e+001 1.9285713195800781e+001
  3.9721878051757813e+001 9.4321426391601563e+001 1 -1
  2.6623730468750000e+002 7.2989311218261719e+001 21.
  3.0824929809570312e+002 1.3033642578125000e+002 1 -1
  3.7839773559570312e+002 9.9319473266601562e+001
  2.1033880233764648e+001 3.2193447875976562e+002
  3.9050933837890625e+001 1 -1 4.7019805908203125e+002
  1.3361235046386719e+002 1.6335233688354492e+001
  1.7478283691406250e+002 1.6283187866210937e+002 1 -1
  2.3638505554199219e+002 1.6402651977539062e+002
  2.2572662353515625e+001 2.2137788391113281e+002
  5.0340423583984375e+001 1 -1 3.7619055175781250e+002
  1.6315248107910156e+002 2.1521694183349609e+001
  3.4360049438476562e+002 3.5944694519042969e+001 1 -1
  3.7837857055664062e+002 1.6594241333007812e+002
  2.0051952362060547e+001 3.4051367187500000e+002
  4.1697174072265625e+001 1 -1 4.7424554443359375e+002
  2.2371076965332031e+002 1.7012060165405273e+001
  1.6929670715332031e+002 1.5763224792480469e+002 1 -1
  4.8568103027343750e+002 2.2312768554687500e+002 21.
  5.6643917083740234e+001 4.2875000000000000e+001 1 -1
  2.3564877319335938e+002 2.2946348571777344e+002 24.
  8.5298645019531250e+001 3.7632812500000000e+001 1 -1
  4.8041455078125000e+002 2.2833154296875000e+002
  1.8583919525146484e+001 1.1712660980224609e+002
  3.0372711181640625e+001 1 -1 4.7912097167968750e+002
  2.6259744262695312e+002 1.9430252075195313e+001
  1.8082618713378906e+002 1.5776016235351562e+002 1 -1
  2.3536502075195312e+002 2.9787719726562500e+002
  1.9177190780639648e+001 8.6010124206542969e+001
  3.4116340637207031e+001 1 -1 3.7743075561523437e+002
  2.9834997558593750e+002 1.9312551498413086e+001
  6.5482009887695313e+001 3.1255233764648438e+001 1 -1
  4.4125070190429688e+002 4.7397888183593750e+001
  2.7870384216308594e+001 8.4961128234863281e+001
  7.0421607971191406e+001 2 -1 3.9778768920898437e+002
  4.7593948364257813e+001 2.2926404953002930e+001
  4.4771099090576172e+001 1.2395775604248047e+002 2 -1
  2.2932887268066406e+002 5.5513973236083984e+001
  2.8187305450439453e+001 3.1936587524414062e+002
  7.3424255371093750e+001 2 -1 2.0351612854003906e+002
  5.5445243835449219e+001 2.7810348510742187e+001
  2.9337182617187500e+002 6.4486473083496094e+001 2 -1
  4.2933901977539062e+002 6.3505691528320313e+001
  2.4714563369750977e+001 2.1023069763183594e+002
  9.0737022399902344e+001 2 -1 4.4147637939453125e+002
  6.1452217102050781e+001 2.8230102539062500e+001
  3.2278729248046875e+002 7.1806091308593750e+001 2 -1
  2.6648730468750000e+002 7.3239311218261719e+001 21.
  3.0897387695312500e+002 1.3208332824707031e+002 2 -1
  3.4572137451171875e+002 7.6360107421875000e+001
  2.8199998855590820e+001 1.5616571044921875e+002
  1.8481665039062500e+002 2 -1 4.2933761596679687e+002
  7.5986801147460938e+001 2.8078899383544922e+001
  9.6435371398925781e+001 8.4635993957519531e+001 2 -1
  2.3593704223632812e+002 9.7445121765136719e+001
  2.8158834457397461e+001 4.9588279724121094e+001
  4.9222991943359375e+001 2 -1 3.7857388305664062e+002
  9.9491912841796875e+001 21. 3.2043356323242187e+002
  3.6232501983642578e+001 2 -1 4.8593392944335937e+002
  1.3131227111816406e+002 2.6757720947265625e+001
  3.2299472045898437e+002 1.9439794921875000e+002 2 -1
  2.3576864624023437e+002 1.6376652526855469e+002
  2.6227119445800781e+001 5.3395378112792969e+001
  4.7865325927734375e+001 2 -1 3.7753250122070312e+002
  1.6378178405761719e+002 2.9243036270141602e+001
  3.2137350463867187e+002 4.0371280670166016e+001 2 -1
  4.8960998535156250e+002 1.7256925964355469e+002
  2.8136566162109375e+001 2.6287240600585937e+002
  1.8935652160644531e+002 2 -1 4.7576654052734375e+002
  1.7473576354980469e+002 2.6280223846435547e+001
  1.8786865234375000e+002 1.6588342285156250e+002 2 -1
  4.7503927612304687e+002 2.2413874816894531e+002
  1.9859859466552734e+001 1.5754898071289062e+002
  1.4506735229492187e+002 2 -1 4.8996533203125000e+002
  2.2378056335449219e+002 2.7819736480712891e+001
  1.3318717956542969e+002 1.9595317077636719e+002 2 -1
  2.3578219604492187e+002 2.2994383239746094e+002
