%YAML:1.0
---
recording:
   type: VideoRecording
   recordId: Action_20171124T115812
   channelId: main
   timeStamp: "131559982922310000"
   sessionTimestamp: "0"
   width: 0
   height: 0
   frameCount: 128
   fps: 2.9969999999999999e+001
   recordingType: 2000
   frameTransformRect: [ [ -1, -1 ], [ -1, -1 ], [ -1, -1 ], [ -1, -1 ] ]
   trackingMode: 1
   segments:
      - { startFrame:33, stopFrame:51, segmentType:2000, focusFrame:-1,
          focusPoint:{ values:[ -1., -1. ], type:Vector2 }, isFragment:0 }
      - { startFrame:62, stopFrame:97, segmentType:2000, focusFrame:-1,
          focusPoint:{ values:[ -1., -1. ], type:Vector2 }, isFragment:0 }
      - { startFrame:0, stopFrame:121, segmentType:1000, focusFrame:-1,
          focusPoint:{ values:[ -1., -1. ], type:Vector2 }, isFragment:0 }
   framesRelTs: [ "0", "200000", "640000", "850000", "1360000",
       "1490000", "1800000", "2280000", "2600000", "2920000", "3250000",
       "3560000", "3880000", "4200000", "4520000", "4840000", "5160000",
       "5480000", "5800000", "6130000", "6600000", "6930000", "7240000",
       "7580000", "7880000", "8200000", "8520000", "8840000", "9160000",
       "9480000", "9930000", "10120000", "10600000", "10920000",
       "11240000", "11570000", "11880000", "12200000", "12520000",
       "12840000", "13160000", "13470000", "13800000", "14130000",
       "14440000", "14920000", "15250000", "15560000", "15880000",
       "16200000", "16520000", "16970000", "17200000", "17480000",
       "17830000", "18190000", "18470000", "18920000", "19240000",
       "19560000", "19880000", "20200000", "20520000", "20840000",
       "21160000", "21480000", "21800000", "22120000", "22440000",
       "22760000", "23240000", "23560000", "23880000", "24200000",
       "24520000", "24840000", "25160000", "25480000", "25800000",
       "26120000", "26440000", "26760000", "27240000", "27580000",
       "27880000", "28200000", "28520000", "28840000", "29160000",
       "29480000", "29870000", "30180000", "30450000", "30760000",
       "31240000", "31560000", "31880000", "32210000", "32520000",
       "32840000", "33160000", "33480000", "33800000", "34120000",
       "34440000", "34760000", "35080000", "35560000", "36110000",
       "36460000", "36760000", "36890000", "37160000", "37480000",
       "37800000", "38120000", "38440000", "38760000", "39080000",
       "39560000", "39880000", "40200000", "40520000", "40840000",
       "41160000", "41480000", "41800000", "42120000" ]
   chunks:
      - { path:"Recordings/Action_20171124T115812/recording.avi",
          startFrameIdx:0 }
