%YAML:1.0
---
recording:
   type: VideoRecording
   recordId: Action_20180109T150208
   channelId: main
   timeStamp: "131599837283500000"
   sessionTimestamp: "0"
   width: 0
   height: 0
   frameCount: 246
   fps: 2.9969999999999999e+001
   recordingType: 2000
   frameTransformRect: [ [ -1, -1 ], [ -1, -1 ], [ -1, -1 ], [ -1, -1 ] ]
   trackingMode: 0
   segments:
      - { startFrame:209, stopFrame:229, segmentType:2000, focusFrame:-1,
          focusPoint:{ values:[ -1., -1. ], type:Vector2 }, isFragment:0 }
      - { startFrame:0, stopFrame:239, segmentType:1000, focusFrame:-1,
          focusPoint:{ values:[ -1., -1. ], type:Vector2 }, isFragment:0 }
   framesRelTs: [ "0", "330000", "660000", "1000000", "1410000",
       "1640000", "1970000", "2300000", "2630000", "2960000", "3290000",
       "3640000", "3960000", "4270000", "4600000", "4940000", "5270000",
       "5590000", "5920000", "6250000", "6570000", "6900000", "7230000",
       "7560000", "7910000", "8220000", "8550000", "8890000", "9220000",
       "9540000", "9870000", "10200000", "10520000", "10860000",
       "11180000", "11520000", "11830000", "12030000", "12330000",
       "12670000", "13010000", "13320000", "13660000", "13970000",
       "14300000", "14630000", "14970000", "15290000", "15620000",
       "15950000", "16280000", "16620000", "16990000", "17290000",
       "17610000", "17930000", "18270000", "18600000", "18920000",
       "19270000", "19590000", "19920000", "20260000", "20590000",
       "20920000", "21260000", "21590000", "21920000", "22260000",
       "22630000", "22920000", "23250000", "23580000", "23910000",
       "24240000", "24560000", "24880000", "25220000", "25540000",
       "25870000", "26200000", "26520000", "26850000", "27170000",
       "27500000", "27930000", "28190000", "28490000", "28820000",
       "29190000", "29500000", "29840000", "30140000", "30470000",
       "30810000", "31130000", "31460000", "31790000", "32110000",
       "32430000", "32770000", "33100000", "33420000", "33750000",
       "34080000", "34410000", "34740000", "35060000", "35400000",
       "35730000", "36050000", "36390000", "36710000", "37050000",
       "37240000", "37710000", "37890000", "38360000", "38690000",
       "39020000", "39350000", "39560000", "39850000", "40170000",
       "40500000", "40840000", "41160000", "41490000", "41830000",
       "42150000", "42470000", "42800000", "43130000", "43460000",
       "43790000", "44110000", "44430000", "44780000", "45090000",
       "45430000", "45750000", "46070000", "46410000", "46740000",
       "47060000", "47390000", "47720000", "48050000", "48380000",
       "48710000", "49040000", "49370000", "49700000", "50030000",
       "50360000", "50690000", "51020000", "51360000", "51690000",
       "52020000", "52350000", "52670000", "53000000", "53340000",
       "53670000", "54000000", "54340000", "54660000", "54990000",
       "55320000", "55650000", "55990000", "56310000", "56640000",
       "56970000", "57320000", "57620000", "57960000", "58300000",
       "58630000", "58950000", "59290000", "59610000", "59940000",
       "60270000", "60600000", "60920000", "61260000", "61580000",
       "61910000", "62230000", "62560000", "62890000", "63220000",
       "63550000", "63890000", "64210000", "64540000", "64870000",
       "65200000", "65520000", "65860000", "66170000", "66500000",
       "66830000", "67160000", "67500000", "67820000", "68160000",
       "68350000", "68820000", "69150000", "69350000", "69650000",
       "70020000", "70320000", "70660000", "70980000", "71310000",
       "71650000", "71960000", "72300000", "72620000", "72940000",
       "73280000", "73610000", "73920000", "74260000", "74610000",
       "74930000", "75270000", "75600000", "75930000", "76260000",
       "76600000", "76920000", "77250000", "77600000", "77920000",
       "78250000", "78590000", "78910000", "79230000", "79570000",
       "79910000", "80230000" ]
   chunks:
      - { path:"Recordings/Action_20180109T150208/recording.avi",
          startFrameIdx:0 }
