<?xml version="1.0"?>
<opencv_storage>
<keyPoints>
  2.6734613037109375e+002 2.8631521224975586e+001
  1.5725622177124023e+001 9.0924255371093750e+001
  3.6446281433105469e+001 0 -1 3.8905795288085937e+002
  2.8856273651123047e+001 1.3285713195800781e+001
  1.6810945129394531e+002 3.8803573608398438e+001 0 -1
  3.8891009521484375e+002 3.1627792358398438e+001
  1.1631578445434570e+001 2.0996044921875000e+002
  3.4107452392578125e+001 0 -1 280. 45. 18. 2.8444427490234375e+002 64.
  0 -1 3.9882980346679687e+002 4.7301677703857422e+001
  1.4066368103027344e+001 3.7939670562744141e+001
  1.2552871704101562e+002 0 -1 2.7955877685546875e+002
  5.2782497406005859e+001 1.3533578872680664e+001
  7.5459777832031250e+001 4.4298065185546875e+001 0 -1
  4.3164431762695312e+002 6.2541931152343750e+001
  1.3818181991577148e+001 2.2012208557128906e+002
  8.2030303955078125e+001 0 -1 4.4577954101562500e+002
  6.2774642944335938e+001 1.3064516067504883e+001
  3.2710975646972656e+001 4.2487907409667969e+001 0 -1
  2.0572070312500000e+002 7.2126190185546875e+001
  1.4062500000000000e+001 2.2991554260253906e+001
  1.2867187500000000e+002 0 -1 2.6891122436523437e+002
  7.2409721374511719e+001 1.4340000152587891e+001
  2.9330880737304687e+002 1.4760498046875000e+002 0 -1
  2.0564073181152344e+002 7.6411033630371094e+001
  1.3221785545349121e+001 5.9032444000244141e+001
  1.1347305297851563e+002 0 -1 2.6871664428710937e+002
  7.6518089294433594e+001 1.3805465698242187e+001
  3.0252029418945312e+002 1.1811398315429687e+002 0 -1
  3.4488696289062500e+002 7.7394622802734375e+001
  1.3986894607543945e+001 1.5885144042968750e+002
  1.5566781616210937e+002 0 -1 4.3162625122070312e+002
  7.7639678955078125e+001 1.4106382369995117e+001
  8.8053497314453125e+001 6.6896286010742187e+001 0 -1
  2.3745989990234375e+002 9.8448356628417969e+001
  1.3627930641174316e+001 5.9809020996093750e+001
  3.6317184448242188e+001 0 -1 3.8062582397460937e+002
  1.0045290374755859e+002 1.3820926666259766e+001
  2.7749774169921875e+002 3.4592941284179688e+001 0 -1
  1.7789160156250000e+002 1.2392035675048828e+002
  1.1785714149475098e+001 1.1152120971679687e+002
  4.6035720825195312e+001 0 -1 1.7207455444335937e+002
  1.2599069976806641e+002 1.2243242263793945e+001
  1.0488785552978516e+002 3.6030403137207031e+001 0 -1
  1.7600486755371094e+002 1.2616974639892578e+002
  1.3032786369323730e+001 1.2038724517822266e+002
  4.4903686523437500e+001 0 -1 1.6728138732910156e+002
  1.3142727661132812e+002 1.4299844741821289e+001
  8.7961143493652344e+001 5.8689392089843750e+001 0 -1
  1.9200843811035156e+002 1.3277517700195312e+002
  1.3091398239135742e+001 5.5630222320556641e+001
  1.2195462036132812e+002 0 -1 1.8892189025878906e+002
  1.3821562194824219e+002 1.1896552085876465e+001
  8.6536560058593750e+001 4.2008621215820313e+001 0 -1
  1.9263914489746094e+002 1.3834591674804687e+002
  1.2677418708801270e+001 5.9716808319091797e+001
  3.4197578430175781e+001 0 -1 1.8673995971679687e+002
  1.4240629577636719e+002 1.4641872406005859e+001
  7.3510894775390625e+001 3.4443267822265625e+001 0 -1
  2.3680857849121094e+002 1.6416036987304687e+002
  1.2631579399108887e+001 2.1331954956054687e+002
  3.9210525512695312e+001 0 -1 2.4483033752441406e+002
  1.6508377075195312e+002 15. 2.6687277221679687e+002
  3.3375000000000000e+001 0 -1 3.8051574707031250e+002
  1.6649427795410156e+002 1.4047672271728516e+001
  2.3982221984863281e+002 3.8946472167968750e+001 0 -1
  1.8131840515136719e+002 1.7717881774902344e+002
  1.4280000686645508e+001 2.7500814819335938e+002
  3.8804992675781250e+001 0 -1 1.8522549438476562e+002
  1.7878984069824219e+002 1.2517241477966309e+001
  3.0600894165039062e+002 4.1107757568359375e+001 0 -1
  1.7518173217773437e+002 1.8111459350585937e+002
  1.2857189178466797e+001 2.6701608276367187e+002
  3.3365112304687500e+001 0 -1 1.5157620239257812e+002
  1.8508491516113281e+002 1.3993992805480957e+001
  4.3018768310546875e+001 1.5183947753906250e+002 0 -1
  1.9537115478515625e+002 1.8651504516601562e+002
  1.4156150817871094e+001 3.2148319244384766e+001
  1.4327215576171875e+002 0 -1 1.7049641418457031e+002
  1.8690179443359375e+002 1.3851845741271973e+001
  1.2505681610107422e+002 8.3475158691406250e+001 0 -1
  1.8320910644531250e+002 2.2852003479003906e+002
  1.2954265594482422e+001 2.2967755126953125e+002
  4.8451461791992188e+001 0 -1 1.7457981872558594e+002
  2.3391392517089844e+002 1.4312276840209961e+001
  1.7677021789550781e+002 5.2946456909179688e+001 0 -1
  1.9035484313964844e+002 2.4908871459960937e+002
  1.3064516067504883e+001 8.5305831909179688e+001
  3.1487907409667969e+001 0 -1 1.8396772766113281e+002
  2.5287693786621094e+002 1.3416389465332031e+001
  7.5202728271484375e+001 3.0832801818847656e+001 0 -1
  3.9568737792968750e+002 4.7997558593750000e+001
  1.7062011718750000e+001 4.1791488647460937e+001
  9.5297897338867188e+001 1 -1 2.3712518310546875e+002
  9.8128662109375000e+001 1.6028797149658203e+001
  5.9199775695800781e+001 3.6477642059326172e+001 1 -1
  3.8029309082031250e+002 9.9210266113281250e+001 19.
  3.0984512329101562e+002 3.4166664123535156e+001 1 -1
  1.7851138305664062e+002 1.2651447296142578e+002
  1.9125000000000000e+001 8.3308128356933594e+001
  3.8562500000000000e+001 1 -1 1.6743078613281250e+002
  1.3114437866210937e+002 2.0030139923095703e+001
  8.0768356323242188e+001 5.9957412719726562e+001 1 -1
  1.8753634643554687e+002 1.4030891418457031e+002
  1.8750000000000000e+001 6.4522171020507813e+001
  4.0125000000000000e+001 1 -1 2.4483033752441406e+002
  1.6508377075195312e+002 15. 2.6687277221679687e+002
  3.1375000000000000e+001 1 -1 3.8008535766601562e+002
  1.6493307495117187e+002 2.0334491729736328e+001
  2.6269006347656250e+002 3.6681083679199219e+001 1 -1
  1.8447424316406250e+002 1.7867587280273438e+002 15.
  2.9452667236328125e+002 3.8250000000000000e+001 1 -1
  1.4153259277343750e+002 1.8053387451171875e+002
  1.8868017196655273e+001 1.1378672027587891e+002
  5.2500640869140625e+001 1 -1 1.7539694213867187e+002
  1.8270373535156250e+002 1.8631580352783203e+001
  8.9600418090820313e+001 3.3210540771484375e+001 1 -1
  1.7399870300292969e+002 1.8612820434570312e+002
  1.9714284896850586e+001 8.3903602600097656e+001
  3.1571426391601563e+001 1 -1 1.8991104125976562e+002
  1.8702029418945312e+002 21. 5.5762462615966797e+001
  4.7375000000000000e+001 1 -1 1.8985314941406250e+002
  1.8969857788085937e+002 20. 6.1872192382812500e+001
  3.5333343505859375e+001 1 -1 1.8181944274902344e+002
  2.2975000000000000e+002 1.8555557250976563e+001
  2.3622216796875000e+002 3.3115753173828125e+001 1 -1
  1.7765719604492187e+002 2.3733303833007812e+002
  1.9263114929199219e+001 1.2157820129394531e+002
  3.5467819213867187e+001 1 -1 1.8176483154296875e+002
  2.4775517272949219e+002 1.8789474487304688e+001
  1.0313745880126953e+002 3.1164474487304688e+001 1 -1
  1.9375000000000000e+002 2.4627499389648437e+002
  1.8599998474121094e+001 6.7088348388671875e+001
  3.4199981689453125e+001 1 -1 2.8141348266601562e+002
  4.6953483581542969e+001 2.1330396652221680e+001
  2.9837634277343750e+002 1.5140432739257812e+002 2 -1
  3.9791149902343750e+002 4.7794418334960938e+001
  2.3003311157226563e+001 4.4623485565185547e+001
  1.2074150848388672e+002 2 -1 2.2940194702148437e+002
  5.5412403106689453e+001 2.8233268737792969e+001
  3.2161050415039062e+002 7.4837097167968750e+001 2 -1
  2.0373046875000000e+002 5.4803806304931641e+001
  2.8219179153442383e+001 3.0485665893554687e+002
  6.3915546417236328e+001 2 -1 4.3114379882812500e+002
  6.3441860198974609e+001 2.5009067535400391e+001
  2.0915635681152344e+002 9.0793174743652344e+001 2 -1
  4.4360812377929687e+002 6.1448993682861328e+001
  2.6525375366210938e+001 3.2815481567382812e+002
  6.6761352539062500e+001 2 -1 3.4751257324218750e+002
  7.6361930847167969e+001 2.8909091949462891e+001
  1.5406838989257812e+002 2.0036364746093750e+002 2 -1
  1.7850000000000000e+002 124. 36. 6.7038444519042969e+001 39. 2 -1
