<?xml version="1.0"?>
<opencv_storage>
<keyPoints>
  2.0425000000000000e+002 5.2750000000000000e+001 18.
  2.9405426025390625e+002 4.4666992187500000e+001 0 -1
  2.2936206054687500e+002 5.2750000000000000e+001 18.
  3.0429687500000000e+002 3.9878906250000000e+001 0 -1
  2.7960180664062500e+002 5.3386787414550781e+001
  1.3629481315612793e+001 1.7154730224609375e+002
  4.1280242919921875e+001 0 -1 2.4625498962402344e+002
  8.1507553100585938e+001 1.4500000000000000e+001
  2.9008911132812500e+002 3.6083335876464844e+001 0 -1
  3.9803414916992187e+002 8.1753288269042969e+001
  1.2857142448425293e+001 3.1253607177734375e+002
  3.6285713195800781e+001 0 -1 3.5750433349609375e+002
  8.5289146423339844e+001 1.4364225387573242e+001
  2.6285351562500000e+002 3.6426361083984375e+001 0 -1
  2.9855236816406250e+002 8.6848609924316406e+001
  1.1470588684082031e+001 5.0342056274414063e+001
  3.0132354736328125e+001 0 -1 1.7918412780761719e+002
  9.0985778808593750e+001 1.2310344696044922e+001
  7.5221878051757813e+001 4.3077590942382813e+001 0 -1
  1.8493659973144531e+002 9.1189529418945313e+001
  1.0935483932495117e+001 9.0077339172363281e+001
  3.2487907409667969e+001 0 -1 1.9580491638183594e+002
  9.0631942749023438e+001 1.4566982269287109e+001
  2.5085758972167969e+002 1.0691830444335937e+002 0 -1
  1.9506608581542969e+002 9.4172279357910156e+001
  1.2984155654907227e+001 1.4733050537109375e+002
  4.2716697692871094e+001 0 -1 4.0857302856445312e+002
  1.0219008636474609e+002 1.5603858947753906e+001
  2.2619621276855469e+002 1.0432516479492187e+002 0 -1
  4.2807119750976562e+002 1.0715340423583984e+002
  1.3956470489501953e+001 2.6990719604492187e+002
  4.8008743286132812e+001 0 -1 4.3773065185546875e+002
  1.0725784301757813e+002 1.1545454025268555e+001
  2.7302188110351562e+002 3.1094696044921875e+001 0 -1
  4.4449078369140625e+002 1.0730144500732422e+002
  1.3992458343505859e+001 2.7309790039062500e+002
  4.5120468139648438e+001 0 -1 4.5780206298828125e+002
  1.0751849365234375e+002 1.2159244537353516e+001
  2.7095526123046875e+002 3.7852142333984375e+001 0 -1
  4.6380746459960937e+002 1.0734835052490234e+002
  1.2951219558715820e+001 2.7197674560546875e+002
  4.8515243530273438e+001 0 -1 4.7477996826171875e+002
  1.0794774627685547e+002 1.2081081390380859e+001
  3.0350042724609375e+002 3.0003379821777344e+001 0 -1
  4.8013458251953125e+002 1.0784098052978516e+002
  1.2407406806945801e+001 3.2001596069335937e+002
  4.7186737060546875e+001 0 -1 4.8074575805664062e+002
  1.1122698974609375e+002 1.2584415435791016e+001
  3.4271221923828125e+002 4.7365264892578125e+001 0 -1
  4.3226937866210937e+002 1.1498205566406250e+002
  1.2957447052001953e+001 8.6393310546875000e+001
  4.1598403930664063e+001 0 -1 4.4008410644531250e+002
  1.1485367584228516e+002 1.1594594955444336e+001
  8.8822494506835938e+001 3.0084457397460938e+001 0 -1
  4.4626727294921875e+002 1.1460853576660156e+002
  1.3421052932739258e+001 8.6700477600097656e+001
  4.2065780639648438e+001 0 -1 4.5308346557617187e+002
  1.1515818786621094e+002 1.2058824539184570e+001
  8.8645668029785156e+001 4.3002441406250000e+001 0 -1
  4.5980310058593750e+002 1.1552804565429687e+002
  1.5825151443481445e+001 8.4881721496582031e+001
  5.0957855224609375e+001 0 -1 4.6177996826171875e+002
  1.1532414245605469e+002 1.2969230651855469e+001
  9.3101753234863281e+001 6.4848068237304688e+001 0 -1
  3.5410604858398437e+002 1.1610693359375000e+002
  1.2085714340209961e+001 3.3095532226562500e+002
  3.8003578186035156e+001 0 -1 4.3342636108398437e+002
  1.1552960205078125e+002 1.3070858001708984e+001
  8.7182945251464844e+001 3.3399009704589844e+001 0 -1
  4.7048025512695312e+002 1.1568576049804687e+002
  1.2462407112121582e+001 6.4950172424316406e+001
  4.7105300903320313e+001 0 -1 1.9605079650878906e+002
  1.1799190521240234e+002 1.1093023300170898e+001
  2.5389373779296875e+002 4.1491279602050781e+001 0 -1 205.
  1.1833124542236328e+002 1.4186441421508789e+001
  3.2304138183593750e+002 9.1917373657226563e+001 0 -1
  2.6399142456054687e+002 1.1916031646728516e+002
  1.3065126419067383e+001 2.4905245971679687e+002
  8.6186065673828125e+001 0 -1 4.0937350463867187e+002
  1.1947696685791016e+002 1.3363636016845703e+001
  1.4180455017089844e+002 1.2298861694335938e+002 0 -1
  4.8035705566406250e+002 1.2045603942871094e+002
  1.5694269180297852e+001 5.6144111633300781e+001
  9.6193511962890625e+001 0 -1 2.0630813598632812e+002
  1.2440626525878906e+002 1.4413196563720703e+001
  1.4363974571228027e+001 1.0477218627929687e+002 0 -1
  3.4394113159179687e+002 1.2405235290527344e+002
  1.1899999618530273e+001 2.0246937561035156e+002
  5.9008331298828125e+001 0 -1 3.4977810668945312e+002
  1.2424799346923828e+002 1.3031430244445801e+001
  3.5685714721679687e+002 1.1890164184570312e+002 0 -1
  4.7952389526367187e+002 1.2442326354980469e+002
  1.2932909011840820e+001 8.0252555847167969e+001
  4.5907669067382813e+001 0 -1 4.0695843505859375e+002
  1.2657139587402344e+002 15. 1.2135746002197266e+002
  7.1875000000000000e+001 0 -1 4.9693713378906250e+002
  1.5779615783691406e+002 1.4666666030883789e+001
  7.8725807189941406e+001 3.1777778625488281e+001 0 -1
  2.3551585388183594e+002 1.6654885864257812e+002
  1.3924911499023437e+001 9.3598106384277344e+001
  3.2627059936523437e+001 0 -1 3.3735455322265625e+002
  1.7016555786132812e+002 1.3799999237060547e+001
  5.2175239562988281e+001 3.6574996948242187e+001 0 -1
  2.1487768554687500e+002 1.7830427551269531e+002
  1.5947368621826172e+001 2.1028416442871094e+002
  3.5111846923828125e+001 0 -1 2.0896023559570312e+002
  1.9146830749511719e+002 1.2794443130493164e+001
  2.5018038940429688e+002 1.4579403686523437e+002 0 -1
  2.6625280761718750e+002 1.9139428710937500e+002
  1.3434051513671875e+001 2.7389462280273437e+002
  9.0326263427734375e+001 0 -1 2.7473519897460937e+002
  1.9105076599121094e+002 1.1487804412841797e+001
  2.6558520507812500e+002 3.8149391174316406e+001 0 -1
  2.7253659057617187e+002 1.9199594116210937e+002
  1.3390243530273438e+001 2.6872052001953125e+002
  5.7100601196289063e+001 0 -1 2.7877810668945312e+002
  1.9185447692871094e+002 1.2254238128662109e+001
  2.8162991333007812e+002 6.0052963256835938e+001 0 -1
  3.4588137817382812e+002 1.9216828918457031e+002
  1.4233682632446289e+001 2.7021960449218750e+002
  1.3363934326171875e+002 0 -1 4.1688616943359375e+002
  1.9246774291992187e+002 1.4357142448425293e+001
  2.9313754272460937e+002 3.3160713195800781e+001 0 -1
  4.0232369995117187e+002 1.9282130432128906e+002
  1.2599999427795410e+001 2.8792730712890625e+002
  3.4149993896484375e+001 0 -1 4.0677825927734375e+002
  1.9280567932128906e+002 1.2795917510986328e+001
  2.8796197509765625e+002 5.4431121826171875e+001 0 -1
  4.8188973999023437e+002 1.9289778137207031e+002
  1.3446776390075684e+001 2.9988616943359375e+002
  6.6569046020507812e+001 0 -1 2.7479702758789063e+002
  1.9387974548339844e+002 1.1250000000000000e+001
  2.6134246826171875e+002 3.0187500000000000e+001 0 -1
  4.9593536376953125e+002 1.9414350891113281e+002
  1.3528301239013672e+001 2.1335414123535156e+002
  6.3719329833984375e+001 0 -1 2.3542768859863281e+002
  1.9749255371093750e+002 15. 2.9625787353515625e+002
  5.4250000000000000e+001 0 -1 2.1167098999023437e+002
  2.1565385437011719e+002 1.3551724433898926e+001
  2.4590863037109375e+002 3.0969825744628906e+001 0 -1
  3.5463037109375000e+002 2.1617544555664062e+002
  1.2656305313110352e+001 2.3332141113281250e+002
  3.0127624511718750e+001 0 -1 2.0507063293457031e+002
  2.4852624511718750e+002 1.2429956436157227e+001
  3.4782690429687500e+002 9.3073028564453125e+001 0 -1
  2.6305004882812500e+002 2.4892796325683594e+002
  1.4333333015441895e+001 3.0034228515625000e+002
  5.3722213745117187e+001 0 -1 4.8044042968750000e+002
  2.4871893310546875e+002 1.2815876007080078e+001
  2.8086431884765625e+002 4.6097579956054687e+001 0 -1
  3.5371148681640625e+002 2.5039112854003906e+002
  1.2119999885559082e+001 3.5227423095703125e+002
