%YAML:1.0
---
recording:
   type: VideoRecording
   recordId: Action_20171122T133245
   channelId: main
   timeStamp: "131558311652440000"
   sessionTimestamp: "0"
   width: -1
   height: -1
   frameCount: 60
   fps: 2.9969999999999999e+001
   recordingType: 2000
   frameTransformRect: [ [ -1, -1 ], [ -1, -1 ], [ -1, -1 ], [ -1, -1 ] ]
   trackingMode: 1
   segments:
      - { startFrame:24, stopFrame:40, segmentType:2000, focusFrame:-1,
          focusPoint:{ values:[ -1., -1. ], type:Vector2 }, isFragment:0 }
      - { startFrame:0, stopFrame:53, segmentType:1000, focusFrame:-1,
          focusPoint:{ values:[ -1., -1. ], type:Vector2 }, isFragment:0 }
   framesRelTs: [ "0", "590000", "1420000", "2380000", "3640000",
       "4410000", "5520000", "6360000", "7540000", "8410000", "9400000",
       "10350000", "11460000", "12580000", "13370000", "14440000",
       "15580000", "16700000", "17390000", "18320000", "19440000",
       "20580000", "21450000", "22320000", "23460000", "24400000",
       "25390000", "26590000", "27770000", "28500000", "29380000",
       "30380000", "31670000", "32450000", "33390000", "34450000",
       "35510000", "36400000", "37380000", "38390000", "39780000",
       "40460000", "41370000", "42540000", "43540000", "44440000",
       "45660000", "46370000", "47480000", "48630000", "49410000",
       "50370000", "51610000", "52480000", "53630000", "54380000",
       "55450000", "56570000", "57450000", "59100000" ]
   chunks:
      - { path:"Recordings/Action_20171122T133245/recording.avi",
          startFrameIdx:0 }
