%YAML:1.0
---
recording:
   type: VideoRecording
   recordId: Action_20180109T151955
   channelId: main
   timeStamp: "131599847953020000"
   sessionTimestamp: "0"
   width: 0
   height: 0
   frameCount: 246
   fps: 2.9969999999999999e+001
   recordingType: 2000
   frameTransformRect: [ [ -1, -1 ], [ -1, -1 ], [ -1, -1 ], [ -1, -1 ] ]
   trackingMode: 0
   segments:
      - { startFrame:64, stopFrame:89, segmentType:2000, focusFrame:-1,
          focusPoint:{ values:[ -1., -1. ], type:Vector2 }, isFragment:0 }
      - { startFrame:92, stopFrame:110, segmentType:2000, focusFrame:-1,
          focusPoint:{ values:[ -1., -1. ], type:Vector2 }, isFragment:0 }
      - { startFrame:0, stopFrame:239, segmentType:1000, focusFrame:-1,
          focusPoint:{ values:[ -1., -1. ], type:Vector2 }, isFragment:0 }
   framesRelTs: [ "0", "260000", "480000", "1330000", "1540000",
       "1710000", "1900000", "2080000", "2250000", "3010000", "3200000",
       "3370000", "3540000", "3730000", "3910000", "4550000", "4720000",
       "4880000", "5050000", "5340000", "5670000", "6070000", "6320000",
       "6640000", "6990000", "7310000", "7650000", "7970000", "8320000",
       "8630000", "9070000", "9280000", "9610000", "9950000", "10140000",
       "10620000", "10810000", "11100000", "11450000", "11760000",
       "12240000", "12420000", "12740000", "13060000", "13660000",
       "13880000", "14200000", "14530000", "14710000", "15200000",
       "15550000", "15730000", "16040000", "16360000", "16770000",
       "17010000", "17330000", "17660000", "17990000", "18320000",
       "18640000", "18980000", "19300000", "19790000", "19990000",
       "20290000", "20620000", "20940000", "21320000", "21610000",
       "21930000", "22260000", "22820000", "23010000", "23260000",
       "23580000", "23910000", "24330000", "24560000", "24880000",
       "25210000", "25530000", "25870000", "26210000", "26530000",
       "26860000", "27340000", "27530000", "27840000", "28180000",
       "28500000", "28850000", "29170000", "29490000", "29810000",
       "30370000", "30550000", "30810000", "31140000", "31460000",
       "31880000", "32120000", "32450000", "32770000", "33100000",
       "33430000", "33760000", "34080000", "34410000", "34890000",
       "35090000", "35400000", "35750000", "36060000", "36420000",
       "36720000", "37040000", "37370000", "37930000", "38120000",
       "38350000", "38690000", "39020000", "39430000", "39660000",
       "40000000", "40320000", "40930000", "41110000", "41310000",
       "41630000", "41960000", "42470000", "42660000", "42940000",
       "43280000", "43610000", "43960000", "44270000", "44580000",
       "44910000", "45460000", "45640000", "45890000", "46280000",
       "46620000", "47210000", "47390000", "47570000", "47870000",
       "48200000", "48710000", "48900000", "49190000", "49520000",
       "49860000", "50240000", "50500000", "50830000", "51160000",
       "51770000", "51950000", "52150000", "52470000", "52800000",
       "53290000", "53490000", "53790000", "54120000", "54470000",
       "54840000", "55110000", "55430000", "55780000", "56400000",
       "56580000", "56780000", "57110000", "57430000", "57920000",
       "58120000", "58410000", "58750000", "59070000", "59480000",
       "59720000", "60050000", "60390000", "60960000", "61150000",
       "61380000", "61580000", "62030000", "62550000", "62730000",
       "63000000", "63340000", "63660000", "64090000", "64320000",
       "64640000", "64840000", "65570000", "65770000", "65950000",
       "66150000", "66460000", "67060000", "67240000", "67460000",
       "67780000", "68110000", "68590000", "68790000", "69100000",
       "69430000", "69750000", "70110000", "70420000", "70730000",
       "71060000", "71620000", "71800000", "72040000", "72380000",
       "72710000", "73130000", "73360000", "73680000", "74010000",
       "74330000", "74670000", "75000000", "75330000", "75670000",
       "76140000", "76340000", "76650000", "76970000", "77290000",
       "77660000", "77960000", "78280000", "78620000", "79170000",
       "80430000" ]
   chunks:
      - { path:"Recordings/Action_20180109T151955/recording.avi",
          startFrameIdx:0 }
