<?xml version="1.0"?>
<opencv_storage>
<keyPoints>
  2.6513101196289062e+002 2.9889692306518555e+001
  1.4586602210998535e+001 8.9230094909667969e+001
  7.4695144653320312e+001 0 -1 2.6782995605468750e+002
  2.9666069030761719e+001 1.3968552589416504e+001
  8.7997276306152344e+001 7.1436004638671875e+001 0 -1
  2.8157525634765625e+002 4.9075046539306641e+001
  1.4774421691894531e+001 3.1094854736328125e+002
  1.5215664672851562e+002 0 -1 3.9859533691406250e+002
  5.1590961456298828e+001 1.4135999679565430e+001
  2.5010124206542969e+001 1.5592095947265625e+002 0 -1
  2.7904266357421875e+002 5.5034511566162109e+001
  1.3090909957885742e+001 8.1400711059570313e+001
  4.5727279663085938e+001 0 -1 4.2693713378906250e+002
  6.5403945922851562e+001 1.4018180847167969e+001
  2.2182397460937500e+002 8.3111358642578125e+001 0 -1
  2.0081413269042969e+002 7.3918060302734375e+001
  1.3485120773315430e+001 2.3908802795410156e+002
  1.3027835083007812e+002 0 -1 2.6388766479492187e+002
  7.5040534973144531e+001 1.3888916015625000e+001
  2.9234191894531250e+002 1.4365606689453125e+002 0 -1
  2.0077876281738281e+002 7.8629615783691406e+001
  1.2535425186157227e+001 2.4840802001953125e+002
  1.2277175903320312e+002 0 -1 2.6353283691406250e+002
  7.9593215942382812e+001 1.2924474716186523e+001
  3.1140386962890625e+002 1.1599295043945312e+002 0 -1
  3.4548107910156250e+002 8.1484611511230469e+001
  1.6050998687744141e+001 1.0852285766601562e+002
  4.8952011108398437e+001 0 -1 2.3152824401855469e+002
  9.4514945983886719e+001 1.5934793472290039e+001
  2.4994906616210937e+002 7.7349029541015625e+001 0 -1
  2.3318208312988281e+002 9.4610450744628906e+001
  1.6885715484619141e+001 2.8695681762695312e+002
  6.2603576660156250e+001 0 -1 235. 9.4750000000000000e+001 18.
  3.1918646240234375e+002 62. 0 -1 2.3330769348144531e+002
  9.6753250122070313e+001 1.4076922416687012e+001
  2.7531698608398437e+002 6.8894226074218750e+001 0 -1
  3.7724005126953125e+002 9.7528663635253906e+001
  1.6561218261718750e+001 2.8180044555664062e+002
  5.1483795166015625e+001 0 -1 2.3477534484863281e+002
  9.7393890380859375e+001 1.1437500000000000e+001
  3.1724945068359375e+002 6.4421875000000000e+001 0 -1
  3.8027105712890625e+002 9.8765556335449219e+001
  1.6200000762939453e+001 3.1751223754882812e+002
  3.6900001525878906e+001 0 -1 2.3194337463378906e+002
  9.9906158447265625e+001 1.1940000534057617e+001
  1.4182446289062500e+002 7.5005004882812500e+001 0 -1
  3.7767376708984375e+002 1.0027255249023437e+002
  1.1894117355346680e+001 2.9791006469726562e+002
  5.8013244628906250e+001 0 -1 3.7410086059570312e+002
  1.0103679656982422e+002 1.3222221374511719e+001
  2.1172363281250000e+002 5.4120361328125000e+001 0 -1
  2.3365963745117187e+002 1.6073304748535156e+002
  1.7872882843017578e+001 2.8540213012695312e+002
  8.1224899291992188e+001 0 -1 2.3374220275878906e+002
  1.6339630126953125e+002 1.2214614868164063e+001
  2.9807562255859375e+002 7.2989227294921875e+001 0 -1
  3.7752722167968750e+002 1.6252986145019531e+002
  1.4689655303955078e+001 2.8195843505859375e+002
  6.3827575683593750e+001 0 -1 2.3032250976562500e+002
  1.6460922241210937e+002 1.2150000572204590e+001
  2.0471031188964844e+002 6.1024993896484375e+001 0 -1
  2.3274635314941406e+002 1.6578894042968750e+002
  1.4538461685180664e+001 4.0875057220458984e+001
  6.1490371704101563e+001 0 -1 3.7719296264648437e+002
  1.6609165954589844e+002 1.2221052169799805e+001
  2.9211096191406250e+002 7.5064483642578125e+001 0 -1
  3.7429574584960937e+002 1.6674012756347656e+002
  1.2461538314819336e+001 2.1773915100097656e+002
  7.3230773925781250e+001 0 -1 3.7735833740234375e+002
  1.6938522338867187e+002 1.3782608985900879e+001
  4.4341003417968750e+001 7.8045288085937500e+001 0 -1 230.
  2.2675000000000000e+002 18. 2.5570330810546875e+002 82. 0 -1 376.
  2.2975000000000000e+002 18. 2.8701416015625000e+002 78. 0 -1
  2.3275262451171875e+002 2.3009179687500000e+002
  1.2721518516540527e+001 3.1592492675781250e+002
  8.2571197509765625e+001 0 -1 2.2937913513183594e+002
  2.3076808166503906e+002 1.2486486434936523e+001
  2.0912101745605469e+002 6.9243255615234375e+001 0 -1
  3.7454083251953125e+002 2.3272581481933594e+002
  1.4176469802856445e+001 2.4151420593261719e+002
  7.2355392456054687e+001 0 -1 3.7661611938476562e+002
  2.3277632141113281e+002 1.1680850982666016e+001
  3.0988549804687500e+002 7.4132965087890625e+001 0 -1
  2.3128472900390625e+002 2.9396569824218750e+002
  1.7727272033691406e+001 2.8779693603515625e+002
  7.2034088134765625e+001 0 -1 3.7134191894531250e+002
  2.9648596191406250e+002 1.4692306518554688e+001
  2.4354223632812500e+002 5.7926284790039062e+001 0 -1
  2.2864999389648437e+002 2.9692718505859375e+002 13.
  2.3773205566406250e+002 5.0583328247070313e+001 0 -1
  2.3075495910644531e+002 2.9674728393554687e+002
  1.2043478965759277e+001 2.8968771362304688e+002
  5.8001800537109375e+001 0 -1 3.7319326782226562e+002
  2.9971316528320312e+002 1.4755102157592773e+001
  2.4836997985839844e+002 6.9165817260742187e+001 0 -1
  3.7520281982421875e+002 2.9910775756835937e+002
  1.2512194633483887e+001 2.9949487304687500e+002
  7.4298767089843750e+001 0 -1 3.7913909912109375e+002
  2.9974960327148437e+002 1.5599999427795410e+001
  3.4436676025390625e+002 5.4199996948242187e+001 0 -1
  3.7566729736328125e+002 3.0325949096679687e+002
  1.4500000000000000e+001 4.5223110198974609e+001
  5.7125000000000000e+001 0 -1 2.8060238647460937e+002
  4.9253410339355469e+001 2.0863101959228516e+001
  2.9850299072265625e+002 1.5782408142089844e+002 1 -1
  3.9697210693359375e+002 5.2500000000000000e+001 24.
  3.5310375213623047e+001 1.7271875000000000e+002 1 -1
  4.3850000000000000e+002 5.2489246368408203e+001 24.
  2.8526757812500000e+002 6.1666992187500000e+001 1 -1
  4.3708535766601562e+002 6.7110572814941406e+001
  1.7373672485351563e+001 1.8634433746337891e+001
  5.7314811706542969e+001 1 -1 2.6348745727539062e+002
  7.8117607116699219e+001 1.6753673553466797e+001
  3.0946072387695312e+002 1.0935386657714844e+002 1 -1
  3.3889004516601562e+002 8.0762870788574219e+001
  2.0454545974731445e+001 1.5211865234375000e+002
  1.7192045593261719e+002 1 -1 2.3344638061523437e+002
  9.7446754455566406e+001 1.4497515678405762e+001
  2.9186181640625000e+002 6.9615928649902344e+001 1 -1
  3.7105651855468750e+002 1.0120989990234375e+002
  1.9418205261230469e+001 2.0206962585449219e+002
  9.7589416503906250e+001 1 -1 3.7552404785156250e+002
  1.0062223815917969e+002 1.6777776718139648e+001
  2.5050283813476562e+002 4.9560180664062500e+001 1 -1
  3.7093188476562500e+002 1.0242481994628906e+002
  1.9430768966674805e+001 1.8861405944824219e+002
  9.5848083496093750e+001 1 -1 2.2739758300781250e+002
  1.6408360290527344e+002 2.0020406723022461e+001
  1.9736540222167969e+002 1.0177804565429687e+002 1 -1
  2.3174359130859375e+002 1.6359054565429687e+002
  1.6523809432983398e+001 2.5311206054687500e+002
  7.4906768798828125e+001 1 -1 2.2732563781738281e+002
  1.6686949157714844e+002 1.9941177368164063e+001
  1.6435546875000000e+002 1.0966912841796875e+002 1 -1
  3.7108093261718750e+002 1.6840002441406250e+002
  2.0538463592529297e+001 1.8404660034179687e+002
  1.0165383911132812e+002 1 -1 3.7552178955078125e+002
  2.3277981567382812e+002 1.5882353782653809e+001
  2.9169512939453125e+002 6.8117645263671875e+001 1 -1
  3.7050000000000000e+002 2.9850000000000000e+002 24.
  1.9823828125000000e+002 1.2566699218750000e+002 1 -1
  3.7321774291992187e+002 2.9927322387695312e+002
  1.5500000000000000e+001 2.5393896484375000e+002
  6.8083335876464844e+001 1 -1 3.9724072265625000e+002
  5.1978889465332031e+001 2.6837928771972656e+001
  4.5912975311279297e+001 1.7316737365722656e+002 2 -1
  2.0347372436523437e+002 5.7026283264160156e+001
  2.7236549377441406e+001 2.8387371826171875e+002
  6.5563606262207031e+001 2 -1 2.2800537109375000e+002
  5.7291221618652344e+001 3.1312534332275391e+001
  3.2473092651367187e+002 6.2735260009765625e+001 2 -1
