%YAML:1.0
---
recording:
   type: VideoRecording
   recordId: Action_20180109T154257
   channelId: main
   timeStamp: "131599861772090000"
   sessionTimestamp: "0"
   width: 0
   height: 0
   frameCount: 448
   fps: 2.9969999999999999e+001
   recordingType: 2000
   frameTransformRect: [ [ -1, -1 ], [ -1, -1 ], [ -1, -1 ], [ -1, -1 ] ]
   trackingMode: 0
   segments:
      - { startFrame:76, stopFrame:113, segmentType:2000, focusFrame:-1,
          focusPoint:{ values:[ -1., -1. ], type:Vector2 }, isFragment:0 }
      - { startFrame:0, stopFrame:441, segmentType:1000, focusFrame:-1,
          focusPoint:{ values:[ -1., -1. ], type:Vector2 }, isFragment:0 }
   framesRelTs: [ "0", "260000", "460000", "640000", "830000", "2250000",
       "2430000", "2610000", "2790000", "2960000", "3130000", "4040000",
       "4210000", "4430000", "4610000", "4790000", "4940000", "5830000",
       "6000000", "6160000", "6320000", "6480000", "6640000", "7600000",
       "7770000", "7950000", "8130000", "8300000", "8460000", "9380000",
       "9540000", "9710000", "9880000", "10040000", "10330000",
       "11140000", "11320000", "11490000", "11690000", "11980000",
       "12310000", "12920000", "13090000", "13300000", "13630000",
       "13950000", "14740000", "14910000", "15060000", "15290000",
       "15620000", "15950000", "16500000", "16670000", "16920000",
       "17240000", "17570000", "18300000", "18470000", "18620000",
       "18890000", "19230000", "20060000", "20240000", "20420000",
       "20610000", "20870000", "21190000", "21870000", "22050000",
       "22240000", "22500000", "22840000", "23660000", "23840000",
       "24040000", "24230000", "24480000", "24810000", "25460000",
       "25640000", "25820000", "26130000", "26460000", "27220000",
       "27420000", "27600000", "27790000", "28100000", "28430000",
       "28970000", "29150000", "29410000", "29740000", "30060000",
       "30770000", "30940000", "31120000", "31380000", "31710000",
       "32540000", "32720000", "32890000", "33060000", "33360000",
       "33680000", "34330000", "34510000", "34690000", "35020000",
       "35350000", "36120000", "36280000", "36460000", "36640000",
       "36840000", "37170000", "37870000", "38050000", "38220000",
       "38470000", "38790000", "39610000", "39800000", "39950000",
       "40270000", "40460000", "41370000", "41530000", "41720000",
       "41890000", "42100000", "42430000", "43190000", "43380000",
       "43540000", "43750000", "44090000", "44420000", "44950000",
       "45120000", "45400000", "45740000", "46060000", "46740000",
       "46920000", "47110000", "47370000", "47690000", "48540000",
       "48720000", "48900000", "49080000", "49340000", "49670000",
       "50300000", "50460000", "50670000", "50990000", "51320000",
       "52060000", "52230000", "52400000", "52640000", "52970000",
       "53290000", "53840000", "54020000", "54270000", "54600000",
       "54920000", "55650000", "55840000", "56000000", "56230000",
       "56560000", "56890000", "57400000", "57580000", "57870000",
       "58200000", "58520000", "59200000", "59380000", "59560000",
       "59820000", "60160000", "60990000", "61170000", "61340000",
       "61530000", "61800000", "62130000", "62800000", "62980000",
       "63190000", "63420000", "63760000", "64600000", "64780000",
       "64950000", "65130000", "65400000", "65730000", "66370000",
       "66550000", "66750000", "67060000", "67390000", "68190000",
       "68380000", "68560000", "68740000", "69020000", "69360000",
       "70000000", "70180000", "70370000", "70680000", "71010000",
       "71750000", "71930000", "72110000", "72320000", "72650000",
       "72980000", "73510000", "73690000", "73950000", "74290000",
       "74610000", "75320000", "75490000", "75680000", "75920000",
       "76240000", "77070000", "77260000", "77430000", "77620000",
       "77890000", "78210000", "78870000", "79050000", "79220000",
       "79530000", "79870000", "80640000", "80820000", "81000000",
       "81200000", "81520000", "81860000", "82410000", "82600000",
       "82830000", "83150000", "83480000", "84200000", "84380000",
       "84570000", "84790000", "85140000", "85950000", "86140000",
       "86310000", "86520000", "86700000", "87690000", "87870000",
       "88060000", "88260000", "88430000", "89390000", "89580000",
       "89750000", "89920000", "90110000", "90290000", "91160000",
       "91340000", "91540000", "91720000", "91900000", "92190000",
       "92940000", "93120000", "93290000", "93500000", "93840000",
       "94170000", "94650000", "94840000", "95150000", "95480000",
       "95810000", "96420000", "96580000", "96800000", "97130000",
       "97450000", "98180000", "98350000", "98520000", "98760000",
       "99090000", "99420000", "99910000", "100090000", "100400000",
       "100730000", "101060000", "101680000", "101860000", "102070000",
       "102390000", "102710000", "103460000", "103650000", "103820000",
       "104040000", "104350000", "104690000", "105220000", "105400000",
       "105660000", "106000000", "106320000", "106980000", "107160000",
       "107340000", "107650000", "107980000", "108730000", "108920000",
       "109080000", "109300000", "109640000", "109970000", "110490000",
       "110660000", "110950000", "111280000", "111600000", "112240000",
       "112420000", "112600000", "112920000", "113250000", "113990000",
       "114190000", "114400000", "114580000", "114890000", "115220000",
       "115730000", "115900000", "116210000", "116540000", "116850000",
       "117500000", "117670000", "117860000", "118170000", "118500000",
       "119240000", "119410000", "119570000", "119810000", "120140000",
       "120470000", "121000000", "121180000", "121460000", "121800000",
       "122140000", "122800000", "122980000", "123150000", "123450000",
       "123770000", "124540000", "124720000", "124900000", "125100000",
       "125290000", "125590000", "126380000", "126740000", "126930000",
       "127100000", "127310000", "128200000", "128360000", "128560000",
       "128720000", "128910000", "129230000", "129990000", "130180000",
       "130340000", "130560000", "130870000", "131210000", "131730000",
       "131900000", "132190000", "132530000", "132840000", "133470000",
       "133640000", "133840000", "134170000", "134510000", "135190000",
       "135350000", "135520000", "135810000", "136150000", "136930000",
       "137100000", "137280000", "137480000", "137800000", "138140000",
       "138650000", "138820000", "139110000", "139450000", "139760000",
       "140410000", "140590000", "140760000", "141070000", "141410000",
       "142140000", "142300000", "142480000", "142710000", "143040000",
       "143370000", "143890000", "144060000", "144360000", "144700000",
       "145010000", "145640000", "147100000" ]
   chunks:
      - { path:"Recordings/Action_20180109T154257/recording.avi",
          startFrameIdx:0 }
