%YAML:1.0
---
recording:
   type: VideoRecording
   recordId: Action_20171122T105753
   channelId: main
   timeStamp: "131558218736080000"
   sessionTimestamp: "0"
   width: -1
   height: -1
   frameCount: 123
   fps: 2.9969999999999999e+001
   recordingType: 2000
   frameTransformRect: [ [ -1, -1 ], [ -1, -1 ], [ -1, -1 ], [ -1, -1 ] ]
   trackingMode: 1
   segments:
      - { startFrame:39, stopFrame:63, segmentType:2000, focusFrame:-1,
          focusPoint:{ values:[ -1., -1. ], type:Vector2 }, isFragment:0 }
      - { startFrame:91, stopFrame:113, segmentType:2000, focusFrame:-1,
          focusPoint:{ values:[ -1., -1. ], type:Vector2 }, isFragment:0 }
      - { startFrame:0, stopFrame:116, segmentType:1000, focusFrame:-1,
          focusPoint:{ values:[ -1., -1. ], type:Vector2 }, isFragment:0 }
   framesRelTs: [ "0", "590000", "1100000", "2720000", "3180000",
       "4630000", "5210000", "5880000", "6340000", "7130000", "7700000",
       "8400000", "8920000", "9640000", "10260000", "11040000",
       "11520000", "12360000", "12950000", "13680000", "14170000",
       "15000000", "15670000", "16480000", "17100000", "17890000",
       "18560000", "19170000", "19770000", "20450000", "20970000",
       "21680000", "22240000", "22960000", "23420000", "24180000",
       "24710000", "25440000", "26060000", "26790000", "27220000",
       "27930000", "28520000", "29090000", "29680000", "30370000",
       "30900000", "31590000", "32220000", "32740000", "33320000",
       "33980000", "34530000", "35200000", "35670000", "36520000",
       "37120000", "37720000", "38330000", "38990000", "39650000",
       "40120000", "40720000", "41460000", "42190000", "42780000",
       "43410000", "43920000", "44490000", "45110000", "45690000",
       "46350000", "46890000", "47400000", "47900000", "48640000",
       "49270000", "49840000", "50390000", "50970000", "51630000",
       "52270000", "52800000", "53560000", "54150000", "54880000",
       "55480000", "56140000", "56680000", "57410000", "57980000",
       "58550000", "59030000", "59810000", "60410000", "61140000",
       "61760000", "62560000", "63080000", "63830000", "64400000",
       "64950000", "65530000", "66190000", "66880000", "67470000",
       "67980000", "68720000", "69310000", "70030000", "70660000",
       "71240000", "71820000", "72400000", "72940000", "73570000",
       "74040000", "74890000", "75400000", "76220000", "76780000",
       "77410000", "78520000" ]
   chunks:
      - { path:"Recordings/Action_20171122T105753/recording.avi",
          startFrameIdx:0 }
