<?xml version="1.0"?>
<opencv_storage>
<keyPoints>
  4.4125000000000000e+002 4.6750000000000000e+001 18.
  2.7883242797851562e+002 5.4666992187500000e+001 0 -1
  3.9875027465820312e+002 4.7315090179443359e+001
  1.3513273239135742e+001 3.7769531250000000e+001
  1.3259405517578125e+002 0 -1 229. 5.2750000000000000e+001 18.
  3.0554385375976562e+002 42. 0 -1 2.7918426513671875e+002
  5.2962539672851563e+001 1.3875000000000000e+001
  7.9231658935546875e+001 4.2562500000000000e+001 0 -1
  4.2970364379882812e+002 6.2483886718750000e+001
  1.3984615325927734e+001 2.1541671752929687e+002
  8.6555755615234375e+001 0 -1 4.4281088256835937e+002
  6.2595939636230469e+001 1.3384614944458008e+001
  2.5872179031372070e+001 3.8692306518554687e+001 0 -1
  2.0295516967773437e+002 7.2187744140625000e+001
  1.4212121963500977e+001 3.0252441406250000e+001
  1.3072854614257812e+002 0 -1 2.0328059387207031e+002
  7.6266822814941406e+001 1.3453608512878418e+001
  6.8693458557128906e+001 1.1884664916992187e+002 0 -1
  2.6594696044921875e+002 7.6494194030761719e+001
  1.3857143402099609e+001 3.0361260986328125e+002
  1.1902380371093750e+002 0 -1 2.3841462707519531e+002
  9.9633392333984375e+001 1.4454545974731445e+001
  7.7639732360839844e+001 3.7761367797851562e+001 0 -1
  4.7990771484375000e+002 1.3059512329101562e+002
  1.0909090995788574e+001 2.3177389526367187e+002
  3.9727272033691406e+001 0 -1 4.8949887084960937e+002
  1.3426802062988281e+002 1.3864864349365234e+001
  2.1918947219848633e+001 4.1787155151367188e+001 0 -1
  2.4164476013183594e+002 1.6513398742675781e+002
  1.4676424026489258e+001 1.9810890197753906e+002
  3.4439338684082031e+001 0 -1 2.3662019348144531e+002
  1.6632388305664062e+002 1.4465065956115723e+001
  2.2218318176269531e+002 4.1914001464843750e+001 0 -1
  4.8147396850585937e+002 1.7176072692871094e+002
  1.2464788436889648e+001 2.2416020202636719e+002
  4.1213043212890625e+001 0 -1 4.8448785400390625e+002
  1.7214514160156250e+002 1.0050580024719238e+001
  2.4923458862304688e+002 4.3507198333740234e+001 0 -1
  4.8945269775390625e+002 1.7267356872558594e+002
  1.6805507659912109e+001 3.4876980590820312e+002
  1.6611993408203125e+002 0 -1 4.7406939697265625e+002
  1.7484812927246094e+002 1.4171403884887695e+001
  1.7093949890136719e+002 1.6543365478515625e+002 0 -1
  4.8726107788085937e+002 1.7600173950195312e+002
  1.2631579399108887e+001 5.8793655395507812e+001
  3.5210525512695312e+001 0 -1 4.8311602783203125e+002
  2.2151824951171875e+002 1.1816326141357422e+001
  2.3041885375976562e+002 3.2022964477539062e+001 0 -1
  4.8590151977539062e+002 2.2419357299804687e+002
  1.3857143402099609e+001 9.0868522644042969e+001
  4.5005950927734375e+001 0 -1 2.8080117797851562e+002
  4.6710239410400391e+001 1.9592393875122070e+001
  2.9372558593750000e+002 1.5508045959472656e+002 1 -1 399. 48. 12.
  3.8192699432373047e+001 1.3055555725097656e+002 1 -1
  3.9625000000000000e+002 4.6956470489501953e+001
  1.9283512115478516e+001 3.9626636505126953e+001
  9.5399894714355469e+001 1 -1 2.6623010253906250e+002
  7.2983627319335938e+001 21. 3.0853356933593750e+002
  1.2926049804687500e+002 1 -1 3.7843994140625000e+002
  9.9433517456054688e+001 21. 3.2095718383789062e+002
  3.9000015258789063e+001 1 -1 4.7012554931640625e+002
  1.3359863281250000e+002 1.6061399459838867e+001
  1.7439582824707031e+002 1.6247319030761719e+002 1 -1
  3.7613232421875000e+002 1.6326235961914062e+002
  2.1223602294921875e+001 3.4603344726562500e+002
  3.5561798095703125e+001 1 -1 2.3592788696289062e+002
  1.6469688415527344e+002 2.0455997467041016e+001
  2.1817799377441406e+002 4.9612075805664063e+001 1 -1
  3.7837472534179687e+002 1.6596826171875000e+002
  2.0080707550048828e+001 3.3540454101562500e+002
  4.1844512939453125e+001 1 -1 4.7426141357421875e+002
  2.2368731689453125e+002 1.7002601623535156e+001
  1.6635369873046875e+002 1.5770510864257812e+002 1 -1
  4.8565625000000000e+002 2.2313775634765625e+002 21.
  6.1545768737792969e+001 47. 1 -1 2.3493449401855469e+002
  2.2870652770996094e+002 2.0262424468994141e+001
  8.4094406127929688e+001 3.4156616210937500e+001 1 -1
  4.7902008056640625e+002 2.6252346801757812e+002
  1.9355108261108398e+001 1.7935650634765625e+002
  1.5546514892578125e+002 1 -1 2.3652722167968750e+002
  2.9709683227539062e+002 2.0693260192871094e+001
  8.2996940612792969e+001 3.4706634521484375e+001 1 -1
  3.7821887207031250e+002 2.9753457641601562e+002
  2.3129203796386719e+001 7.7516929626464844e+001
  3.2198608398437500e+001 1 -1 4.4074557495117187e+002
  4.7509571075439453e+001 2.7290697097778320e+001
  8.4786270141601563e+001 6.7496253967285156e+001 2 -1
  3.9779754638671875e+002 4.7651405334472656e+001
  2.2692424774169922e+001 4.4621089935302734e+001
  1.2325363922119141e+002 2 -1 3.8716134643554687e+002
  5.1565948486328125e+001 3.2380302429199219e+001
  7.4917671203613281e+001 4.8064167022705078e+001 2 -1
  2.0351391601562500e+002 5.5392498016357422e+001
  2.7973726272583008e+001 3.0419906616210937e+002
  6.3597637176513672e+001 2 -1 4.2925408935546875e+002
  6.3468200683593750e+001 2.4634334564208984e+001
  2.0861752319335937e+002 9.0717338562011719e+001 2 -1
  4.4140808105468750e+002 6.1453315734863281e+001
  2.8318531036376953e+001 3.2437945556640625e+002
  7.0507240295410156e+001 2 -1 2.6648010253906250e+002
  7.3233619689941406e+001 21. 3.0917089843750000e+002
  1.3104167175292969e+002 2 -1 3.4575518798828125e+002
  7.6339530944824219e+001 29. 1.5564082336425781e+002
  1.8504167175292969e+002 2 -1 4.2950643920898437e+002
  7.5959793090820312e+001 2.7480142593383789e+001
  9.8770454406738281e+001 8.1164741516113281e+001 2 -1
  2.3588978576660156e+002 9.7500663757324219e+001
  2.7860383987426758e+001 5.0695297241210938e+001
  4.9883251190185547e+001 2 -1 3.7857626342773437e+002
  9.9516571044921875e+001 21. 3.2003909301757812e+002
  3.6227050781250000e+001 2 -1 4.8590054321289062e+002
  1.3136608886718750e+002 2.6637165069580078e+001
  3.2231640625000000e+002 1.9179150390625000e+002 2 -1
  2.3573144531250000e+002 1.6388558959960937e+002
  2.6661842346191406e+001 5.0660644531250000e+001
  4.9163082122802734e+001 2 -1 3.7789807128906250e+002
  1.6454112243652344e+002 2.9823940277099609e+001
  3.1720214843750000e+002 4.0142429351806641e+001 2 -1
  4.8954736328125000e+002 1.7261404418945312e+002
  2.7974998474121094e+001 2.6236386108398437e+002
  1.9185209655761719e+002 2 -1 4.7569519042968750e+002
  1.7468525695800781e+002 2.5776184082031250e+001
  1.9027624511718750e+002 1.6171578979492187e+002 2 -1
  4.8992907714843750e+002 2.2383204650878906e+002
  2.7566684722900391e+001 1.2248911285400391e+002
  1.9609931945800781e+002 2 -1 2.3583573913574219e+002
  2.3006277465820313e+002 2.5424156188964844e+001
  8.3087211608886719e+001 3.8400669097900391e+001 2 -1
  3.7779000854492187e+002 2.3014921569824219e+002
  2.8227291107177734e+001 8.5193824768066406e+001
  3.2618141174316406e+001 2 -1 4.8027429199218750e+002
  2.6239682006835937e+002 2.6225372314453125e+001
  1.4253656005859375e+002 1.6325732421875000e+002 2 -1
  2.3537533569335938e+002 2.9642773437500000e+002
  2.4673469543457031e+001 8.2477432250976563e+001
  3.3986537933349609e+001 2 -1 3.7827447509765625e+002
  2.9693597412109375e+002 2.5153844833374023e+001
  7.7048271179199219e+001 3.0080129623413086e+001 2 -1
  2.0249031066894531e+002 5.6632102966308594e+001
  3.6381629943847656e+001 4.5136039733886719e+001
  6.7009719848632813e+001 3 -1 3.4735644531250000e+002
  7.5811737060546875e+001 3.2516128540039063e+001
  1.5560281372070313e+002 1.9961289978027344e+002 3 -1
  2.3631179809570312e+002 9.7738113403320313e+001 24.
  5.2019725799560547e+001 4.9134765625000000e+001 3 -1
  4.7324890136718750e+002 1.3283566284179687e+002
  3.7164215087890625e+001 2.6691143798828125e+002
  1.4321020507812500e+002 3 -1 4.8923364257812500e+002
  1.7344454956054687e+002 4.2363636016845703e+001
  2.0053219604492187e+002 1.7264015197753906e+002 4 -1</keyPoints>
