<?xml version="1.0"?>
<opencv_storage>
<keyPoints>
  2.6734338378906250e+002 2.8637834548950195e+001
  1.5506971359252930e+001 9.0682403564453125e+001
  3.4055992126464844e+001 0 -1 3.8907077026367188e+002
  2.8877426147460938e+001 1.3114285469055176e+001
  1.7580052185058594e+002 3.7603561401367188e+001 0 -1
  3.8883517456054687e+002 3.1739011764526367e+001
  1.1769230842590332e+001 2.1045005798339844e+002
  3.7048080444335938e+001 0 -1 280. 45. 18. 2.8440771484375000e+002 66.
  0 -1 3.9882052612304687e+002 4.7627506256103516e+001
  1.3990098953247070e+001 3.8535850524902344e+001
  1.2555569458007813e+002 0 -1 2.0425000000000000e+002
  5.2750000000000000e+001 18. 2.7986853027343750e+002
  4.4111328125000000e+001 0 -1 2.7957562255859375e+002
  5.2788757324218750e+001 1.3396885871887207e+001
  7.5936065673828125e+001 4.4744354248046875e+001 0 -1
  4.3166534423828125e+002 6.2442615509033203e+001
  1.3608695983886719e+001 2.1930789184570312e+002
  8.5480072021484375e+001 0 -1 4.4576953125000000e+002
  6.2804405212402344e+001 1.3058822631835938e+001
  3.2550262451171875e+001 4.4529411315917969e+001 0 -1
  2.0572917175292969e+002 7.2158256530761719e+001
  1.4125000000000000e+001 2.5890590667724609e+001
  1.2802084350585938e+002 0 -1 2.6891613769531250e+002
  7.2446014404296875e+001 1.4443299293518066e+001
  2.9463458251953125e+002 1.4504254150390625e+002 0 -1
  2.0573492431640625e+002 7.6562934875488281e+001
  1.2343978881835938e+001 6.0227119445800781e+001
  1.1637576293945312e+002 0 -1 2.6870468139648437e+002
  7.6555198669433594e+001 1.3955209732055664e+001
  3.0442895507812500e+002 1.1957022094726562e+002 0 -1
  3.4481115722656250e+002 7.7441734313964844e+001
  1.4147066116333008e+001 1.5872926330566406e+002
  1.5633523559570312e+002 0 -1 4.3162484741210937e+002
  7.7644378662109375e+001 1.4217391967773438e+001
  8.7855087280273437e+001 6.7141311645507813e+001 0 -1
  2.3771624755859375e+002 9.7679954528808594e+001
  1.2276868820190430e+001 2.3889852905273437e+002
  7.6434082031250000e+001 0 -1 2.4463104248046875e+002
  9.7618736267089844e+001 1.2882352828979492e+001
  3.4681845092773437e+002 3.6367645263671875e+001 0 -1
  2.3648991394042969e+002 1.0127954101562500e+002
  1.1782608985900879e+001 2.0352198791503906e+002
  4.3045288085937500e+001 0 -1 2.4373071289062500e+002
  1.0132555389404297e+002 1.2500000000000000e+001
  3.5143719482421875e+002 4.0166671752929687e+001 0 -1
  3.8049411010742187e+002 1.0049066925048828e+002
  1.3623514175415039e+001 2.7830493164062500e+002
  3.5322921752929687e+001 0 -1 2.3923373413085937e+002
  1.0401136779785156e+002 1.3339876174926758e+001
  3.0664468383789062e+002 7.9610717773437500e+001 0 -1
  2.3781936645507812e+002 1.4462561035156250e+002
  1.2521724700927734e+001 1.4352052307128906e+002
  3.2096611022949219e+001 0 -1 2.3623544311523437e+002
  1.9676947021484375e+002 8.3999996185302734e+000
  2.0787390136718750e+002 3.3840000152587891e+001 0 -1
  2.3701879882812500e+002 2.0094029235839844e+002
  1.1961039543151855e+001 2.9467283248901367e+001
  6.1001632690429688e+001 0 -1 2.3645625305175781e+002
  2.1148188781738281e+002 1.3917507171630859e+001
  9.2224441528320312e+001 5.9054046630859375e+001 0 -1
  3.8016006469726562e+002 2.3271565246582031e+002
  1.3875000000000000e+001 9.6334625244140625e+001
  3.2562500000000000e+001 0 -1 2.8101962280273437e+002
  4.6670730590820312e+001 2.0599891662597656e+001
  2.9871319580078125e+002 1.4937159729003906e+002 1 -1
  3.9576806640625000e+002 4.7939392089843750e+001
  1.7223878860473633e+001 4.1887889862060547e+001
  9.4199394226074219e+001 1 -1 2.3806817626953125e+002
  9.4169204711914063e+001 2.0752019882202148e+001
  2.8613735961914062e+002 1.4878103637695312e+002 1 -1
  2.4250000000000000e+002 9.4500000000000000e+001 24.
  3.1577508544921875e+002 6.8888885498046875e+001 1 -1
  3.7997784423828125e+002 9.9137542724609375e+001
  1.8692306518554687e+001 3.0850894165039062e+002
  3.5086540222167969e+001 1 -1 2.3888874816894531e+002
  1.0520095062255859e+002 1.7571426391601562e+001
  3.1657397460937500e+002 7.7107147216796875e+001 1 -1
  3.7951147460937500e+002 1.6470700073242187e+002 21.
  2.4752993774414062e+002 3.5250000000000000e+001 1 -1
  2.3666043090820313e+002 2.0240170288085937e+002
  1.7672969818115234e+001 8.2180175781250000e+001
  3.6034820556640625e+001 1 -1 2.3581394958496094e+002
  2.1101864624023437e+002 1.9416494369506836e+001
  9.6923286437988281e+001 6.0211181640625000e+001 1 -1
  2.3650000000000000e+002 2.9650000000000000e+002 24.
  8.5450958251953125e+001 3.2444442749023438e+001 1 -1
  2.8158401489257812e+002 4.7064197540283203e+001
  1.9580001831054688e+001 2.9556396484375000e+002
  1.5107069396972656e+002 2 -1 3.9788464355468750e+002
  4.7781524658203125e+001 2.2984348297119141e+001
  4.4879608154296875e+001 1.2107265472412109e+002 2 -1
  2.2941052246093750e+002 5.5446472167968750e+001
  2.8269290924072266e+001 3.1476617431640625e+002
  7.6108482360839844e+001 2 -1 2.0378105163574219e+002
  5.4802913665771484e+001 2.8064880371093750e+001
  3.0528265380859375e+002 6.4846214294433594e+001 2 -1
  4.3119290161132812e+002 6.3442756652832031e+001
  2.5029710769653320e+001 2.1023062133789063e+002
  9.1961021423339844e+001 2 -1 4.4359353637695312e+002
  6.1485805511474609e+001 2.6278892517089844e+001
  3.3588980102539062e+002 6.5560951232910156e+001 2 -1
  3.4742398071289062e+002 7.6426490783691406e+001
  2.8859155654907227e+001 1.5454705810546875e+002
  2.0176115417480469e+002 2 -1 2.3831059265136719e+002
  9.5047821044921875e+001 2.9058822631835938e+001
  3.1678750610351562e+002 1.6327934265136719e+002 2 -1
  2.3965667724609375e+002 1.0627880859375000e+002 21.
  3.4159396362304688e+002 72. 2 -1 2.3912196350097656e+002
  1.4174256896972656e+002 2.7576923370361328e+001
  5.3083328247070312e+001 4.4080120086669922e+001 2 -1
  3.8003009033203125e+002 1.6408082580566406e+002
  2.5004062652587891e+001 2.6900976562500000e+002
  3.7730926513671875e+001 2 -1 2.3677819824218750e+002
  1.9682208251953125e+002 2.6586208343505859e+001
  8.0576248168945313e+001 3.7795978546142578e+001 2 -1
  2.3729431152343750e+002 2.0105033874511719e+002
  2.7196720123291016e+001 7.8381317138671875e+001
  5.0885944366455078e+001 2 -1 2.3775000000000000e+002
  2.0325000000000000e+002 18. 4.8665538787841797e+001
  3.5555664062500000e+001 2 -1 2.3645811462402344e+002
  2.1010214233398438e+002 2.3790401458740234e+001
  8.8966056823730469e+001 6.7011497497558594e+001 2 -1 235. 226. 36.
  8.9273368835449219e+001 87. 2 -1 2.3586355590820312e+002
  2.2825596618652344e+002 2.8519607543945313e+001
  9.0292503356933594e+001 9.4457153320312500e+001 2 -1
  3.8034973144531250e+002 2.3008784484863281e+002
  2.3838817596435547e+001 8.8838539123535156e+001
  3.1541793823242188e+001 2 -1 2.3727746582031250e+002
  2.9725134277343750e+002 1.9364004135131836e+001
  8.8326637268066406e+001 3.1026041030883789e+001 2 -1
  2.2892617797851562e+002 5.5310081481933594e+001
  3.0229709625244141e+001 3.3172659301757813e+002
  7.3407455444335938e+001 3 -1 4.4283160400390625e+002
  6.1888984680175781e+001 24. 3.4857476806640625e+002
  6.3107002258300781e+001 3 -1 4.3057064819335937e+002
  6.5289932250976563e+001 3.1796844482421875e+001
  4.6348915100097656e+001 8.4298606872558594e+001 3 -1
  2.0541120910644531e+002 7.4447387695312500e+001
  3.1028572082519531e+001 7.7263212203979492e+000
  8.7003570556640625e+001 3 -1 3.4899200439453125e+002
  7.5905288696289063e+001 3.4952377319335938e+001
  1.5839913940429687e+002 1.9824008178710937e+002 3 -1
  4.3071459960937500e+002 7.5458267211914062e+001
  3.2004486083984375e+001 9.3678848266601563e+001
  8.4327362060546875e+001 3 -1 2.3819021606445312e+002
  1.4074867248535156e+002 3.1846153259277344e+001
  6.9974815368652344e+001 3.1778846740722656e+001 3 -1
  2.3595631408691406e+002 2.2729537963867187e+002
  3.7466667175292969e+001 8.7017219543457031e+001
  8.7336090087890625e+001 3 -1 350. 77. 36. 1.5075238037109375e+002
