%YAML:1.0
---
recording:
   type: VideoRecording
   recordId: Action_20171124T115649
   channelId: main
   timeStamp: "131559982098780000"
   sessionTimestamp: "0"
   width: -1
   height: -1
   frameCount: 171
   fps: 2.9969999999999999e+001
   recordingType: 2000
   frameTransformRect: [ [ -1, -1 ], [ -1, -1 ], [ -1, -1 ], [ -1, -1 ] ]
   trackingMode: 1
   segments:
      - { startFrame:0, stopFrame:164, segmentType:1000, focusFrame:-1,
          focusPoint:{ values:[ -1., -1. ], type:Vector2 }, isFragment:0 }
   framesRelTs: [ "0", "210000", "530000", "860000", "1180000",
       "1650000", "1970000", "2290000", "2610000", "2940000", "3250000",
       "3570000", "3890000", "4210000", "4550000", "4920000", "5170000",
       "5490000", "6100000", "6350000", "6610000", "6930000", "7260000",
       "7570000", "7890000", "8220000", "8530000", "8850000", "9170000",
       "9500000", "10000000", "10360000", "10630000", "10930000",
       "11250000", "11570000", "11890000", "12220000", "12530000",
       "12850000", "13170000", "13500000", "13980000", "14290000",
       "14610000", "14930000", "15260000", "15580000", "16050000",
       "16370000", "16690000", "17010000", "17330000", "17650000",
       "17980000", "18290000", "18610000", "18930000", "19250000",
       "19570000", "20210000", "20450000", "20690000", "21020000",
       "21330000", "21650000", "21970000", "22290000", "22610000",
       "22930000", "23250000", "23580000", "24050000", "24370000",
       "24690000", "25010000", "25330000", "25660000", "25970000",
       "26420000", "26650000", "26930000", "27250000", "27570000",
       "27910000", "28370000", "28690000", "29010000", "29330000",
       "29650000", "29980000", "30290000", "30610000", "30940000",
       "31250000", "31570000", "31890000", "32370000", "32690000",
       "33020000", "33330000", "33650000", "33980000", "34290000",
       "34610000", "34930000", "35260000", "35710000", "35920000",
       "36230000", "36690000", "37010000", "37330000", "37650000",
       "37980000", "38290000", "38610000", "38930000", "39260000",
       "39570000", "39890000", "40210000", "40690000", "41010000",
       "41330000", "41650000", "41970000", "42290000", "42610000",
       "42930000", "43250000", "43570000", "43890000", "44210000",
       "44530000", "45010000", "45330000", "45650000", "45970000",
       "46290000", "46610000", "46930000", "47250000", "47570000",
       "47890000", "48210000", "48540000", "49010000", "49330000",
       "49650000", "49970000", "50300000", "50610000", "50930000",
       "51250000", "51570000", "51890000", "52210000", "52640000",
       "53010000", "53330000", "53650000", "53970000", "54300000",
       "54610000", "54930000", "55250000", "55570000", "55890000",
       "56210000", "56620000" ]
   chunks:
      - { path:"Recordings/Action_20171124T115649/recording.avi",
          startFrameIdx:0 }
