%YAML:1.0
---
recording:
   type: VideoRecording
   recordId: Action_20171122T133402
   channelId: main
   timeStamp: "131558312424690000"
   sessionTimestamp: "0"
   width: 0
   height: 0
   frameCount: 95
   fps: 2.9969999999999999e+001
   recordingType: 2000
   frameTransformRect: [ [ -1, -1 ], [ -1, -1 ], [ -1, -1 ], [ -1, -1 ] ]
   trackingMode: 1
   segments:
      - { startFrame:52, stopFrame:82, segmentType:2000, focusFrame:-1,
          focusPoint:{ values:[ -1., -1. ], type:Vector2 }, isFragment:0 }
      - { startFrame:0, stopFrame:88, segmentType:1000, focusFrame:-1,
          focusPoint:{ values:[ -1., -1. ], type:Vector2 }, isFragment:0 }
   framesRelTs: [ "0", "460000", "1120000", "1950000", "3420000",
       "4010000", "5150000", "5920000", "7020000", "8020000", "9200000",
       "9920000", "11030000", "11980000", "12960000", "14180000",
       "15150000", "16210000", "17020000", "17940000", "19040000",
       "20140000", "20980000", "22030000", "23120000", "24180000",
       "25010000", "25970000", "27070000", "28400000", "29030000",
       "30100000", "31030000", "32000000", "32960000", "33940000",
       "35110000", "36210000", "36970000", "37950000", "38920000",
       "40160000", "40980000", "41930000", "42880000", "44020000",
       "45200000", "46000000", "46910000", "48180000", "48950000",
       "49940000", "50940000", "52000000", "53220000", "53920000",
       "54880000", "56160000", "56970000", "57920000", "58910000",
       "60040000", "61150000", "61990000", "62910000", "64050000",
       "65010000", "65930000", "66990000", "68140000", "69070000",
       "69960000", "70950000", "72050000", "73030000", "73940000",
       "74910000", "76040000", "77050000", "77960000", "78910000",
       "79990000", "81030000", "81930000", "83090000", "84020000",
       "84960000", "85920000", "86930000", "88110000", "88970000",
       "89920000", "90950000", "92070000", "93370000" ]
   chunks:
      - { path:"Recordings/Action_20171122T133402/recording.avi",
          startFrameIdx:0 }
