<?xml version="1.0"?>
<opencv_storage>
<keyPoints>
  2.7157052612304688e+002 2.5442575454711914e+001
  1.4844625473022461e+001 8.9835403442382813e+001
  3.4796234130859375e+001 0 -1 3.1057891845703125e+002
  2.6352439880371094e+001 1.2272727012634277e+001
  8.6677909851074219e+001 5.1045455932617188e+001 0 -1 316.
  2.6911909103393555e+001 1.2248611450195313e+001
  8.3519577026367188e+001 3.3631660461425781e+001 0 -1
  4.1117459106445312e+002 2.7108928680419922e+001
  1.2466667175292969e+001 8.7916305541992188e+001
  4.9136123657226563e+001 0 -1 2.6728921508789062e+002
  2.7894607543945313e+001 1.3874370574951172e+001
  8.9043411254882813e+001 6.7063262939453125e+001 0 -1
  3.9154617309570312e+002 2.7957345962524414e+001
  1.3777778625488281e+001 9.4656509399414063e+001
  5.9370376586914063e+001 0 -1 2.2586033630371094e+002
  2.9499568939208984e+001 1.2759193420410156e+001
  9.5013793945312500e+001 4.1074142456054687e+001 0 -1
  2.5968841552734375e+002 2.9936706542968750e+001
  1.1555555343627930e+001 8.5566322326660156e+001
  3.7148147583007812e+001 0 -1 2.7537390136718750e+002
  2.9670627593994141e+001 1.3825826644897461e+001
  9.3594551086425781e+001 3.7554824829101563e+001 0 -1
  4.1413592529296875e+002 3.0012403488159180e+001
  1.1307692527770996e+001 8.0762969970703125e+001
  3.5259613037109375e+001 0 -1 4.1889752197265625e+002
  3.1841470718383789e+001 1.2391304969787598e+001
  8.0249015808105469e+001 3.1048912048339844e+001 0 -1
  3.7464044189453125e+002 4.2330467224121094e+001
  1.4307692527770996e+001 1.9754466247558594e+002
  6.0846160888671875e+001 0 -1 3.9739193725585938e+002
  4.4824928283691406e+001 1.6046512603759766e+001
  3.1257733154296875e+002 1.4355813598632812e+002 0 -1
  2.8338259887695312e+002 4.9905246734619141e+001
  1.4351351737976074e+001 2.3705120086669922e+001
  4.3841217041015625e+001 0 -1 2.3038388061523437e+002
  5.4775821685791016e+001 15. 1.1853556632995605e+001
  5.4625000000000000e+001 0 -1 2.5092825317382812e+002
  8.0989006042480469e+001 1.3615385055541992e+001
  3.3780526733398437e+002 3.4942306518554687e+001 0 -1
  3.1161151123046875e+002 8.5310508728027344e+001
  1.4750000000000000e+001 3.7048633098602295e+000
  6.4041656494140625e+001 0 -1 4.0180847167968750e+002
  8.5953392028808594e+001 1.3153846740722656e+001
  1.1076540946960449e+001 3.8721145629882812e+001 0 -1
  2.1578932189941406e+002 1.0173747253417969e+002
  1.3178571701049805e+001 2.7330117797851562e+002
  5.3080352783203125e+001 0 -1 3.9485140991210937e+002
  1.0315990447998047e+002 12. 2.5381506347656250e+002
  3.2049804687500000e+001 0 -1 4.2243576049804687e+002
  1.0349330139160156e+002 1.3613508224487305e+001
  2.9844357299804687e+002 5.8415786743164063e+001 0 -1
  4.2047384643554687e+002 1.0411257171630859e+002
  1.5285715103149414e+001 2.9767187500000000e+002
  3.8148811340332031e+001 0 -1 2.1135406494140625e+002
  1.0573773956298828e+002 1.2801043510437012e+001
  2.6402951049804687e+002 3.7059356689453125e+001 0 -1
  2.4704309082031250e+002 1.1210562896728516e+002
  1.3931339263916016e+001 2.9417257690429687e+002
  4.8080108642578125e+001 0 -1 2.4638754272460937e+002
  1.1765208435058594e+002 1.5838457107543945e+001
  3.0408648681640625e+002 4.8206802368164063e+001 0 -1
  4.7273599243164062e+002 1.2812083435058594e+002
  1.2199999809265137e+001 2.4944470214843750e+002
  3.0025009155273437e+001 0 -1 2.4635588073730469e+002
  1.6972277832031250e+002 1.7287168502807617e+001
  4.9706005096435547e+001 5.0714065551757813e+001 0 -1
  4.9066558837890625e+002 1.7195732116699219e+002
  1.0500000000000000e+001 5.5261600494384766e+001
  4.5625000000000000e+001 0 -1 4.7192370605468750e+002
  1.8245129394531250e+002 1.3666666030883789e+001
  2.1111505126953125e+002 3.3388885498046875e+001 0 -1
  4.7268222045898437e+002 2.1201858520507812e+002
  1.2230768203735352e+001 2.5626379394531250e+002
  6.0038467407226563e+001 0 -1 2.4695896911621094e+002
  2.8251403808593750e+002 1.3344827651977539e+001
  3.1027044677734375e+002 3.2728454589843750e+001 0 -1
  2.4080079650878906e+002 2.8488784790039062e+002
  1.2352941513061523e+001 1.9757170104980469e+002
  4.7058822631835937e+001 0 -1 2.4551841735839844e+002
  2.8590335083007812e+002 1.5909984588623047e+001
  2.9921328735351562e+002 6.0978004455566406e+001 0 -1
  2.9285543823242187e+002 3.1838858032226562e+002 15.
  3.2134054565429687e+002 3.1250000000000000e+001 0 -1
  2.9088174438476562e+002 3.1992135620117187e+002 12.
  3.3065597534179687e+002 40. 0 -1 3.1651336669921875e+002
  3.1990621948242187e+002 1.1880000114440918e+001
  3.5856219482421875e+002 3.4004997253417969e+001 0 -1
  2.9268505859375000e+002 3.2187765502929687e+002
  1.1884281158447266e+001 6.6039590835571289e+000
  6.0006965637207031e+001 0 -1 3.1811553955078125e+002
  3.2181698608398437e+002 1.2685714721679688e+001
  2.8575469970703125e+001 8.1457138061523438e+001 0 -1
  3.4990426635742187e+002 3.0357582092285156e+001
  1.7676403045654297e+001 9.0686965942382813e+001
  3.0013126373291016e+001 1 -1 3.9731842041015625e+002
  4.6144931793212891e+001 2.1793979644775391e+001
  8.2290855407714844e+001 2.1382305908203125e+002 1 -1
  2.7572140502929687e+002 4.9013374328613281e+001
  1.9285713195800781e+001 1.3984786987304687e+002
  6.9321426391601563e+001 1 -1 3.1136315917968750e+002
  8.5110435485839844e+001 1.7075172424316406e+001
  2.7392004394531250e+002 6.3857254028320313e+001 1 -1
  2.1938473510742187e+002 1.0650000000000000e+002 24.
  3.1108135986328125e+002 8.6868164062500000e+001 1 -1
  4.2052172851562500e+002 1.0648703765869141e+002
  2.3842103958129883e+001 3.2554992675781250e+002
  9.3006591796875000e+001 1 -1 2.9330712890625000e+002
  1.0812576293945312e+002 24. 2.2217662048339844e+002
  1.2525585937500000e+002 1 -1 3.0160412597656250e+002
  1.0939627075195312e+002 2.0400001525878906e+001
  2.5705538940429687e+002 6.7199981689453125e+001 1 -1
  3.0934197998046875e+002 1.0948117065429687e+002
  1.8547420501708984e+001 2.8780114746093750e+002
  6.3190063476562500e+001 1 -1 3.6775000000000000e+002
  1.1612208557128906e+002 2.0010097503662109e+001
  2.1060585021972656e+002 8.0094772338867188e+001 1 -1
  4.7001019287109375e+002 1.2801956176757813e+002
  2.0665767669677734e+001 2.1921459960937500e+002
  3.4822082519531250e+001 1 -1 2.4450000000000000e+002
  1.4250000000000000e+002 24. 6.5822052955627441e+000
  1.8255566406250000e+002 1 -1 2.4554946899414062e+002
  1.7075091552734375e+002 2.0076478958129883e+001
  6.3162967681884766e+001 6.2324554443359375e+001 1 -1
  3.6745700073242187e+002 1.7236647033691406e+002
  2.2653238296508789e+001 8.2032501220703125e+001
  8.7249755859375000e+001 1 -1 4.6915124511718750e+002
  1.8233558654785156e+002 2.1703302383422852e+001
  1.8303680419921875e+002 3.7436050415039063e+001 1 -1
  2.4591247558593750e+002 2.2846844482421875e+002 21.
  2.9783105468750000e+002 6.4375007629394531e+001 1 -1
  3.6696511840820312e+002 2.8554620361328125e+002
  2.1719451904296875e+001 5.7110439300537109e+001
  8.5796066284179688e+001 1 -1 2.4541244506835937e+002
  2.8525000000000000e+002 1.8102443695068359e+001
  3.2195809936523437e+002 6.0435462951660156e+001 1 -1
  2.9285540771484375e+002 3.1838854980468750e+002 15.
  3.2133969116210937e+002 31. 1 -1 3.7454522705078125e+002
  4.1945083618164062e+001 2.1158956527709961e+001
  1.1404914855957031e+002 6.0900852203369141e+001 2 -1
  2.7947189331054687e+002 4.5688514709472656e+001
  2.8420799255371094e+001 8.6927001953125000e+001
  2.0870552062988281e+002 2 -1 3.9608764648437500e+002
  8.3970031738281250e+001 2.6252479553222656e+001
  2.5859008789062500e+002 1.9894200134277344e+002 2 -1
  2.4519459533691406e+002 8.2909797668457031e+001
  2.9889900207519531e+001 3.4869796752929687e+002
  1.9875471496582031e+002 2 -1 3.1146893310546875e+002
  8.5938529968261719e+001 18. 2.7584469604492188e+002
  6.3021484375000000e+001 2 -1 3.9530807495117187e+002
  8.5297843933105469e+001 3.0129886627197266e+001
  2.5458883666992187e+002 2.1105085754394531e+002 2 -1
