<?xml version="1.0"?>
<opencv_storage>
<keyPoints>
  2.8149972534179687e+002 4.6591804504394531e+001
  1.5500000000000000e+001 3.0584548950195312e+002
  1.5533331298828125e+002 0 -1 3.9862417602539062e+002
  4.6930126190185547e+001 1.4439252853393555e+001
  3.0700131225585937e+002 1.3384228515625000e+002 0 -1
  2.7936520385742187e+002 5.2611614227294922e+001
  1.3477491378784180e+001 7.7567810058593750e+001
  4.9535934448242188e+001 0 -1 3.9731103515625000e+002
  8.2686759948730469e+001 1.6545454025268555e+001
  1.4345846176147461e+001 1.1993939208984375e+002 0 -1
  1.8903585815429687e+002 1.0220027923583984e+002
  1.5110916137695313e+001 2.6599261474609375e+002
  4.1827255249023438e+001 0 -1 2.9353805541992187e+002
  1.0651348114013672e+002 1.3689002990722656e+001
  2.4448605346679687e+002 3.5794029235839844e+001 0 -1
  3.0555249023437500e+002 1.0643972015380859e+002
  1.2777777671813965e+001 2.7432186889648437e+002
  3.0226852416992187e+001 0 -1 1.9245558166503906e+002
  1.0743247222900391e+002 1.4549999237060547e+001
  2.5346875000000000e+002 5.0612503051757813e+001 0 -1
  2.0035353088378906e+002 1.0688977050781250e+002
  1.1850000381469727e+001 2.8348733520507812e+002
  3.2012504577636719e+001 0 -1 2.0345112609863281e+002
  1.0657708740234375e+002 1.1340583801269531e+001
  2.9133578491210937e+002 4.2219932556152344e+001 0 -1
  4.0699722290039062e+002 1.0731997680664062e+002
  1.3468085289001465e+001 2.7099969482421875e+002
  5.6406906127929687e+001 0 -1 4.0482818603515625e+002
  1.0746749877929687e+002 1.4017108917236328e+001
  2.6452899169921875e+002 6.0770812988281250e+001 0 -1
  3.2147915649414062e+002 1.2349197387695312e+002
  1.6419792175292969e+001 2.4577476501464844e+001
  6.4898300170898438e+001 0 -1 2.3825517272949219e+002
  1.5480070495605469e+002 1.4828571319580078e+001
  3.4569158935546875e+002 4.9889297485351563e+001 0 -1
  2.3928709411621094e+002 1.5479927062988281e+002
  1.4785713195800781e+001 3.4220291137695312e+002
  4.1017852783203125e+001 0 -1 2.5003176879882812e+002
  1.5498695373535156e+002 1.2735906600952148e+001
  3.5988583374023437e+002 3.4120697021484375e+001 0 -1
  3.6143280029296875e+002 1.5595596313476562e+002
  1.3892673492431641e+001 1.7385832214355469e+002
  4.3427810668945313e+001 0 -1 3.6354049682617187e+002
  1.5560202026367188e+002 1.3137929916381836e+001
  1.4871957397460937e+002 3.0521545410156250e+001 0 -1
  4.9782144165039062e+002 1.7923303222656250e+002
  1.3754716873168945e+001 1.8849235534667969e+002
  6.3266510009765625e+001 0 -1 2.3695112609863281e+002
  1.9626161193847656e+002 1.4859655380249023e+001
  2.0979379272460937e+002 6.3753479003906250e+001 0 -1
  2.4325000000000000e+002 1.9675000000000000e+002 18.
  3.1724136352539062e+002 1.1522265625000000e+002 0 -1
  3.6775000000000000e+002 1.9675000000000000e+002 18.
  2.8015093994140625e+002 7.9666664123535156e+001 0 -1
  3.6969033813476562e+002 1.9645588684082031e+002
  1.5293210983276367e+001 3.0246072387695312e+002
  5.6451919555664062e+001 0 -1 2.4833287048339844e+002
  1.9665510559082031e+002 1.2992279052734375e+001
  3.3700399780273437e+002 9.7397583007812500e+001 0 -1
  3.6283532714843750e+002 1.9736817932128906e+002
  1.3319999694824219e+001 2.0862519836425781e+002
  7.7815002441406250e+001 0 -1 3.7405523681640625e+002
  1.9698945617675781e+002 1.4857143402099609e+001
  3.3731039428710937e+002 6.5761901855468750e+001 0 -1
  2.3800573730468750e+002 1.9918196105957031e+002
  1.2479999542236328e+001 1.8165136718750000e+002
  6.3159988403320313e+001 0 -1 3.6498779296875000e+002
  2.0011369323730469e+002 1.0875000000000000e+001
  1.7597848510742187e+002 3.2562500000000000e+001 0 -1
  2.3908984375000000e+002 2.0208090209960937e+002
  1.1755102157592773e+001 1.3280674743652344e+002
  6.8081634521484375e+001 0 -1 2.4740650939941406e+002
  2.0220204162597656e+002 1.2041095733642578e+001
  3.4192115783691406e+001 6.7001708984375000e+001 0 -1
  3.6253060913085937e+002 2.0444044494628906e+002
  1.4312092781066895e+001 1.3626161193847656e+002
  3.6617706298828125e+001 0 -1 3.7046304321289062e+002
  2.0455895996093750e+002 1.1573011398315430e+001
  6.4482757568359375e+001 4.1215362548828125e+001 0 -1
  3.7443856811523438e+002 2.0469845581054687e+002
  1.3285713195800781e+001 3.7672069549560547e+001
  3.6964294433593750e+001 0 -1 2.3863818359375000e+002
  2.7150262451171875e+002 1.4578591346740723e+001
  7.3996223449707031e+001 3.5800773620605469e+001 0 -1
  2.4894494628906250e+002 2.7156033325195312e+002
  1.3412691116333008e+001 1.1937102317810059e+001
  3.5689300537109375e+001 0 -1 3.6190219116210937e+002
  2.7202053833007812e+002 1.3829267501831055e+001
  1.5521505737304688e+002 4.7905487060546875e+001 0 -1
  3.7351467895507812e+002 2.7188165283203125e+002
  1.3736028671264648e+001 1.1380311012268066e+001
  3.6854751586914062e+001 0 -1 2.9043994140625000e+002
  3.1727523803710937e+002 1.3695652008056641e+001
  2.1717887878417969e+002 3.1918479919433594e+001 0 -1
  3.1568780517578125e+002 3.1746328735351562e+002
  1.3429450988769531e+001 2.1721279907226562e+002
  3.4915893554687500e+001 0 -1 3.2076770019531250e+002
  3.1811337280273437e+002 1.3363636016845703e+001
  3.4496301269531250e+002 3.3568183898925781e+001 0 -1
  2.9125146484375000e+002 3.2176239013671875e+002
  1.4250000000000000e+001 8.4387214660644531e+001
  6.6812500000000000e+001 0 -1 2.9318399047851562e+002
  3.2219161987304687e+002 1.3682782173156738e+001
  6.7133270263671875e+001 8.0306411743164063e+001 0 -1
  3.1643270874023437e+002 3.2163732910156250e+002
  1.4032257080078125e+001 1.0443249511718750e+002
  6.1778221130371094e+001 0 -1 3.1900637817382812e+002
  3.2232073974609375e+002 1.3741935729980469e+001
  6.8027099609375000e+001 8.4612899780273438e+001 0 -1
  2.8086309814453125e+002 4.6431755065917969e+001
  2.0746519088745117e+001 3.1317626953125000e+002
  1.6160101318359375e+002 1 -1 3.9757192993164062e+002
  4.7002082824707031e+001 21. 2.7624572753906250e+002
  1.3395690917968750e+002 1 -1 1.9222592163085937e+002
  1.0846970367431641e+002 1.7918857574462891e+001
  2.4907470703125000e+002 6.0002670288085938e+001 1 -1
  2.9343698120117187e+002 1.0830719757080078e+002
  1.9411788940429688e+001 2.2907075500488281e+002
  4.8627471923828125e+001 1 -1 2.4543179321289062e+002
  1.1317565155029297e+002 1.9372039794921875e+001
  2.8466184616088867e+001 3.8504302978515625e+001 1 -1
  3.6625000000000000e+002 1.1425000000000000e+002
  1.8200000762939453e+001 2.2449168395996094e+002
  3.7016677856445313e+001 1 -1 2.4344065856933594e+002
  1.1476948547363281e+002 2.0709730148315430e+001
  2.0986370086669922e+001 4.0164062500000000e+001 1 -1
  2.3824499511718750e+002 1.5436900329589844e+002 15.
  3.4446676635742187e+002 4.6750000000000000e+001 1 -1
  2.4103103637695312e+002 1.7107516479492187e+002
  1.9398609161376953e+001 3.0343557739257812e+002
  4.2687149047851563e+001 1 -1 3.6549450683593750e+002
  1.7232083129882812e+002 1.8710014343261719e+001
  2.7430261230468750e+002 3.9853286743164063e+001 1 -1
  2.3716705322265625e+002 1.9631927490234375e+002
  1.5204457283020020e+001 2.1059410095214844e+002
  6.1696922302246094e+001 1 -1 3.6279565429687500e+002
  1.9722941589355469e+002 1.3643785476684570e+001
  2.0990200805664062e+002 6.7094093322753906e+001 1 -1
  3.5807843017578125e+002 1.9895602416992187e+002
  1.8498805999755859e+001 1.8252432250976562e+002
  1.1261813354492187e+002 1 -1 2.3645657348632812e+002
  2.0380844116210937e+002 1.6811834335327148e+001
  1.3162280273437500e+002 3.4743484497070313e+001 1 -1
  2.4253503417968750e+002 2.0361741638183594e+002
  1.7596780776977539e+001 6.9877517700195313e+001
  1.1071056365966797e+002 1 -1 3.6253079223632812e+002
  2.0500714111328125e+002 1.6928571701049805e+001
  1.3117085266113281e+002 3.5446426391601563e+001 1 -1
  3.7450851440429687e+002 2.0513900756835937e+002
  1.4471377372741699e+001 3.8034084320068359e+001
  3.4834987640380859e+001 1 -1 2.4108853149414062e+002
  2.2984945678710937e+002 1.9484638214111328e+001
