%YAML:1.0
---
recording:
   type: VideoRecording
   recordId: Action_20171122T105810
   channelId: main
   timeStamp: "131558218910270000"
   sessionTimestamp: "0"
   width: -1
   height: -1
   frameCount: 95
   fps: 2.9969999999999999e+001
   recordingType: 2000
   frameTransformRect: [ [ -1, -1 ], [ -1, -1 ], [ -1, -1 ], [ -1, -1 ] ]
   trackingMode: 1
   segments:
      - { startFrame:42, stopFrame:68, segmentType:2000, focusFrame:-1,
          focusPoint:{ values:[ -1., -1. ], type:Vector2 }, isFragment:0 }
      - { startFrame:0, stopFrame:88, segmentType:1000, focusFrame:-1,
          focusPoint:{ values:[ -1., -1. ], type:Vector2 }, isFragment:0 }
   framesRelTs: [ "0", "660000", "1210000", "2720000", "3220000",
       "4640000", "5250000", "5990000", "6610000", "7350000", "7890000",
       "8650000", "9150000", "9920000", "10430000", "11150000",
       "11610000", "12390000", "12840000", "13790000", "14350000",
       "15250000", "15840000", "16730000", "17200000", "18040000",
       "18590000", "19470000", "20140000", "20880000", "21380000",
       "22170000", "22810000", "23470000", "23910000", "24880000",
       "25450000", "26280000", "26870000", "27720000", "28240000",
       "29080000", "29670000", "30430000", "31030000", "31730000",
       "32250000", "33060000", "33590000", "34240000", "34820000",
       "35600000", "36120000", "36880000", "37490000", "38200000",
       "38830000", "39670000", "40280000", "41000000", "41630000",
       "42490000", "43150000", "43990000", "44640000", "45470000",
       "46200000", "47000000", "47550000", "48330000", "48880000",
       "49540000", "50060000", "50850000", "51370000", "52080000",
       "52580000", "53340000", "53940000", "54510000", "55110000",
       "55760000", "56280000", "57130000", "57680000", "58390000",
       "58860000", "59680000", "60210000", "60850000", "61420000",
       "62420000", "62990000", "63860000", "64700000" ]
   chunks:
      - { path:"Recordings/Action_20171122T105810/recording.avi",
          startFrameIdx:0 }
