%YAML:1.0
---
recording:
   type: VideoRecording
   recordId: Action_20171122T105920
   channelId: main
   timeStamp: "131558219610440000"
   sessionTimestamp: "0"
   width: -1
   height: -1
   frameCount: 31
   fps: 2.9969999999999999e+001
   recordingType: 2000
   frameTransformRect: [ [ -1, -1 ], [ -1, -1 ], [ -1, -1 ], [ -1, -1 ] ]
   trackingMode: 1
   segments:
      - { startFrame:0, stopFrame:24, segmentType:1000, focusFrame:-1,
          focusPoint:{ values:[ -1., -1. ], type:Vector2 }, isFragment:0 }
   framesRelTs: [ "0", "4180000", "5280000", "6740000", "8020000",
       "9990000", "11050000", "13420000", "14340000", "16830000",
       "18270000", "20640000", "21720000", "24160000", "25420000",
       "27240000", "28570000", "30980000", "31910000", "34070000",
       "35340000", "38100000", "39550000", "42240000", "43670000",
       "45640000", "47220000", "49490000", "50530000", "51850000",
       "55950000" ]
   chunks:
      - { path:"Recordings/Action_20171122T105920/recording.avi",
          startFrameIdx:0 }
