<?xml version="1.0"?>
<opencv_storage>
<keyPoints>
  3.8872152709960937e+002 3.0023107528686523e+001
  1.1375000000000000e+001 1.9068023681640625e+002
  3.0260421752929687e+001 0 -1 2.7954272460937500e+002
  5.5752765655517578e+001 1.3328178405761719e+001
  7.7801177978515625e+001 4.5640014648437500e+001 0 -1
  2.0572113037109375e+002 6.5901321411132813e+001
  1.3857696533203125e+001 1.1402760505676270e+001
  1.1524899291992187e+002 0 -1 4.3156463623046875e+002
  6.8405670166015625e+001 1.3759305953979492e+001
  2.2645616149902344e+002 7.4925567626953125e+001 0 -1
  4.4213269042968750e+002 6.8570266723632812e+001
  1.6189907073974609e+001 2.6260856628417969e+001
  5.5511093139648438e+001 0 -1 4.4555816650390625e+002
  6.8612579345703125e+001 1.4280000686645508e+001
  2.3240720748901367e+001 3.5804992675781250e+001 0 -1
  2.0612677001953125e+002 7.3806190490722656e+001
  1.3965517044067383e+001 1.5855916976928711e+001
  3.6556030273437500e+001 0 -1 2.6866372680664062e+002
  7.5479934692382813e+001 1.4027248382568359e+001
  2.9335638427734375e+002 1.3711206054687500e+002 0 -1
  1.8950805664062500e+002 7.9750000000000000e+001 18.
  3.3403820800781250e+002 8.4972656250000000e+001 0 -1
  2.6837472534179687e+002 7.9712310791015625e+001
  1.3141592025756836e+001 2.8876959228515625e+002
  1.1804537963867187e+002 0 -1 351. 8.2750000000000000e+001 18.
  1.0457447052001953e+002 47. 0 -1 4.3152798461914062e+002
  8.3689643859863281e+001 1.3823528289794922e+001
  8.5454597473144531e+001 6.4355407714843750e+001 0 -1
  1.9738414001464844e+002 8.6843368530273438e+001
  1.2375000000000000e+001 3.3644348144531250e+002
  5.9125000000000000e+001 0 -1 2.8921408081054687e+002
  9.2627151489257813e+001 1.4102668762207031e+001
  3.0058297729492187e+002 7.4631683349609375e+001 0 -1
  1.7151171875000000e+002 1.0145557403564453e+002
  1.4528623580932617e+001 1.1714551544189453e+002
  1.3396627807617187e+002 0 -1 2.3640901184082031e+002
  1.0094131469726562e+002 1.3391123771667480e+001
  1.2580148315429687e+002 3.5907188415527344e+001 0 -1
  2.0038508605957031e+002 1.0444266510009766e+002 15.
  2.8279932022094727e+001 47. 0 -1 1.9443357849121094e+002
  1.0483001708984375e+002 1.3214876174926758e+001
  3.8959079742431641e+001 1.0648037719726562e+002 0 -1
  3.7936010742187500e+002 1.0505490875244141e+002
  1.4785713195800781e+001 3.0997543334960937e+002
  3.4017852783203125e+001 0 -1 1.5559931945800781e+002 107.
  1.3312500000000000e+001 1.9086505126953125e+002
  3.9765625000000000e+001 0 -1 1.8865521240234375e+002
  1.0869111633300781e+002 1.5900000572204590e+001
  5.4463336944580078e+001 3.7225006103515625e+001 0 -1
  2.5776147460937500e+002 1.1129209136962891e+002
  1.3285713195800781e+001 2.5100325012207031e+002
  3.1482147216796875e+001 0 -1 2.4866175842285156e+002
  1.1733823394775391e+002 1.3411764144897461e+001
  2.3462060546875000e+002 3.8941177368164063e+001 0 -1
  2.4267901611328125e+002 1.2127589416503906e+002
  1.2692307472229004e+001 2.3175300598144531e+002
  4.7259613037109375e+001 0 -1 2.3518333435058594e+002
  1.2561175537109375e+002 1.4800000190734863e+001
  2.2939483642578125e+002 4.9266677856445313e+001 0 -1
  2.9581704711914062e+002 1.2709587860107422e+002
  1.2517241477966309e+001 1.5996429443359375e+002
  4.6107757568359375e+001 0 -1 2.9200439453125000e+002
  1.2999560546875000e+002 1.2269050598144531e+001
  1.8874888610839844e+002 4.5049835205078125e+001 0 -1
  2.8517935180664062e+002 1.3212571716308594e+002
  1.2762711524963379e+001 2.8052960205078125e+002
  3.7476684570312500e+001 0 -1 2.8694638061523438e+002
  1.3305128479003906e+002 1.2253011703491211e+001
  2.9785086059570312e+002 6.3073791503906250e+001 0 -1
  2.7897903442382812e+002 1.3399954223632812e+002
  1.3319999694824219e+001 3.0755871582031250e+002
  5.5210006713867188e+001 0 -1 2.4779504394531250e+002
  1.3896295166015625e+002 1.2405405044555664e+001
  7.7659431457519531e+001 5.0084457397460938e+001 0 -1
  2.5015534973144531e+002 1.4006930541992187e+002
  1.3441593170166016e+001 9.3647392272949219e+001
  7.4897079467773438e+001 0 -1 2.1064581298828125e+002
  1.4235418701171875e+002 1.2636363029479980e+001
  2.4977384948730469e+002 3.3185600280761719e+001 0 -1
  2.0841108703613281e+002 1.4358753967285156e+002 15.
  2.4778572082519531e+002 4.5750000000000000e+001 0 -1
  2.0058877563476562e+002 1.4903594970703125e+002
  1.2214286804199219e+001 2.4223803710937500e+002
  3.7017852783203125e+001 0 -1 3.7790979003906250e+002
  1.7090414428710937e+002 1.5362306594848633e+001
  2.0548387145996094e+002 3.9738372802734375e+001 0 -1
  2.1144435119628906e+002 1.7992205810546875e+002
  1.4158352851867676e+001 1.5677183532714844e+002
  5.0407546997070313e+001 0 -1 1.7994461059570312e+002
  1.8721514892578125e+002 1.2461538314819336e+001
  1.6812313842773437e+002 3.6076927185058594e+001 0 -1
  2.0378971862792969e+002 1.8819711303710937e+002
  1.2090909004211426e+001 2.5602532958984375e+002
  3.1003784179687500e+001 0 -1 1.9181724548339844e+002
  1.9181880187988281e+002 1.2622641563415527e+001
  2.7027383422851562e+002 3.3285385131835937e+001 0 -1 197.
  1.9182145690917969e+002 1.3250000000000000e+001
  3.0071066284179687e+002 3.6520835876464844e+001 0 -1
  3.7490896606445312e+002 3.0363888549804687e+002
  1.4142028808593750e+001 1.5906387329101562e+002
  3.4527557373046875e+001 0 -1 2.6671148681640625e+002
  3.0438753128051758e+001 1.8783744812011719e+001
  9.1012001037597656e+001 7.5314193725585938e+001 1 -1
  2.8106710815429687e+002 4.9758548736572266e+001
  2.0310405731201172e+001 2.9808407592773437e+002
  1.5540107727050781e+002 1 -1 2.0532666015625000e+002
  6.5971336364746094e+001 1.6745439529418945e+001
  3.4840270996093750e+002 9.6487472534179688e+001 1 -1
  1.9421600341796875e+002 6.9269943237304688e+001
  1.6925727844238281e+001 3.3492834472656250e+002
  5.8354064941406250e+001 1 -1 3.4283770751953125e+002
  8.1663383483886719e+001 1.6500000000000000e+001
  1.5767958068847656e+002 1.6625000000000000e+002 1 -1
  1.9819485473632812e+002 8.8388534545898438e+001
  1.8333335876464844e+001 3.5124343872070313e+002
  5.3055541992187500e+001 1 -1 2.7692797851562500e+002
  9.8631996154785156e+001 1.8479999542236328e+001
  2.7315585327148437e+002 4.5160003662109375e+001 1 -1
  3.7937094116210937e+002 1.0316072082519531e+002
  2.2281778335571289e+001 3.3482723999023437e+002
  3.2222061157226563e+001 1 -1 1.8716577148437500e+002
  1.1001696777343750e+002 1.8692306518554687e+001
  5.6146778106689453e+001 4.1086540222167969e+001 1 -1
  2.5903207397460938e+002 1.1069232177734375e+002
  1.9054054260253906e+001 2.6038385009765625e+002
  5.1570953369140625e+001 1 -1 2.9879785156250000e+002
  1.1927488708496094e+002 1.8285520553588867e+001
  3.3457141113281250e+002 6.7031723022460938e+001 1 -1
  2.4262574768066406e+002 1.2126911926269531e+002
  1.7235294342041016e+001 2.3138566589355469e+002
  5.5414215087890625e+001 1 -1 2.8562744140625000e+002
  1.3321611022949219e+002 2.0099998474121094e+001
  1.2818256378173828e+001 5.7449981689453125e+001 1 -1
  2.0686773681640625e+002 1.4461828613281250e+002
  1.8200000762939453e+001 2.4206954956054687e+002
  5.0008338928222656e+001 1 -1 3.7738714599609375e+002
  1.6998554992675781e+002 1.7549282073974609e+001
  2.0532252502441406e+002 3.6837089538574219e+001 1 -1
  2.0639988708496094e+002 1.8483468627929687e+002
  1.9767910003662109e+001 9.7270339965820313e+001
  4.0420318603515625e+001 1 -1 1.8321380615234375e+002
  1.8790222167968750e+002 1.5428571701049805e+001
  1.7913783264160156e+002 3.5285713195800781e+001 1 -1
  1.9662498474121094e+002 1.9162992858886719e+002 21.
  7.0774269104003906e+001 6.4125000000000000e+001 1 -1
  1.9590602111816406e+002 1.9334979248046875e+002
  1.9600000381469727e+001 6.9547180175781250e+001
  5.2066680908203125e+001 1 -1 2.8059396362304687e+002
  4.9966602325439453e+001 2.4942724227905273e+001
  3.2134924316406250e+002 1.6136569213867187e+002 2 -1
  3.9741271972656250e+002 5.2788604736328125e+001
