%YAML:1.0
---
chapterId: 11
title: rechte Seitenwand aufstellen
description: ""
fields:
   {}
chapterType: 2001
options:
   locationAnnotation: 1
   customActionView: 1
   customValidationView: 1
sections:
   -
      sectionId: 11000
      sectionType: 1001
      channelId: main
      distance: 1.
      startFrame: 0
      stopFrame: 9
      focusFrame: 9
      focusPoint: { values:[ 374., 333. ], type:Vector2 }
      focusPose:
         rows: 4
         cols: 4
         values: [ 1., 0., 0., 0., 0., 1., 0., 0., 0., 0., 1., 0., 0.,
             0., 0., 1. ]
         type: Matrix
      focusROI:
         type: "Vector2[][]"
         values:
            []
      minDurationRelTS: "0"
      animationPeriod: "0"
      recordId: Action_20171122T133349
      homography:
         rows: 3
         cols: 3
         values: [ 1.0002856295288591e+000, 2.1727832038141502e-003,
             -1.2951920697163701e+000, -2.1727832038141502e-003,
             1.0002856295288591e+000, 2.1668694201598622e+000, 0., 0.,
             1. ]
         type: Matrix
      similarities:
         []
      annotations:
         -
            source: [ 640., 0. ]
            target: [ 640., 720. ]
            sourceTrackingType: 3
            targetTrackingType: 3
            opacity: 8.9999997615814209e-001
            pulsingInterval: -1.
            color: [ 0, 0, 0 ]
            fadeIn: 0.
            fadeOut: 0.
            zIndex: -10
            annotationId: 11000000
            sectionId: 11000
            layer: 1
            command: ""
            startRelTS: "0"
            runPeriod: 23
            duration: -1.
            category: InitOverlay
            type: Animation
            path: "0011/00011000/init.avi"
            maskType: 2
            maskPath: ""
            maskAnimationInterval: 1.5000000000000000e+000
            radialMaskCenter: [ 5.0000000000000000e-001,
                5.0000000000000000e-001 ]
         -
            source: [ 170., -300. ]
            target: [ 170., -150. ]
            sourceTrackingType: 5
            targetTrackingType: 5
            opacity: 8.9999997615814209e-001
            pulsingInterval: -1.
            color: [ 0, 0, 0 ]
            fadeIn: 0.
            fadeOut: 0.
            zIndex: -10
            border:
               source: [ 640., 0. ]
               target: [ 640., 720. ]
               sourceTrackingType: 8
               targetTrackingType: 8
               opacity: 1.
               pulsingInterval: -1.
               color: [ 255, 192, 0 ]
               fadeIn: 0.
               fadeOut: 0.
               zIndex: 0
               annotationId: -1
               sectionId: -1
               layer: -1
               command: ""
               startRelTS: "0"
               runPeriod: 23
               duration: -1.
               category: Custom
               type: PenStroke
               points:
                  - []
               thickness: 4
               closedLoop: 1
               interpolateStroke: 0
               outlineColor: [ 0, 0, 0, 0 ]
               stippledLine: 0
               startConnector: 0
               endConnector: 0
            annotationId: 11000001
            sectionId: 11000
            layer: 1
            command: ""
            startRelTS: "0"
            runPeriod: 23
            duration: -1.
            category: InitInstructionVideo
            type: Animation
            path: "assets-ldpi/InstructionVideos/00011000.mp4"
            maskType: 1
            maskPath: ""
            maskAnimationInterval: 1.5000000000000000e+000
            radialMaskCenter: [ 5.0000000000000000e-001,
                5.0000000000000000e-001 ]
         -
            annotationId: 11000003
            sectionId: 11000
            layer: 3
            command: ""
            startRelTS: "0"
            runPeriod: 23
            duration: -1.
            category: InstructionVideo
            type: FileAnnotation
            path: "assets/InstructionVideos/00011000.mp4"
            title: Instruction Video
            printFlag: 0
            page: 1
            thumbnail: ""
            runDirectly: 0
         -
            modelSectionId: 3000
            counterSectionId: -1
            weightMapPath: "0003/00003000/discrMask.png"
            center:
               values: [ 308., 354. ]
               type: Vector2
            errorThreshold: 2.7716999999999999e+001
            correctThreshold: 0.
            wrongThreshold: 1.
            lostCommand: ""
            failCommand: ""
            annotationId: 11000004
            sectionId: 11000
            layer: -1
            command: "renderer->command drawImageSequence&opacity=0.5&duration=0.1&fadeIn=0.5&fadeOut=0.5&trackingType=1&path=assets/misc/edit_validation.png&target=308.000000 374.000000&command=tracker->command setSection=3000"
            startRelTS: "0"
            runPeriod: 23
            duration: -1.
            category: Technical
            type: ValidationElement
         -
            source: [ 3.7350000000000000e+002, 0. ]
            target: [ 3.7350000000000000e+002, 720. ]
            sourceTrackingType: 3
            targetTrackingType: 3
            opacity: 8.9999997615814209e-001
            pulsingInterval: -1.
            color: [ 0, 0, 0 ]
            fadeIn: 0.
            fadeOut: 0.
            zIndex: -10
            annotationId: 11000002
            sectionId: 11000
            layer: 0
            command: ""
            startRelTS: "0"
            runPeriod: 23
            duration: -1.
            category: ProceduralOverlay
            type: Animation
            path: "0011/00011000/action.avi"
            maskType: 32
            maskPath: ""
            maskAnimationInterval: 1.5000000000000000e+000
            radialMaskCenter: [ 5.0034773349761963e-001,
                4.8124998807907104e-001 ]
   -
      sectionId: 11001
      sectionType: 2001
      channelId: main
      distance: 1.
      startFrame: 10
      stopFrame: 36
      focusFrame: 23
      focusPoint: { values:[ 374., 333. ], type:Vector2 }
      focusPose:
         rows: 4
         cols: 4
         values: [ 1., 0., 0., 0., 0., 1., 0., 0., 0., 0., 1., 0., 0.,
             0., 0., 1. ]
         type: Matrix
      focusROI:
         type: "Vector2[][]"
         values:
            []
      minDurationRelTS: "2000000"
      animationPeriod: "0"
      recordId: Action_20171122T133349
      homography:
         rows: 3
         cols: 3
         values: [ 1.0002856295288591e+000, 2.1727832038141502e-003,
             -1.2951920697163701e+000, -2.1727832038141502e-003,
             1.0002856295288591e+000, 2.1668694201598622e+000, 0., 0.,
             1. ]
         type: Matrix
      similarities:
         []
      annotations:
         []
   -
      sectionId: 11002
      sectionType: 1002
      channelId: main
      distance: 1.
      startFrame: 37
      stopFrame: 46
      focusFrame: 37
      focusPoint: { values:[ 374., 333. ], type:Vector2 }
      focusPose:
         rows: 4
         cols: 4
         values: [ 1., 0., 0., 0., 0., 1., 0., 0., 0., 0., 1., 0., 0.,
             0., 0., 1. ]
         type: Matrix
      focusROI:
         type: "Vector2[][]"
         values:
            []
      minDurationRelTS: "0"
      animationPeriod: "0"
      recordId: Action_20171122T133349
      homography:
         rows: 3
         cols: 3
         values: [ 1.0002856295288591e+000, 2.1727832038141502e-003,
             -1.2951920697163701e+000, -2.1727832038141502e-003,
             1.0002856295288591e+000, 2.1668694201598622e+000, 0., 0.,
             1. ]
         type: Matrix
      similarities:
         []
      annotations:
         -
            source: [ 640., 0. ]
            target: [ 640., 720. ]
            sourceTrackingType: 3
            targetTrackingType: 3
            opacity: 8.9999997615814209e-001
            pulsingInterval: -1.
            color: [ 0, 0, 0 ]
            fadeIn: 0.
