%YAML:1.0
---
chapterId: 11
title: "4x Spannhülse einlegen"
description: ""
chapterType: 2001
options:
   locationAnnotation: 1
   customActionView: 1
   customValidationView: 1
sections:
   -
      sectionId: 11000
      sectionType: 1001
      channelId: main
      distance: 1.
      startFrame: 0
      stopFrame: 9
      focusFrame: 5
      focusPoint: { values:[ 679., 347. ], type:Vector2 }
      focusPose:
         rows: 4
         cols: 4
         values: [ 1., 0., 0., 0., 0., 1., 0., 0., 0., 0., 1., 0., 0.,
             0., 0., 1. ]
         type: Matrix
      focusROI:
         type: "Vector2[][]"
         values:
            []
      minDurationRelTS: "0"
      animationPeriod: "0"
      recordId: Action_20171124T115630
      homography:
         rows: 3
         cols: 3
         values: [ 9.9655843807984312e-001, 1.2622152310817355e-003,
             3.2366971645403839e+000, -1.2622152310817355e-003,
             9.9655843807984312e-001, 2.9647282194118429e+000, 0., 0.,
             1. ]
         type: Matrix
      similarities:
         []
      annotations:
         -
            source: [ 640., 0. ]
            target: [ 640., 720. ]
            sourceTrackingType: 3
            targetTrackingType: 3
            opacity: 8.9999997615814209e-001
            pulsingInterval: -1.
            color: [ 0, 0, 0 ]
            fadeIn: 0.
            fadeOut: 0.
            zIndex: -10
            annotationId: 11000000
            sectionId: 11000
            layer: 1
            command: ""
            startRelTS: "0"
            runPeriod: 23
            duration: -1.
            category: InitOverlay
            type: Animation
            path: "0011/00011000/init.avi"
            maskType: 2
            maskPath: ""
            maskAnimationInterval: 1.5000000000000000e+000
            radialMaskCenter: [ 5.0000000000000000e-001,
                5.0000000000000000e-001 ]
         -
            source: [ 170., -300. ]
            target: [ 170., -150. ]
            sourceTrackingType: 5
            targetTrackingType: 5
            opacity: 8.9999997615814209e-001
            pulsingInterval: -1.
            color: [ 0, 0, 0 ]
            fadeIn: 0.
            fadeOut: 0.
            zIndex: -10
            border:
               source: [ 640., 0. ]
               target: [ 640., 720. ]
               sourceTrackingType: 8
               targetTrackingType: 8
               opacity: 1.
               pulsingInterval: -1.
               color: [ 255, 192, 0 ]
               fadeIn: 0.
               fadeOut: 0.
               zIndex: 0
               annotationId: -1
               sectionId: -1
               layer: -1
               command: ""
               startRelTS: "0"
               runPeriod: 23
               duration: -1.
               category: Custom
               type: PenStroke
               points:
                  - []
               thickness: 4
               closedLoop: 1
               interpolateStroke: 0
               outlineColor: [ 0, 0, 0, 0 ]
               stippledLine: 0
               startConnector: 0
               endConnector: 0
            annotationId: 11000001
            sectionId: 11000
            layer: 1
            command: ""
            startRelTS: "0"
            runPeriod: 23
            duration: -1.
            category: InitInstructionVideo
            type: Animation
            path: "assets-ldpi/InstructionVideos/00011000.mp4"
            maskType: 1
            maskPath: ""
            maskAnimationInterval: 1.5000000000000000e+000
            radialMaskCenter: [ 5.0000000000000000e-001,
                5.0000000000000000e-001 ]
         -
            annotationId: 11000003
            sectionId: 11000
            layer: 3
            command: ""
            startRelTS: "0"
            runPeriod: 23
            duration: -1.
            category: InstructionVideo
            type: FileAnnotation
            path: "assets/InstructionVideos/00011000.mp4"
            title: Instruction Video
            printFlag: 0
            page: 1
            thumbnail: ""
            runDirectly: 0
         -
            modelSectionId: 46000
            counterSectionId: -1
            weightMapPath: "0046/00046000/discrMask.png"
            center:
               values: [ 797., 431. ]
               type: Vector2
            errorThreshold: 5.0000000000000003e-002
            correctThreshold: 0.
            wrongThreshold: 1.
            lostCommand: ""
            failCommand: ""
            annotationId: 11000004
            sectionId: 11000
            layer: -1
            command: "renderer->command drawImageSequence&opacity=0.5&duration=0.1&fadeIn=0.5&fadeOut=0.5&trackingType=1&path=assets/misc/edit_validation.png&target=797.000000 451.000000&command=tracker->command setSection=46000"
            startRelTS: "0"
            runPeriod: 23
            duration: -1.
            category: Technical
            type: ValidationElement
         -
            modelSectionId: 47000
            counterSectionId: -1
            weightMapPath: "0047/00047000/discrMask.png"
            center:
               values: [ 565., 422. ]
               type: Vector2
            errorThreshold: 5.0000000000000003e-002
            correctThreshold: 0.
            wrongThreshold: 1.
            lostCommand: ""
            failCommand: ""
            annotationId: 11000005
            sectionId: 11000
            layer: -1
            command: "renderer->command drawImageSequence&opacity=0.5&duration=0.1&fadeIn=0.5&fadeOut=0.5&trackingType=1&path=assets/misc/edit_validation.png&target=565.000000 442.000000&command=tracker->command setSection=47000"
            startRelTS: "0"
            runPeriod: 23
            duration: -1.
            category: Technical
            type: ValidationElement
         -
            modelSectionId: 49000
            counterSectionId: -1
            weightMapPath: "0049/00049000/discrMask.png"
            center:
               values: [ 577., 241. ]
               type: Vector2
            errorThreshold: 5.0000000000000003e-002
            correctThreshold: 0.
            wrongThreshold: 1.
            lostCommand: ""
            failCommand: ""
            annotationId: 11000006
            sectionId: 11000
            layer: -1
            command: "renderer->command drawImageSequence&opacity=0.5&duration=0.1&fadeIn=0.5&fadeOut=0.5&trackingType=1&path=assets/misc/edit_validation.png&target=577.000000 261.000000&command=tracker->command setSection=49000"
            startRelTS: "0"
            runPeriod: 23
            duration: -1.
            category: Technical
            type: ValidationElement
         -
            modelSectionId: 48000
            counterSectionId: -1
            weightMapPath: "0048/00048000/discrMask.png"
            center:
               values: [ 795., 246. ]
               type: Vector2
            errorThreshold: 5.0000000000000003e-002
            correctThreshold: 0.
            wrongThreshold: 1.
            lostCommand: ""
            failCommand: ""
            annotationId: 11000007
            sectionId: 11000
            layer: -1
            command: "renderer->command drawImageSequence&opacity=0.5&duration=0.1&fadeIn=0.5&fadeOut=0.5&trackingType=1&path=assets/misc/edit_validation.png&target=795.000000 266.000000&command=tracker->command setSection=48000"
            startRelTS: "0"
            runPeriod: 23
            duration: -1.
            category: Technical
            type: ValidationElement
         -
            source: [ 6.7850000000000000e+002, 0. ]
            target: [ 6.7850000000000000e+002, 720. ]
            sourceTrackingType: 3
            targetTrackingType: 3
            opacity: 8.9999997615814209e-001
            pulsingInterval: -1.
            color: [ 0, 0, 0 ]
            fadeIn: 0.
            fadeOut: 0.
            zIndex: -10
            annotationId: 11000002
            sectionId: 11000
