%YAML:1.0
---
chapterId: 11
title: ""
description: ""
chapterType: 2001
options:
   locationAnnotation: 1
sections:
   -
      sectionId: 11000
      sectionType: 1001
      channelId: main
      distance: 1.
      startFrame: 0
      stopFrame: 9
      focusFrame: 6
      focusPoint: { values:[ 640., 360. ], type:Vector2 }
      focusPose:
         rows: 2
         cols: 2
         values: [ 1.0814378707377776e+271, 0., 2.5691413583744820e-322,
             0. ]
         type: Matrix
      focusROI:
         type: "Vector2[][]"
         values:
            -
               type: "Vector2[]"
               values:
                  -
                     values: [ 0., 0. ]
                     type: Vector2
                  -
                     values: [ 1280., 0. ]
                     type: Vector2
                  -
                     values: [ 1280., 720. ]
                     type: Vector2
                  -
                     values: [ 0., 720. ]
                     type: Vector2
      minDurationRelTS: "0"
      animationPeriod: "0"
      recordId: Action_20171122T105901
      homography:
         rows: 3
         cols: 3
         values: [ 9.9914677571812816e-001, 1.7200808777954059e-003,
             -2.7183542194252502e-001, -1.7200808777954059e-003,
             9.9914677571812816e-001, 2.0266896379108497e+000, 0., 0.,
             1. ]
         type: Matrix
      similarities:
         []
      annotations:
         -
            source: [ 640., 0. ]
            target: [ 640., 720. ]
            sourceTrackingType: 3
            targetTrackingType: 3
            opacity: 8.9999997615814209e-001
            pulsingInterval: -1.
            color: [ 0, 0, 0 ]
            fadeIn: 0.
            fadeOut: 0.
            zIndex: -10
            annotationId: 11000000
            sectionId: 11000
            layer: 1
            command: ""
            startRelTS: "0"
            runPeriod: 23
            duration: -1.
            category: InitOverlay
            type: Animation
            path: "0011/00011000/init.avi"
            maskType: 2
            maskPath: ""
            maskAnimationInterval: 1.5000000000000000e+000
            radialMaskCenter: [ 5.0000000000000000e-001,
                5.0000000000000000e-001 ]
         -
            source: [ 170., -300. ]
            target: [ 170., -150. ]
            sourceTrackingType: 5
            targetTrackingType: 5
            opacity: 8.9999997615814209e-001
            pulsingInterval: -1.
            color: [ 0, 0, 0 ]
            fadeIn: 0.
            fadeOut: 0.
            zIndex: -10
            border:
               source: [ 640., 0. ]
               target: [ 640., 720. ]
               sourceTrackingType: 8
               targetTrackingType: 8
               opacity: 1.
               pulsingInterval: -1.
               color: [ 255, 192, 0 ]
               fadeIn: 0.
               fadeOut: 0.
               zIndex: 0
               annotationId: -1
               sectionId: -1
               layer: -1
               command: ""
               startRelTS: "0"
               runPeriod: 23
               duration: -1.
               category: Custom
               type: PenStroke
               points:
                  - []
               thickness: 4
               closedLoop: 1
               interpolateStroke: 0
               outlineColor: [ 0, 0, 0, 0 ]
               stippledLine: 0
               startConnector: 0
               endConnector: 0
            annotationId: 11000001
            sectionId: 11000
            layer: 1
            command: ""
            startRelTS: "0"
            runPeriod: 23
            duration: -1.
            category: InitInstructionVideo
            type: Animation
            path: "assets-ldpi/InstructionVideos/00011000.mp4"
            maskType: 1
            maskPath: ""
            maskAnimationInterval: 1.5000000000000000e+000
            radialMaskCenter: [ 5.0000000000000000e-001,
                5.0000000000000000e-001 ]
         -
            annotationId: 11000003
            sectionId: 11000
            layer: 3
            command: ""
            startRelTS: "0"
            runPeriod: 23
            duration: -1.
            category: InstructionVideo
            type: FileAnnotation
            path: "assets/InstructionVideos/00011000.mp4"
            title: Instruction Video
            printFlag: 0
            page: 1
            thumbnail: ""
            runDirectly: 0
         -
            source: [ 6.3950000000000000e+002, 0. ]
            target: [ 6.3950000000000000e+002, 719. ]
            sourceTrackingType: 3
            targetTrackingType: 3
            opacity: 8.9999997615814209e-001
            pulsingInterval: -1.
            color: [ 0, 0, 0 ]
            fadeIn: 0.
            fadeOut: 0.
            zIndex: -10
            annotationId: 11000002
            sectionId: 11000
            layer: 0
            command: ""
            startRelTS: "0"
            runPeriod: 23
            duration: -1.
            category: ProceduralOverlay
            type: Animation
            path: "0011/00011000/action.avi"
            maskType: 32
            maskPath: ""
            maskAnimationInterval: 1.5000000000000000e+000
            radialMaskCenter: [ 5.0034773349761963e-001,
                5.0034773349761963e-001 ]
   -
      sectionId: 11001
      sectionType: 2001
      channelId: main
      distance: 1.
      startFrame: 10
      stopFrame: 40
      focusFrame: 25
      focusPoint: { values:[ 640., 360. ], type:Vector2 }
      focusPose:
         rows: 2
         cols: 2
         values: [ 1.0814378707377776e+271, 0., 2.5691413583744820e-322,
             0. ]
         type: Matrix
      focusROI:
         type: "Vector2[][]"
         values:
            -
               type: "Vector2[]"
               values:
                  -
                     values: [ 0., 0. ]
                     type: Vector2
                  -
                     values: [ 1280., 0. ]
                     type: Vector2
                  -
                     values: [ 1280., 720. ]
                     type: Vector2
                  -
                     values: [ 0., 720. ]
                     type: Vector2
      minDurationRelTS: "2000000"
      animationPeriod: "0"
      recordId: Action_20171122T105901
      homography:
         rows: 3
         cols: 3
         values: [ 9.9914677571812816e-001, 1.7200808777954059e-003,
             -2.7183542194252502e-001, -1.7200808777954059e-003,
             9.9914677571812816e-001, 2.0266896379108497e+000, 0., 0.,
             1. ]
         type: Matrix
      similarities:
         []
      annotations:
         []
   -
      sectionId: 11002
      sectionType: 1002
      channelId: main
      distance: 1.
      startFrame: 41
      stopFrame: 50
      focusFrame: 41
      focusPoint: { values:[ 640., 360. ], type:Vector2 }
      focusPose:
         rows: 2
         cols: 2
         values: [ 1.0814378707377776e+271, 0., 2.5691413583744820e-322,
             0. ]
         type: Matrix
      focusROI:
         type: "Vector2[][]"
         values:
            -
               type: "Vector2[]"
               values:
                  -
                     values: [ 0., 0. ]
                     type: Vector2
                  -
                     values: [ 1280., 0. ]
                     type: Vector2
                  -
                     values: [ 1280., 720. ]
                     type: Vector2
                  -
                     values: [ 0., 720. ]
                     type: Vector2
      minDurationRelTS: "0"
      animationPeriod: "0"
      recordId: Action_20171122T105901
      homography:
         rows: 3
         cols: 3
         values: [ 9.9914677571812816e-001, 1.7200808777954059e-003,
             -2.7183542194252502e-001, -1.7200808777954059e-003,
             9.9914677571812816e-001, 2.0266896379108497e+000, 0., 0.,
             1. ]
