%YAML:1.0
---
recording:
   type: VideoRecording
   recordId: Action_20171124T114904
   channelId: main
   timeStamp: "131559977440730000"
   sessionTimestamp: "0"
   width: -1
   height: -1
   frameCount: 124
   fps: 2.9969999999999999e+001
   recordingType: 2000
   frameTransformRect: [ [ -1, -1 ], [ -1, -1 ], [ -1, -1 ], [ -1, -1 ] ]
   trackingMode: 1
   segments:
      - { startFrame:45, stopFrame:62, segmentType:2000, focusFrame:-1,
          focusPoint:{ values:[ -1., -1. ], type:Vector2 }, isFragment:0 }
      - { startFrame:0, stopFrame:117, segmentType:1000, focusFrame:-1,
          focusPoint:{ values:[ -1., -1. ], type:Vector2 }, isFragment:0 }
   framesRelTs: [ "0", "210000", "530000", "850000", "1170000",
       "1560000", "1810000", "2130000", "2450000", "2770000", "3100000",
       "3410000", "3890000", "4210000", "4610000", "4940000", "5180000",
       "5500000", "5810000", "6130000", "6450000", "6770000", "7090000",
       "7410000", "7890000", "8210000", "8530000", "8850000", "9170000",
       "9490000", "9820000", "10130000", "10460000", "10780000",
       "11090000", "11410000", "11740000", "12210000", "12530000",
       "12860000", "13170000", "13500000", "13850000", "14200000",
       "14460000", "14770000", "15090000", "15410000", "15740000",
       "16210000", "16530000", "16850000", "17170000", "17490000",
       "17960000", "18270000", "18470000", "18770000", "19090000",
       "19420000", "19740000", "20050000", "20530000", "20860000",
       "21170000", "21490000", "21810000", "22130000", "22460000",
       "22770000", "23090000", "23410000", "23740000", "24060000",
       "24530000", "24850000", "25180000", "25500000", "25810000",
       "26130000", "26450000", "26780000", "27090000", "27410000",
       "27730000", "28050000", "28370000", "28860000", "29170000",
       "29490000", "29820000", "30130000", "30460000", "30770000",
       "31090000", "31410000", "31730000", "32060000", "32370000",
       "32850000", "33170000", "33490000", "33910000", "34130000",
       "34460000", "34790000", "35090000", "35420000", "35730000",
       "36050000", "36380000", "36850000", "37170000", "37500000",
       "37810000", "38130000", "38530000", "38800000", "39100000",
       "39430000", "39740000", "40050000", "40370000", "40800000" ]
   chunks:
      - { path:"Recordings/Action_20171124T114904/recording.avi",
          startFrameIdx:0 }
