%YAML:1.0
---
recording:
   type: VideoRecording
   recordId: Action_20180109T115604
   channelId: main
   timeStamp: "131599725641280000"
   sessionTimestamp: "0"
   width: 0
   height: 0
   frameCount: 151
   fps: 2.9969999999999999e+001
   recordingType: 2000
   frameTransformRect: [ [ -1, -1 ], [ -1, -1 ], [ -1, -1 ], [ -1, -1 ] ]
   trackingMode: 0
   segments:
      - { startFrame:34, stopFrame:121, segmentType:2000, focusFrame:-1,
          focusPoint:{ values:[ -1., -1. ], type:Vector2 }, isFragment:0 }
      - { startFrame:0, stopFrame:144, segmentType:1000, focusFrame:-1,
          focusPoint:{ values:[ -1., -1. ], type:Vector2 }, isFragment:0 }
   framesRelTs: [ "0", "240000", "490000", "810000", "1570000",
       "1760000", "1930000", "2130000", "2310000", "2770000", "3110000",
       "3430000", "3750000", "4080000", "4390000", "4730000", "5080000",
       "5390000", "5730000", "6040000", "6370000", "6710000", "7020000",
       "7350000", "7680000", "8020000", "8340000", "8680000", "9010000",
       "9330000", "9650000", "9980000", "10310000", "10650000",
       "10960000", "11280000", "11600000", "11930000", "12250000",
       "12580000", "12910000", "13230000", "13550000", "13880000",
       "14200000", "14530000", "14850000", "15180000", "15520000",
       "15840000", "16170000", "16510000", "16840000", "17150000",
       "17480000", "17800000", "18120000", "18450000", "18770000",
       "19110000", "19420000", "19740000", "20060000", "20400000",
       "20700000", "21030000", "21360000", "21680000", "22000000",
       "22320000", "22650000", "22970000", "23300000", "23620000",
       "23950000", "24270000", "24610000", "24930000", "25250000",
       "25580000", "26060000", "26390000", "26710000", "27050000",
       "27370000", "27700000", "28030000", "28350000", "28690000",
       "29020000", "29330000", "29650000", "29980000", "30320000",
       "30640000", "30950000", "31290000", "31610000", "31920000",
       "32250000", "32590000", "32900000", "33220000", "33550000",
       "33870000", "34200000", "34520000", "34840000", "35170000",
       "35510000", "35830000", "36180000", "36470000", "36800000",
       "37120000", "37460000", "37780000", "38110000", "38440000",
       "38770000", "39090000", "39420000", "39740000", "40070000",
       "40400000", "40720000", "41050000", "41380000", "41700000",
       "42010000", "42340000", "42680000", "43000000", "43320000",
       "43650000", "43970000", "44300000", "44610000", "44950000",
       "45260000", "45580000", "45920000", "46240000", "46570000",
       "46920000", "47230000", "47550000", "47870000", "48210000",
       "48530000", "48880000" ]
   chunks:
      - { path:"Recordings/Action_20180109T115604/recording.avi",
          startFrameIdx:0 }
