<?xml version="1.0"?>
<opencv_storage>
<keyPoints>
  280. 45. 18. 2.8523638916015625e+002 79. 0 -1 2.8149978637695312e+002
  4.6612510681152344e+001 1.5432990074157715e+001
  3.0293063354492188e+002 1.5587759399414062e+002 0 -1
  3.9863088989257812e+002 4.6980190277099609e+001
  1.4257143020629883e+001 3.0712704467773437e+002
  1.3242974853515625e+002 0 -1 2.7926840209960937e+002
  5.2655986785888672e+001 1.4211980819702148e+001
  7.7545013427734375e+001 4.6757278442382813e+001 0 -1
  3.9732604980468750e+002 8.2699111938476562e+001
  1.6476922988891602e+001 4.0222698211669922e+001
  1.1709420776367187e+002 0 -1 2.4741450500488281e+002
  8.3809677124023437e+001 1.4950412750244141e+001
  2.3207771301269531e+001 1.6362908935546875e+002 0 -1
  1.8896629333496094e+002 1.0229405212402344e+002
  1.5410493850708008e+001 2.6879406738281250e+002
  4.1233688354492187e+001 0 -1 2.9357989501953125e+002
  1.0655191040039062e+002 1.3884054183959961e+001
  2.4478997802734375e+002 3.6118492126464844e+001 0 -1
  1.9233290100097656e+002 1.0735875701904297e+002
  1.4162790298461914e+001 2.5658367919921875e+002
  4.9793594360351563e+001 0 -1 2.0047615051269531e+002
  1.0695088958740234e+002 1.1608695983886719e+001
  2.8670092773437500e+002 3.5097824096679688e+001 0 -1
  2.0340249633789062e+002 1.0659889221191406e+002
  1.1280359268188477e+001 2.9862695312500000e+002
  4.1143600463867188e+001 0 -1 4.0699499511718750e+002
  1.0734612274169922e+002 1.3250000000000000e+001
  2.7106002807617187e+002 5.6041671752929688e+001 0 -1
  4.0485028076171875e+002 1.0759620666503906e+002
  1.4076922416687012e+001 2.6446130371093750e+002
  6.2115371704101563e+001 0 -1 2.2038385009765625e+002
  1.1750069427490234e+002 15. 3.4313754272460937e+002
  3.3750000000000000e+001 0 -1 3.2140090942382812e+002
  1.2343733978271484e+002 1.6866020202636719e+001
  2.3703088760375977e+001 6.6281387329101563e+001 0 -1
  2.3820523071289062e+002 1.5486599731445312e+002
  1.4812500000000000e+001 3.5249420166015625e+002
  4.6515625000000000e+001 0 -1 2.3939355468750000e+002
  1.5534432983398437e+002 1.4400000572204590e+001
  3.5402404785156250e+002 3.8400009155273438e+001 0 -1
  2.5002191162109375e+002 1.5504008483886719e+002
  1.2810364723205566e+001 3.5969781494140625e+002
  3.1463066101074219e+001 0 -1 3.6151901245117187e+002
  1.5597477722167969e+002 1.3628571510314941e+001
  1.6596611022949219e+002 4.3289291381835938e+001 0 -1 243.
  1.9663504028320312e+002 1.6609291076660156e+001
  2.9766918945312500e+002 1.0731124877929688e+002 0 -1
  2.4325000000000000e+002 1.9675000000000000e+002 18.
  3.0783407592773437e+002 1.1488867187500000e+002 0 -1
  3.6775000000000000e+002 1.9675000000000000e+002 18.
  2.8446023559570312e+002 7.5333007812500000e+001 0 -1
  3.6971209716796875e+002 1.9643933105468750e+002
  1.5117210388183594e+001 3.0456192016601562e+002
  5.3838798522949219e+001 0 -1 2.3713435363769531e+002
  1.9640620422363281e+002 1.3999691009521484e+001
  2.0942970275878906e+002 6.6004364013671875e+001 0 -1
  2.4834356689453125e+002 1.9666758728027344e+002
  1.3230511665344238e+001 3.3618075561523437e+002
  8.9849212646484375e+001 0 -1 3.6285522460937500e+002
  1.9743292236328125e+002 1.3356164932250977e+001
  2.0761836242675781e+002 7.4864715576171875e+001 0 -1
  3.7405966186523437e+002 1.9693948364257812e+002 15.
  3.3884478759765625e+002 64. 0 -1 2.3784719848632812e+002
  1.9926585388183594e+002 1.2346153259277344e+001
  1.8132966613769531e+002 6.7086532592773438e+001 0 -1
  3.6492056274414062e+002 2.0018409729003906e+002
  1.0764705657958984e+001 1.7231964111328125e+002
  3.3720588684082031e+001 0 -1 2.3909405517578125e+002
  2.0208003234863281e+002 1.1796115875244141e+001
  1.3470130920410156e+002 6.9059478759765625e+001 0 -1
  2.4723442077636719e+002 2.0211900329589844e+002
  1.1780488014221191e+001 3.7200313568115234e+001
  6.9054885864257813e+001 0 -1 2.4451414489746094e+002
  2.0389932250976562e+002 1.2702836990356445e+001
  6.4310432434082031e+001 7.1288879394531250e+001 0 -1 362.
  2.0455355834960937e+002 1.3848072052001953e+001
  1.3675938415527344e+002 3.4550521850585938e+001 0 -1
  3.7021612548828125e+002 2.0435198974609375e+002
  1.2715530395507813e+001 6.3431400299072266e+001
  4.0172241210937500e+001 0 -1 3.7416528320312500e+002
  2.0476654052734375e+002 1.3097560882568359e+001
  4.0222484588623047e+001 3.3685989379882813e+001 0 -1
  2.4910618591308594e+002 2.7153479003906250e+002
  1.3610185623168945e+001 1.0745695114135742e+001
  3.2873596191406250e+001 0 -1 3.6196478271484375e+002
  2.7207098388671875e+002 1.3769230842590332e+001
  1.3547444152832031e+002 4.4695510864257813e+001 0 -1
  3.7357751464843750e+002 2.7188955688476562e+002
  1.3493650436401367e+001 1.7360351562500000e+001
  3.6630264282226563e+001 0 -1 2.3631558227539062e+002
  2.7727960205078125e+002 1.2428571701049805e+001
  1.3051197814941406e+002 3.0053569793701172e+001 0 -1
  2.9044049072265625e+002 3.1716848754882812e+002
  1.3444444656372070e+001 2.3312669372558594e+002
  3.3782409667968750e+001 0 -1 3.1575793457031250e+002
  3.1748327636718750e+002 13. 2.3072552490234375e+002
  3.5416671752929688e+001 0 -1 2.9325085449218750e+002
  3.2226138305664062e+002 1.3526950836181641e+001
  6.3301689147949219e+001 7.8741271972656250e+001 0 -1
  3.1898815917968750e+002 3.2229956054687500e+002
  1.3541264533996582e+001 5.8423019409179688e+001
  8.6397491455078125e+001 0 -1 2.8081988525390625e+002
  4.6484382629394531e+001 2.0429712295532227e+001
  3.0930822753906250e+002 1.6322485351562500e+002 1 -1
  3.9757446289062500e+002 4.7044391632080078e+001 21.
  2.7774496459960937e+002 1.3277014160156250e+002 1 -1
  1.6066909790039062e+002 1.0231083679199219e+002
  2.0687835693359375e+001 6.1755142211914063e+001
  5.4928604125976562e+001 1 -1 1.8891168212890625e+002
  1.0257707214355469e+002 18. 2.6977337646484375e+002
  3.8792968750000000e+001 1 -1 1.9223904418945312e+002
  1.0862928771972656e+002 1.8310344696044922e+001
  2.5187962341308594e+002 5.8038787841796875e+001 1 -1
  2.9339791870117187e+002 1.0822708129882812e+002
  1.9276576995849609e+001 2.2992349243164062e+002
  4.7472808837890625e+001 1 -1 2.4537625122070312e+002
  1.1323768615722656e+002 1.9427213668823242e+001
  3.2134101867675781e+001 3.7494186401367187e+001 1 -1
  3.6625000000000000e+002 1.1425000000000000e+002
  1.8413051605224609e+001 2.0719718933105469e+002
  3.5065948486328125e+001 1 -1 2.1910198974609375e+002
  1.1850000000000000e+002 24. 3.9760785102844238e+000
  4.4234375000000000e+001 1 -1 2.3823818969726562e+002
  1.5439179992675781e+002 15. 3.5046234130859375e+002
  4.3875000000000000e+001 1 -1 2.4094692993164062e+002
  1.7115390014648437e+002 1.8777046203613281e+001
  3.0273999023437500e+002 4.0239334106445313e+001 1 -1
  3.6546563720703125e+002 1.7217846679687500e+002
  1.8692306518554687e+001 2.8263214111328125e+002
  3.9173080444335937e+001 1 -1 3.7405966186523437e+002
  1.9693946838378906e+002 15. 3.3884478759765625e+002
  6.3125000000000000e+001 1 -1 3.5799606323242187e+002
  1.9892260742187500e+002 1.8243848800659180e+001
  1.8281323242187500e+002 1.1102303314208984e+002 1 -1
  2.3676776123046875e+002 2.0418786621093750e+002
  1.7480764389038086e+001 1.2667278289794922e+002
  3.1076614379882813e+001 1 -1 2.4250338745117187e+002
  2.0362866210937500e+002 18. 7.6432518005371094e+001
  1.1109765625000000e+002 1 -1 3.6220022583007812e+002
  2.0512527465820313e+002 1.5857142448425293e+001
  1.3297454833984375e+002 3.4339286804199219e+001 1 -1
  3.6727865600585937e+002 2.3168246459960937e+002 21.
  5.4066238403320313e+000 4.4875000000000000e+001 1 -1
  3.7081265258789062e+002 2.7191629028320313e+002
  1.8230768203735352e+001 9.8123750686645508e+000
  3.5009613037109375e+001 1 -1 2.4250000000000000e+002
  2.8650000000000000e+002 24. 6.5173530578613281e+001
  5.0444335937500000e+001 1 -1 3.6559860229492187e+002
  2.8910937500000000e+002 1.9461212158203125e+001
  8.2388267517089844e+001 3.6461715698242188e+001 1 -1
