%YAML:1.0
---
recording:
   type: VideoRecording
   recordId: Action_20180109T115540
   channelId: main
   timeStamp: "131599725406740000"
   sessionTimestamp: "0"
   width: -1
   height: -1
   frameCount: 213
   fps: 2.9969999999999999e+001
   recordingType: 2000
   frameTransformRect: [ [ -1, -1 ], [ -1, -1 ], [ -1, -1 ], [ -1, -1 ] ]
   trackingMode: 0
   segments:
      - { startFrame:25, stopFrame:49, segmentType:2000, focusFrame:-1,
          focusPoint:{ values:[ -1., -1. ], type:Vector2 }, isFragment:0 }
      - { startFrame:56, stopFrame:74, segmentType:2000, focusFrame:-1,
          focusPoint:{ values:[ -1., -1. ], type:Vector2 }, isFragment:0 }
      - { startFrame:0, stopFrame:206, segmentType:1000, focusFrame:-1,
          focusPoint:{ values:[ -1., -1. ], type:Vector2 }, isFragment:0 }
   framesRelTs: [ "0", "240000", "520000", "860000", "1180000",
       "1490000", "1840000", "2160000", "2500000", "2840000", "3140000",
       "3480000", "3810000", "4120000", "4460000", "4790000", "5110000",
       "5450000", "5770000", "6110000", "6410000", "6750000", "7080000",
       "7410000", "7730000", "8070000", "8380000", "8710000", "9030000",
       "9350000", "9680000", "10010000", "10330000", "10630000",
       "10960000", "11290000", "11610000", "11940000", "12270000",
       "12600000", "12910000", "13240000", "13570000", "13880000",
       "14220000", "14550000", "14870000", "15190000", "15520000",
       "15850000", "16170000", "16500000", "16830000", "17140000",
       "17470000", "17800000", "18120000", "18450000", "18790000",
       "19100000", "19430000", "19750000", "20080000", "20400000",
       "20720000", "21060000", "21370000", "21690000", "22190000",
       "22520000", "22720000", "23020000", "23340000", "23670000",
       "23990000", "24320000", "24640000", "25130000", "25470000",
       "25790000", "26120000", "26440000", "26770000", "27090000",
       "27420000", "27750000", "28080000", "28400000", "28720000",
       "29070000", "29410000", "29720000", "30030000", "30370000",
       "30700000", "31030000", "31350000", "31680000", "32020000",
       "32340000", "32670000", "33000000", "33320000", "33660000",
       "33980000", "34300000", "34640000", "34960000", "35280000",
       "35610000", "35950000", "36280000", "36600000", "36930000",
       "37250000", "37580000", "37910000", "38230000", "38560000",
       "38900000", "39210000", "39550000", "39860000", "40190000",
       "40490000", "40820000", "41140000", "41460000", "41790000",
       "42130000", "42450000", "42780000", "43110000", "43430000",
       "43750000", "44090000", "44420000", "44720000", "45040000",
       "45370000", "45690000", "46030000", "46370000", "46700000",
       "47030000", "47350000", "47670000", "47990000", "48300000",
       "48640000", "48950000", "49270000", "49600000", "49910000",
       "50250000", "50590000", "50900000", "51220000", "51550000",
       "51860000", "52190000", "52520000", "52840000", "53170000",
       "53490000", "53830000", "54140000", "54460000", "54790000",
       "55110000", "55450000", "55760000", "56090000", "56420000",
       "56740000", "57070000", "57380000", "57710000", "58040000",
       "58350000", "58690000", "59020000", "59330000", "59660000",
       "60000000", "60340000", "60650000", "61130000", "61440000",
       "61770000", "62090000", "62420000", "62730000", "63060000",
       "63410000", "63720000", "64050000", "64390000", "64690000",
       "65020000", "65350000", "65690000", "66000000", "66340000",
       "66670000", "66980000", "67300000", "67630000", "67950000",
       "68280000", "68620000", "68930000", "69380000" ]
   chunks:
      - { path:"Recordings/Action_20180109T115540/recording.avi",
          startFrameIdx:0 }
