<?xml version="1.0"?>
<opencv_storage>
<keyPoints>
  3.4883428955078125e+002 1.8280175781250000e+002 15.
  1.2776394653320312e+002 3.5250000000000000e+001 0 -1
  1.4351232910156250e+002 1.9331823730468750e+002
  1.5468986511230469e+001 3.3824691772460937e+002
  5.9348800659179688e+001 0 -1 1.6662954711914062e+002
  1.9628033447265625e+002 1.3135850906372070e+001
  1.2637197113037109e+002 8.4377746582031250e+001 0 -1
  1.5036286926269531e+002 2.0029130554199219e+002
  1.3688159942626953e+001 1.1672328710556030e+000
  3.6883224487304687e+001 0 -1 3.7796118164062500e+002
  2.0106181335449219e+002 1.5343345642089844e+001
  2.1953182983398437e+002 3.9402877807617187e+001 0 -1
  3.8238549804687500e+002 2.0119381713867187e+002
  1.3636363983154297e+001 2.4560708618164062e+002
  3.9727279663085938e+001 0 -1 2.4789788818359375e+002
  2.0311930847167969e+002 1.2882352828979492e+001
  8.1502388000488281e+001 4.1367645263671875e+001 0 -1
  4.4427749633789062e+002 2.0521871948242187e+002
  1.3416471481323242e+001 2.0662200927734375e+002
  3.7033851623535156e+001 0 -1 4.4646438598632812e+002
  2.0822216796875000e+002 1.4516129493713379e+001
  1.6088038635253906e+002 7.5451629638671875e+001 0 -1
  3.3548150634765625e+002 2.4242811584472656e+002
  1.4272727966308594e+001 2.6041198730468750e+002
  5.3367431640625000e+001 0 -1 3.4318353271484375e+002
  2.4212332153320312e+002 1.3666666030883789e+001
  2.7021942138671875e+002 5.1388885498046875e+001 0 -1
  3.8012677001953125e+002 2.4462686157226562e+002
  1.5765956878662109e+001 3.0334341430664062e+002
  8.9257980346679688e+001 0 -1 4.4371270751953125e+002
  2.4545809936523437e+002 1.3621067047119141e+001
  2.2554664611816406e+002 8.9700164794921875e+001 0 -1
  1.6589950561523438e+002 2.4708694458007812e+002
  1.1918918609619141e+001 3.5090054321289062e+002
  3.1003379821777344e+001 0 -1 217. 2.4775000000000000e+002 18.
  2.9867196655273438e+002 53. 0 -1 1.6289158630371094e+002
  2.5419798278808594e+002 1.3479452133178711e+001
  9.1071786880493164e+000 1.5643835449218750e+002 0 -1
  4.3444692993164062e+002 2.5671969604492187e+002
  1.4739387512207031e+001 2.3898275756835937e+002
  9.0893951416015625e+001 0 -1 4.3563592529296875e+002
  2.5707815551757813e+002 1.3363636016845703e+001
  2.3537927246093750e+002 8.9988616943359375e+001 0 -1
  3.1917794799804687e+002 2.5807733154296875e+002
  1.4272266387939453e+001 2.2138781738281250e+002
  1.0846780395507812e+002 0 -1 3.7418618774414062e+002
  2.6492727661132812e+002 1.6875000000000000e+001
  3.4425605773925781e+001 4.1281250000000000e+001 0 -1
  4.2940112304687500e+002 2.6666500854492187e+002
  1.5924016952514648e+001 7.5412918090820313e+001
  4.1818321228027344e+001 0 -1 4.2858499145507812e+002
  2.7032376098632812e+002 1.4634899139404297e+001
  6.3208229064941406e+001 6.1446487426757812e+001 0 -1
  2.4614999389648437e+002 2.7093179321289062e+002
  1.3875000000000000e+001 1.8098854064941406e+002
  4.3562500000000000e+001 0 -1 3.2689639282226562e+002
  2.7019171142578125e+002 1.2599999427795410e+001
  1.1158346557617187e+002 4.9225006103515625e+001 0 -1
  3.5864889526367187e+002 2.7139019775390625e+002
  1.5571429252624512e+001 7.1416816711425781e+001
  4.5720230102539063e+001 0 -1 4.1246502685546875e+002
  2.7256085205078125e+002 1.3163265228271484e+001
  1.3810308837890625e+002 4.0920928955078125e+001 0 -1
  4.4353823852539062e+002 2.7303298950195312e+002
  1.2792098999023438e+001 6.2337020874023437e+001
  5.1547225952148438e+001 0 -1 3.5276800537109375e+002
  2.7640933227539062e+002 1.1445042610168457e+001
  7.6958976745605469e+001 3.3034286499023438e+001 0 -1
  4.4074264526367187e+002 2.7571072387695312e+002
  1.2238620758056641e+001 6.4716415405273438e+001
  3.4388229370117188e+001 0 -1 3.3455551147460938e+002
  2.8357928466796875e+002 1.5352849960327148e+001
  1.1383887481689453e+002 4.2539077758789063e+001 0 -1
  3.5092242431640625e+002 2.8389227294921875e+002
  1.3285713195800781e+001 5.9791271209716797e+001
  4.7803565979003906e+001 0 -1 4.1927053833007812e+002
  2.8505773925781250e+002 1.3325582504272461e+001
  1.3220957946777344e+002 4.5049407958984375e+001 0 -1
  2.6351892089843750e+002 2.8956271362304687e+002
  1.4272765159606934e+001 2.5411807250976562e+002
  2.0365618896484375e+002 0 -1 3.9309344482421875e+002
  2.9314877319335937e+002 1.4353261947631836e+001
  2.6526470947265625e+002 2.1098089599609375e+002 0 -1
  3.3791131591796875e+002 2.9672720336914063e+002
  1.3254545211791992e+001 2.2214566040039062e+002
  5.5202270507812500e+001 0 -1 3.9301126098632812e+002
  2.9943429565429687e+002 1.4486843109130859e+001
  2.6533163452148437e+002 1.7005596923828125e+002 0 -1
  3.5990332031250000e+002 3.2697311401367187e+002
  1.2130435943603516e+001 2.4868887329101562e+002
  3.3005432128906250e+001 0 -1 2.6154751586914062e+002
  3.3749996948242187e+002 1.3421052932739258e+001
  2.7153802490234375e+002 4.6065780639648438e+001 0 -1
  2.7038668823242187e+002 3.3791375732421875e+002
  1.2411764144897461e+001 2.7415484619140625e+002
  5.6120101928710938e+001 0 -1 3.0776535034179687e+002
  3.3838717651367187e+002 1.2648785591125488e+001
  2.7108856201171875e+002 3.5034263610839844e+001 0 -1
  3.0389636230468750e+002 3.3905368041992187e+002 12.
  2.7050830078125000e+002 36. 0 -1 2.5936334228515625e+002
  1.5099592590332031e+002 2.0728784561157227e+001
  1.7598924255371094e+002 4.8828750610351562e+001 1 -1
  4.9736596679687500e+002 1.9167642211914062e+002
  1.9736581802368164e+001 2.7477914428710937e+002
  4.6596740722656250e+001 1 -1 1.5031622314453125e+002
  1.9996545410156250e+002 1.3222785949707031e+001
  2.5547173023223877e+000 3.5956295013427734e+001 1 -1
  4.4705688476562500e+002 2.0950021362304688e+002 24.
  1.2438327789306641e+002 7.2579101562500000e+001 1 -1
  4.4346289062500000e+002 2.4592980957031250e+002
  1.5894799232482910e+001 1.9381687927246094e+002
  8.9313346862792969e+001 1 -1 2.3928237915039062e+002
  2.4943118286132812e+002 1.5705881118774414e+001
  3.5868072509765625e+002 4.6242645263671875e+001 1 -1
  3.8042297363281250e+002 2.5168241882324219e+002
  1.9187850952148438e+001 3.4160528564453125e+002
  1.0393505859375000e+002 1 -1 3.3618127441406250e+002
  2.5334437561035156e+002 1.8705818176269531e+001
  2.5955627441406250e+002 4.4273025512695313e+001 1 -1
  4.4346237182617188e+002 2.5351467895507812e+002
  1.7321445465087891e+001 2.2296330261230469e+002
  1.1146743774414062e+002 1 -1 4.3441162109375000e+002
  2.5675738525390625e+002 1.2874091148376465e+001
  2.3912243652343750e+002 8.4694564819335938e+001 1 -1
  2.9771627807617187e+002 2.6416186523437500e+002
  1.9800001144409180e+001 1.6826881408691406e+002
  3.4450004577636719e+001 1 -1 3.1932598876953125e+002
  2.6570397949218750e+002 2.0270278930664062e+001
  1.5347431945800781e+002 9.5765808105468750e+001 1 -1
  4.2979553222656250e+002 2.6679156494140625e+002
  1.8380044937133789e+001 1.4971113586425781e+002
  3.9504508972167969e+001 1 -1 4.0702465820312500e+002
  2.6822839355468750e+002 1.9666666030883789e+001
  1.7361126708984375e+002 3.1347221374511719e+001 1 -1
  4.2832116699218750e+002 2.7030078125000000e+002
  1.3452087402343750e+001 6.2021766662597656e+001
  5.6228355407714844e+001 1 -1 3.2450000000000000e+002
  2.7050000000000000e+002 24. 1.4210150146484375e+002
  4.7444442749023438e+001 1 -1 3.5851345825195312e+002
  2.7113565063476562e+002 1.5923076629638672e+001
  7.1409873962402344e+001 4.4778846740722656e+001 1 -1 441. 276. 12.
  6.5963127136230469e+001 3.4888889312744141e+001 1 -1
  3.3467028808593750e+002 2.8322479248046875e+002
  1.4838966369628906e+001 1.1245713806152344e+002
  4.2297588348388672e+001 1 -1 3.4837316894531250e+002
  2.8359710693359375e+002 1.8923061370849609e+001
  8.3914260864257813e+001 3.7512786865234375e+001 1 -1
  2.6360241699218750e+002 2.8999627685546875e+002
  1.6750059127807617e+001 2.5679949951171875e+002
  1.9987796020507812e+002 1 -1 3.9336895751953125e+002 293. 12.
  2.6732958984375000e+002 1.8781440734863281e+002 1 -1
