<?xml version="1.0"?>
<opencv_storage>
<keyPoints>
  2.6839447021484375e+002 3.0367383956909180e+001
  1.4001150131225586e+001 8.8632980346679688e+001
  7.1320312500000000e+001 0 -1 3.8896087646484375e+002
  3.0040489196777344e+001 1.1250000000000000e+001
  1.9615672302246094e+002 3.1375000000000000e+001 0 -1
  2.7955844116210937e+002 5.5741878509521484e+001
  1.3569749832153320e+001 7.8732955932617188e+001
  4.6419448852539063e+001 0 -1 4.3157702636718750e+002
  6.8446685791015625e+001 1.3758409500122070e+001
  2.2666499328613281e+002 7.5363037109375000e+001 0 -1
  4.4223092651367187e+002 6.8566955566406250e+001
  1.5786531448364258e+001 2.5800449371337891e+001
  5.4457778930664062e+001 0 -1 4.4563958740234375e+002
  6.8872169494628906e+001 1.3838708877563477e+001
  2.7015512466430664e+001 3.8455642700195312e+001 0 -1
  2.0553692626953125e+002 7.4134353637695312e+001
  1.3620243072509766e+001 7.0570230484008789e+000
  1.2478793334960937e+002 0 -1 2.6858889770507812e+002
  7.5738128662109375e+001 1.3873789787292480e+001
  2.9294097900390625e+002 1.3833685302734375e+002 0 -1
  2.0538238525390625e+002 7.8535148620605469e+001
  1.2696931838989258e+001 3.0689214706420898e+001
  1.1207351684570312e+002 0 -1 2.6837771606445312e+002
  7.9734214782714844e+001 1.3307691574096680e+001
  3.0206448364257812e+002 1.2277883911132812e+002 0 -1
  4.3191009521484375e+002 8.4061622619628906e+001
  1.3730768203735352e+001 8.1674552917480469e+001
  6.6163452148437500e+001 0 -1 1.8362797546386719e+002
  9.8554389953613281e+001 1.4833333969116211e+001
  2.6388006591796875e+002 4.2013900756835938e+001 0 -1
  2.3650028991699219e+002 1.0102339935302734e+002
  1.3265933990478516e+001 6.6563751220703125e+001
  3.5851715087890625e+001 0 -1 3.7962155151367187e+002
  1.0553789520263672e+002 1.3745170593261719e+001
  2.8693560791015625e+002 3.6076828002929688e+001 0 -1
  1.7475222778320312e+002 1.1209500122070312e+002
  1.3990050315856934e+001 2.6504365921020508e+001
  3.1851821899414062e+001 0 -1 2.0251408386230469e+002
  1.1156353759765625e+002 1.3869668960571289e+001
  3.4827069091796875e+002 5.8712829589843750e+001 0 -1
  2.0567105102539062e+002 1.1211354064941406e+002
  1.3864864349365234e+001 3.5117318725585937e+002
  3.1787155151367188e+001 0 -1 2.0160548400878906e+002 120.
  1.2997022628784180e+001 2.1569169998168945e+001
  5.1782394409179688e+001 0 -1 1.6923005676269531e+002
  1.2009906768798828e+002 1.1478260993957520e+001
  1.5976773071289062e+002 3.0173904418945313e+001 0 -1
  1.9935992431640625e+002 1.2156538391113281e+002
  1.4485713958740234e+001 5.6883422851562500e+001
  3.5003570556640625e+001 0 -1 1.7498747253417969e+002
  1.2268157196044922e+002 1.4023255348205566e+001
  5.5559249877929688e+001 5.1444763183593750e+001 0 -1
  1.7506394958496094e+002 1.2427136230468750e+002
  1.3142856597900391e+001 4.2707569122314453e+001
  4.7761901855468750e+001 0 -1 1.7234738159179687e+002
  1.2751991271972656e+002 15. 1.3255653381347656e+002
  3.5875000000000000e+001 0 -1 1.9185504150390625e+002
  1.3305322265625000e+002 1.2714285850524902e+001
  4.3769905090332031e+001 3.3297622680664063e+001 0 -1
  1.8175000000000000e+002 1.3675000000000000e+002 18.
  1.5240823364257812e+002 4.6444335937500000e+001 0 -1
  1.9583319091796875e+002 1.5084417724609375e+002
  1.4333333015441895e+001 3.3817852783203125e+002
  3.5041664123535156e+001 0 -1 1.9751255798339844e+002
  1.5204081726074219e+002 14. 3.3251510620117187e+002 43. 0 -1
  1.9783332824707031e+002 1.5583332824707031e+002
  1.2500000000000000e+001 2.4773502349853516e+001
  3.4125000000000000e+001 0 -1 2.0490736389160156e+002
  1.5767474365234375e+002 1.2446808815002441e+001
  3.2764874267578125e+002 5.2130325317382812e+001 0 -1
  1.7101062011718750e+002 1.5879782104492188e+002
  1.4297496795654297e+001 2.1135369873046875e+002
  7.0816009521484375e+001 0 -1 1.7403488159179687e+002
  1.6120639038085937e+002 1.1790697097778320e+001
  2.1436076354980469e+002 3.1026168823242188e+001 0 -1
  1.4802186584472656e+002 1.6180485534667969e+002
  1.3064516067504883e+001 3.3297769165039062e+002
  3.6487907409667969e+001 0 -1 2.3456895446777344e+002
  1.6614729309082031e+002 1.4082410812377930e+001
  2.0848074340820312e+002 3.3706451416015625e+001 0 -1
  2.4295205688476562e+002 1.6785064697265625e+002
  1.3956521987915039e+001 3.5624371337890625e+002
  3.4222831726074219e+001 0 -1 2.0131820678710937e+002
  1.6981330871582031e+002 1.6480424880981445e+001
  3.5489370727539062e+002 3.9156173706054687e+001 0 -1
  1.4425000000000000e+002 1.7275000000000000e+002 18.
  6.5658636093139648e+000 5.0777343750000000e+001 0 -1
  2.0376852416992187e+002 1.7235893249511719e+002
  1.5619945526123047e+001 4.5708966255187988e+000
  6.0477676391601563e+001 0 -1 3.7838363647460938e+002
  1.7147047424316406e+002 1.4412456512451172e+001
  2.0583383178710937e+002 3.9631210327148438e+001 0 -1
  1.7837446594238281e+002 1.7315061950683594e+002
  1.2081081390380859e+001 3.3265362548828125e+002
  7.3010162353515625e+001 0 -1 1.4537725830078125e+002
  1.7666801452636719e+002 1.3823228836059570e+001
  1.0064739227294922e+001 4.0182891845703125e+001 0 -1
  1.7769375610351562e+002 1.7635765075683594e+002
  1.2347263336181641e+001 6.9814666748046875e+001
  4.5837600708007812e+001 0 -1 1.7589300537109375e+002
  1.8112301635742187e+002 1.1538461685180664e+001
  1.3276840209960937e+002 3.6076923370361328e+001 0 -1
  1.5066671752929687e+002 1.8260845947265625e+002
  1.3628571510314941e+001 3.3125839233398437e+001
  3.3289291381835937e+001 0 -1 1.9547050476074219e+002
  2.2157177734375000e+002 1.5399999618530273e+001
  2.8600006103515625e+002 5.9224990844726562e+001 0 -1
  2.0474574279785156e+002 2.2919882202148437e+002
  1.2815237045288086e+001 3.0449972534179687e+002
  4.1377441406250000e+001 0 -1 1.7317385864257812e+002
  2.3083634948730469e+002 1.4207546234130859e+001
  2.0730645751953125e+002 5.2587280273437500e+001 0 -1
  2.1040359497070312e+002 2.3566818237304688e+002
  1.6956354141235352e+001 3.4761630249023437e+002
  1.4678775024414062e+002 0 -1 1.7210171508789062e+002
  2.3715997314453125e+002 1.2216994285583496e+001
  1.8741334533691406e+002 3.0017074584960938e+001 0 -1
  1.7731068420410156e+002 2.4547978210449219e+002
  1.5008768081665039e+001 1.5155796813964844e+002
  9.6806213378906250e+001 0 -1 2.0413542175292969e+002 246.
  1.5250000000000000e+001 1.5239779472351074e+001
  4.0520835876464844e+001 0 -1 1.7788717651367187e+002 248.
  1.4099999427795410e+001 1.3944451904296875e+002
  5.7449996948242188e+001 0 -1 1.9383448791503906e+002
  2.5276332092285156e+002 1.3147058486938477e+001
  2.4521026611328125e+002 4.8242645263671875e+001 0 -1
  2.0615173339843750e+002 2.5645559692382812e+002
  1.4600000381469727e+001 4.6608566284179688e+001
  3.9816665649414063e+001 0 -1 3.7490176391601562e+002
  3.0363684082031250e+002 1.4276554107666016e+001
  1.7616246032714844e+002 3.4851150512695313e+001 0 -1
  3.4261785888671875e+002 8.1678665161132813e+001
  1.6756097793579102e+001 1.5879917907714844e+002
  1.6988110351562500e+002 1 -1 3.7943856811523437e+002
  1.0318031311035156e+002 2.2494089126586914e+001
  3.3581127929687500e+002 3.3229343414306641e+001 1 -1
  1.8871496582031250e+002 1.0481619262695312e+002
  2.0508140563964844e+001 2.9480307006835937e+002
  5.6981964111328125e+001 1 -1 1.9948107910156250e+002
  1.1544043731689453e+002 1.8430526733398437e+001
  5.9028635025024414e+000 5.3125579833984375e+001 1 -1
  2.0141641235351562e+002 1.2047886657714844e+002
  1.6411235809326172e+001 2.1157608032226563e+001
  5.4191833496093750e+001 1 -1 1.9985000610351562e+002
  1.2370000457763672e+002 1.8599998474121094e+001
  2.2724243164062500e+001 3.8074996948242188e+001 1 -1
  1.9503900146484375e+002 1.2696353149414062e+002
  2.0242769241333008e+001 2.3803039550781250e+001
  4.6398559570312500e+001 1 -1 1.8530749511718750e+002
  1.3025897216796875e+002 1.8923076629638672e+001
  1.0658702850341797e+002 5.2307693481445313e+001 1 -1
  1.9050004577636719e+002 1.4785691833496094e+002
