%YAML:1.0
---
recording:
   type: VideoRecording
   recordId: Action_20180109T151753
   channelId: main
   timeStamp: "131599846738960000"
   sessionTimestamp: "0"
   width: -1
   height: -1
   frameCount: 165
   fps: 2.9969999999999999e+001
   recordingType: 2000
   frameTransformRect: [ [ -1, -1 ], [ -1, -1 ], [ -1, -1 ], [ -1, -1 ] ]
   trackingMode: 0
   segments:
      - { startFrame:53, stopFrame:100, segmentType:2000, focusFrame:-1,
          focusPoint:{ values:[ -1., -1. ], type:Vector2 }, isFragment:0 }
      - { startFrame:97, stopFrame:128, segmentType:2000, focusFrame:-1,
          focusPoint:{ values:[ -1., -1. ], type:Vector2 }, isFragment:0 }
      - { startFrame:0, stopFrame:158, segmentType:1000, focusFrame:-1,
          focusPoint:{ values:[ -1., -1. ], type:Vector2 }, isFragment:0 }
   framesRelTs: [ "0", "240000", "450000", "680000", "1000000",
       "1370000", "1660000", "1980000", "2310000", "2790000", "2970000",
       "3290000", "3620000", "3950000", "4270000", "4610000", "4930000",
       "5260000", "5690000", "5930000", "6260000", "6610000", "6910000",
       "7250000", "7590000", "7910000", "8240000", "8590000", "8890000",
       "9220000", "9540000", "10030000", "10220000", "10540000",
       "10870000", "11210000", "11530000", "11850000", "12190000",
       "12520000", "12880000", "13180000", "13500000", "13840000",
       "14300000", "14490000", "14820000", "15170000", "15500000",
       "15810000", "16140000", "16480000", "16800000", "17230000",
       "17470000", "17790000", "18120000", "18450000", "18710000",
       "18930000", "19430000", "19750000", "20130000", "20410000",
       "20730000", "21060000", "21550000", "21740000", "22040000",
       "22390000", "22700000", "23040000", "23360000", "23690000",
       "24010000", "24450000", "24680000", "25000000", "25200000",
       "25510000", "25980000", "26190000", "26480000", "26810000",
       "27310000", "27630000", "27830000", "28130000", "28450000",
       "28800000", "29110000", "29430000", "29760000", "30210000",
       "30430000", "30740000", "31080000", "31400000", "31730000",
       "32070000", "32400000", "32720000", "33050000", "33380000",
       "33700000", "34030000", "34450000", "34690000", "35020000",
       "35350000", "35860000", "36070000", "36340000", "36660000",
       "36980000", "37320000", "37660000", "37980000", "38300000",
       "38730000", "38970000", "39300000", "39620000", "40140000",
       "40340000", "40610000", "40940000", "41280000", "41630000",
       "41930000", "42260000", "42590000", "43040000", "43250000",
       "43570000", "43910000", "44230000", "44550000", "44890000",
       "45210000", "45540000", "45950000", "46200000", "46530000",
       "46850000", "47360000", "47550000", "47840000", "48170000",
       "48500000", "48830000", "49160000", "49490000", "49810000",
       "50180000", "50470000", "50790000", "51120000", "51620000",
       "51800000", "52090000", "52440000", "52750000", "53090000",
       "53730000" ]
   chunks:
      - { path:"Recordings/Action_20180109T151753/recording.avi",
          startFrameIdx:0 }
