%YAML:1.0
---
recording:
   type: VideoRecording
   recordId: Action_20171124T115731
   channelId: main
   timeStamp: "131559982520030000"
   sessionTimestamp: "0"
   width: -1
   height: -1
   frameCount: 230
   fps: 2.9969999999999999e+001
   recordingType: 2000
   frameTransformRect: [ [ -1, -1 ], [ -1, -1 ], [ -1, -1 ], [ -1, -1 ] ]
   trackingMode: 1
   segments:
      - { startFrame:58, stopFrame:70, segmentType:2000, focusFrame:-1,
          focusPoint:{ values:[ -1., -1. ], type:Vector2 }, isFragment:0 }
      - { startFrame:182, stopFrame:199, segmentType:2000, focusFrame:-1,
          focusPoint:{ values:[ -1., -1. ], type:Vector2 }, isFragment:0 }
      - { startFrame:0, stopFrame:223, segmentType:1000, focusFrame:-1,
          focusPoint:{ values:[ -1., -1. ], type:Vector2 }, isFragment:0 }
   framesRelTs: [ "0", "240000", "570000", "880000", "1200000",
       "1680000", "2000000", "2320000", "2640000", "2960000", "3290000",
       "3600000", "3920000", "4240000", "4560000", "4880000", "5200000",
       "5520000", "6000000", "6320000", "6640000", "6960000", "7280000",
       "7600000", "7920000", "8240000", "8580000", "8880000", "9200000",
       "9530000", "10000000", "10460000", "10660000", "10980000",
       "11280000", "11600000", "11920000", "12240000", "12560000",
       "12880000", "13200000", "13520000", "13840000", "14320000",
       "14640000", "14960000", "15280000", "15600000", "15920000",
       "16250000", "16560000", "16880000", "17210000", "17520000",
       "17840000", "18320000", "18640000", "18960000", "19280000",
       "19600000", "19930000", "20240000", "20560000", "20880000",
       "21200000", "21520000", "21840000", "22410000", "22640000",
       "22960000", "23280000", "23610000", "23930000", "24240000",
       "24580000", "24880000", "25200000", "25520000", "25840000",
       "26220000", "26660000", "26970000", "27280000", "27600000",
       "27920000", "28240000", "28560000", "28880000", "29200000",
       "29530000", "29860000", "30160000", "30640000", "30960000",
       "31280000", "31600000", "31920000", "32240000", "32560000",
       "32880000", "33210000", "33520000", "33840000", "34160000",
       "34480000", "34960000", "35280000", "35600000", "35920000",
       "36240000", "36560000", "36890000", "37200000", "37520000",
       "37840000", "38170000", "38480000", "38960000", "39390000",
       "39640000", "39930000", "40240000", "40560000", "40880000",
       "41210000", "41530000", "41840000", "42160000", "42480000",
       "42970000", "43380000", "43690000", "43930000", "44240000",
       "44560000", "44880000", "45200000", "45520000", "45840000",
       "46160000", "46480000", "46800000", "47290000", "47600000",
       "47920000", "48240000", "48560000", "48880000", "49200000",
       "49520000", "49850000", "50160000", "50480000", "50800000",
       "51280000", "51600000", "51920000", "52240000", "52560000",
       "52880000", "53200000", "53520000", "53840000", "54160000",
       "54480000", "54800000", "55120000", "55740000", "56020000",
       "56240000", "56560000", "56880000", "57200000", "57520000",
       "57840000", "58160000", "58480000", "58810000", "59120000",
       "59600000", "59920000", "60240000", "60570000", "60880000",
       "61200000", "61520000", "61840000", "62160000", "62490000",
       "62800000", "63120000", "63440000", "63920000", "64240000",
       "64560000", "64880000", "65210000", "65520000", "65840000",
       "66160000", "66480000", "66800000", "67120000", "67440000",
       "68080000", "68290000", "68560000", "68880000", "69200000",
       "69520000", "69850000", "70160000", "70480000", "70800000",
       "71120000", "71440000", "71920000", "72240000", "72560000",
       "72890000", "73200000", "73520000", "73840000", "74160000",
       "74480000", "74810000", "75120000", "75440000", "75770000",
       "76250000" ]
   chunks:
      - { path:"Recordings/Action_20171124T115731/recording.avi",
          startFrameIdx:0 }
