%YAML:1.0
---
recording:
   type: VideoRecording
   recordId: Action_20180109T151509
   channelId: main
   timeStamp: "131599845096530000"
   sessionTimestamp: "0"
   width: 0
   height: 0
   frameCount: 315
   fps: 2.9969999999999999e+001
   recordingType: 2000
   frameTransformRect: [ [ -1, -1 ], [ -1, -1 ], [ -1, -1 ], [ -1, -1 ] ]
   trackingMode: 0
   segments:
      - { startFrame:0, stopFrame:308, segmentType:1000, focusFrame:-1,
          focusPoint:{ values:[ -1., -1. ], type:Vector2 }, isFragment:0 }
   framesRelTs: [ "0", "340000", "650000", "980000", "1730000",
       "1910000", "2070000", "2290000", "2640000", "2950000", "3290000",
       "3610000", "3940000", "4300000", "4600000", "4930000", "5250000",
       "5610000", "5910000", "6230000", "6550000", "6910000", "7220000",
       "7540000", "7870000", "8220000", "8540000", "8860000", "9180000",
       "9530000", "9830000", "10160000", "10490000", "10830000",
       "11140000", "11480000", "11810000", "12130000", "12460000",
       "12790000", "13120000", "13440000", "13770000", "14100000",
       "14450000", "14760000", "15090000", "15420000", "15750000",
       "16070000", "16400000", "16780000", "17070000", "17450000",
       "17720000", "18040000", "18380000", "18700000", "19030000",
       "19360000", "19690000", "20010000", "20360000", "20670000",
       "20990000", "21390000", "21660000", "21980000", "22330000",
       "22650000", "22970000", "23300000", "23630000", "23960000",
       "24280000", "24610000", "24950000", "25260000", "25600000",
       "25930000", "26270000", "26590000", "26920000", "27250000",
       "27580000", "27910000", "28250000", "28570000", "28790000",
       "29230000", "29560000", "29880000", "30220000", "30540000",
       "30870000", "31050000", "31360000", "31680000", "32010000",
       "32350000", "32680000", "33000000", "33330000", "33660000",
       "34140000", "34340000", "34640000", "34970000", "35300000",
       "35680000", "35970000", "36290000", "36620000", "36970000",
       "37290000", "37610000", "37930000", "38300000", "38610000",
       "38920000", "39240000", "39610000", "39910000", "40230000",
       "40570000", "40930000", "41240000", "41550000", "41880000",
       "42230000", "42550000", "42860000", "43190000", "43550000",
       "43860000", "44180000", "44560000", "45190000", "45360000",
       "45520000", "45830000", "46180000", "46500000", "46820000",
       "47150000", "47500000", "47810000", "48150000", "48470000",
       "48800000", "49120000", "49460000", "49780000", "50110000",
       "50440000", "50760000", "51100000", "51420000", "51750000",
       "52070000", "52420000", "52740000", "53060000", "53390000",
       "53720000", "54040000", "54380000", "54700000", "55030000",
       "55360000", "55690000", "56010000", "56340000", "56660000",
       "57000000", "57330000", "57660000", "58010000", "58330000",
       "58640000", "58970000", "59300000", "59620000", "59950000",
       "60280000", "60610000", "60940000", "61260000", "61590000",
       "61920000", "62250000", "62570000", "62910000", "63230000",
       "63550000", "63880000", "64210000", "64530000", "64870000",
       "65200000", "65530000", "65860000", "66180000", "66510000",
       "66840000", "67150000", "67490000", "67810000", "68140000",
       "68470000", "68800000", "69120000", "69460000", "69780000",
       "70110000", "70430000", "70770000", "71090000", "71420000",
       "71750000", "72080000", "72400000", "72730000", "73060000",
       "73400000", "73720000", "74050000", "74380000", "74710000",
       "75050000", "75370000", "75690000", "76030000", "76360000",
       "76690000", "77010000", "77340000", "77690000", "78020000",
       "78350000", "78670000", "79000000", "79330000", "79650000",
       "79980000", "80320000", "80750000", "81010000", "81240000",
       "81630000", "81900000", "82130000", "82460000", "82790000",
       "83110000", "83460000", "83770000", "84100000", "84460000",
       "84780000", "85090000", "85420000", "85770000", "86090000",
       "86400000", "86720000", "87080000", "87380000", "87710000",
       "88030000", "88390000", "88700000", "89030000", "89350000",
       "89690000", "90010000", "90350000", "90670000", "91000000",
       "91330000", "91660000", "91990000", "92320000", "92660000",
       "93000000", "93310000", "93640000", "93970000", "94290000",
       "94630000", "94960000", "95280000", "95610000", "95940000",
       "96280000", "96600000", "96920000", "97260000", "97590000",
       "97910000", "98240000", "98580000", "98900000", "99230000",
       "99570000", "99880000", "100230000", "100550000", "100880000",
       "101210000", "101530000", "101880000", "102200000", "102520000",
       "102910000" ]
   chunks:
      - { path:"Recordings/Action_20180109T151509/recording.avi",
          startFrameIdx:0 }
