%YAML:1.0
---
recording:
   type: VideoRecording
   recordId: Action_20180109T151342
   channelId: main
   timeStamp: "131599844226510000"
   sessionTimestamp: "0"
   width: 0
   height: 0
   frameCount: 162
   fps: 2.9969999999999999e+001
   recordingType: 2000
   frameTransformRect: [ [ -1, -1 ], [ -1, -1 ], [ -1, -1 ], [ -1, -1 ] ]
   trackingMode: 0
   segments:
      - { startFrame:0, stopFrame:155, segmentType:1000, focusFrame:-1,
          focusPoint:{ values:[ -1., -1. ], type:Vector2 }, isFragment:0 }
   framesRelTs: [ "0", "250000", "530000", "860000", "1180000",
       "1520000", "1840000", "2180000", "2500000", "2830000", "3160000",
       "3480000", "3810000", "4140000", "4480000", "4800000", "5130000",
       "5460000", "5770000", "6110000", "6430000", "6760000", "7090000",
       "7420000", "7750000", "8080000", "8410000", "8760000", "9080000",
       "9390000", "9720000", "10050000", "10380000", "10710000",
       "11040000", "11360000", "11690000", "11900000", "12190000",
       "12530000", "12850000", "13170000", "13510000", "13830000",
       "14160000", "14490000", "14980000", "15160000", "15470000",
       "15800000", "16120000", "16510000", "16940000", "17360000",
       "17880000", "18060000", "18220000", "18450000", "18770000",
       "19100000", "19440000", "19770000", "20100000", "20420000",
       "20750000", "21090000", "21410000", "21730000", "22060000",
       "22390000", "22720000", "23050000", "23370000", "23710000",
       "24030000", "24360000", "24690000", "25010000", "25340000",
       "25660000", "26000000", "26320000", "26660000", "26990000",
       "27310000", "27650000", "27980000", "28300000", "28640000",
       "28960000", "29280000", "29620000", "29950000", "30280000",
       "30610000", "30950000", "31270000", "31610000", "31930000",
       "32260000", "32580000", "32920000", "33240000", "33570000",
       "33890000", "34230000", "34550000", "34890000", "35210000",
       "35540000", "35880000", "36190000", "36510000", "36850000",
       "37170000", "37510000", "37840000", "38170000", "38510000",
       "38830000", "39160000", "39490000", "39820000", "40140000",
       "40460000", "40810000", "41120000", "41460000", "41780000",
       "42110000", "42440000", "42770000", "43100000", "43430000",
       "43760000", "44090000", "44420000", "44730000", "45070000",
       "45390000", "45730000", "46050000", "46390000", "46710000",
       "47060000", "47390000", "47720000", "48050000", "48240000",
       "48590000", "48880000", "49210000", "49530000", "49860000",
       "50190000", "50520000", "50850000", "51190000", "51510000",
       "51850000", "52170000", "52730000" ]
   chunks:
      - { path:"Recordings/Action_20180109T151342/recording.avi",
          startFrameIdx:0 }
