<?xml version="1.0"?>
<opencv_storage>
<keyPoints>
  3.8890093994140625e+002 3.0069997787475586e+001
  1.1375000000000000e+001 1.9010874938964844e+002
  3.0260421752929687e+001 0 -1 2.7946456909179687e+002
  5.5740131378173828e+001 1.3429855346679688e+001
  7.8066917419433594e+001 4.5346801757812500e+001 0 -1
  4.3159878540039062e+002 6.8382408142089844e+001
  1.3454158782958984e+001 2.2651272583007812e+002
  7.6802825927734375e+001 0 -1 4.4553765869140625e+002
  6.8835906982421875e+001 1.4172412872314453e+001
  2.4047239303588867e+001 3.6900856018066406e+001 0 -1
  2.0530485534667969e+002 7.4061424255371094e+001
  1.3531658172607422e+001 6.4721984863281250e+000
  1.2558068847656250e+002 0 -1 2.6855941772460937e+002
  7.5792732238769531e+001 1.3771066665649414e+001
  2.9338568115234375e+002 1.3445782470703125e+002 0 -1
  2.0507437133789063e+002 7.8546203613281250e+001
  1.2738198280334473e+001 3.8413311004638672e+001
  1.1406045532226562e+002 0 -1 2.6812667846679687e+002
  7.9781562805175781e+001 1.3161291122436523e+001
  2.9995053100585937e+002 1.2632260131835937e+002 0 -1
  4.3151437377929687e+002 8.3688247680664063e+001
  1.3799999237060547e+001 8.4573188781738281e+001
  6.6474990844726563e+001 0 -1 1.8363346862792969e+002
  9.8515373229980469e+001 1.4526315689086914e+001
  2.5955743408203125e+002 4.1368423461914063e+001 0 -1
  2.3633578491210937e+002 1.0090555572509766e+002
  1.4164097785949707e+001 6.4155761718750000e+001
  3.6816108703613281e+001 0 -1 1.9255299377441406e+002
  1.0590910339355469e+002 1.1906147003173828e+001
  1.1066870117187500e+002 6.0010864257812500e+001 0 -1
  3.7952603149414062e+002 1.0555024719238281e+002
  1.3782749176025391e+001 2.8499969482421875e+002
  3.5144943237304688e+001 0 -1 1.9554408264160156e+002
  1.0701149749755859e+002 1.2034482955932617e+001
  1.0499401855468750e+002 5.8001434326171875e+001 0 -1
  2.0248519897460937e+002 1.1155883026123047e+002
  1.3780916213989258e+001 3.5151571655273438e+002
  5.9956359863281250e+001 0 -1 1.6920388793945313e+002
  1.2015288543701172e+002 1.1478260993957520e+001
  1.5985351562500000e+002 3.2173904418945313e+001 0 -1
  1.9937887573242187e+002 1.2149849700927734e+002
  1.4636363983154297e+001 5.3753208160400391e+001
  3.4185607910156250e+001 0 -1 1.7488471984863281e+002
  1.2264855194091797e+002 1.4351351737976074e+001
  5.1386703491210938e+001 5.0841217041015625e+001 0 -1
  1.7504440307617187e+002 1.2416156005859375e+002
  1.3461538314819336e+001 5.9332519531250000e+001
  4.5157043457031250e+001 0 -1 1.7231971740722656e+002
  1.2750949859619141e+002 15. 1.3393521118164062e+002
  3.4625000000000000e+001 0 -1 198. 132. 12. 4.7373760223388672e+001 31.
  0 -1 1.9184448242187500e+002 1.3306552124023437e+002
  1.2365853309631348e+001 4.6015029907226562e+001
  3.4076217651367187e+001 0 -1 1.9583119201660156e+002 151.
  1.4142857551574707e+001 3.3558367919921875e+002
  3.4339286804199219e+001 0 -1 1.9768659973144531e+002
  1.5211593627929687e+002 1.3500000000000000e+001
  3.2362240600585937e+002 4.4250000000000000e+001 0 -1
  1.9519847106933594e+002 1.5605906677246094e+002
  1.3055318832397461e+001 1.0665903472900391e+002
  5.7961196899414062e+001 0 -1 1.9856961059570312e+002
  1.5844386291503906e+002 1.3465116500854492e+001
  5.1597442626953125e+001 3.7281982421875000e+001 0 -1
  2.0487481689453125e+002 1.5761621093750000e+002
  1.2209302902221680e+001 3.2985144042968750e+002
  5.2026161193847656e+001 0 -1 1.7095812988281250e+002
  1.5881114196777344e+002 1.4405305862426758e+001
  2.1139750671386719e+002 7.0994903564453125e+001 0 -1
  1.7402955627441406e+002 1.6100062561035156e+002
  1.1490566253662109e+001 2.1666433715820312e+002
  3.4191040039062500e+001 0 -1 1.4797415161132812e+002
  1.6173890686035156e+002 1.3181818008422852e+001
  3.3485888671875000e+002 3.7640151977539062e+001 0 -1
  1.7090107727050781e+002 1.6335855102539062e+002 15.
  1.9755152893066406e+002 5.5875000000000000e+001 0 -1
  2.3447364807128906e+002 1.6607284545898437e+002
  1.4225786209106445e+001 2.1051382446289062e+002
  3.2896026611328125e+001 0 -1 2.4293774414062500e+002
  1.6784606933593750e+002 1.3701310157775879e+001
  3.4578311157226562e+002 3.6180030822753906e+001 0 -1
  2.0134948730468750e+002 1.6984274291992187e+002
  1.5246359825134277e+001 3.2562353515625000e+002
  3.8358596801757812e+001 0 -1 3.7800027465820312e+002
  1.7096945190429687e+002 1.5728206634521484e+001
  2.0465823364257812e+002 3.9487899780273437e+001 0 -1
  1.4425000000000000e+002 1.7275000000000000e+002 18.
  7.2398262023925781e+000 5.1555664062500000e+001 0 -1
  2.0371145629882812e+002 1.7236578369140625e+002
  1.5461214065551758e+001 7.0219268798828125e+000
  6.2103652954101563e+001 0 -1 1.7826429748535156e+002
  1.7314334106445312e+002 1.1971962928771973e+001
  3.2803274536132812e+002 7.2001190185546875e+001 0 -1
  1.4504110717773437e+002 1.7640980529785156e+002
  1.4181818008422852e+001 9.9754791259765625e+000
  3.9454551696777344e+001 0 -1 1.7764256286621094e+002
  1.7636358642578125e+002 1.2355075836181641e+001
  3.0790338134765625e+002 4.4435440063476563e+001 0 -1
  1.7580998229980469e+002 1.8110444641113281e+002
  1.1516128540039063e+001 1.3505691528320312e+002
  3.6100807189941406e+001 0 -1 1.8539529418945312e+002
  1.8047949218750000e+002 15. 9.4522506713867188e+001
  4.7250000000000000e+001 0 -1 1.5048739624023437e+002
  1.8294410705566406e+002 1.3384614944458008e+001
  3.4056255340576172e+001 3.2692306518554687e+001 0 -1
  1.9543989562988281e+002 2.2159497070312500e+002
  1.5359999656677246e+001 2.8438525390625000e+002
  6.4839996337890625e+001 0 -1 2.0470800781250000e+002
  2.2930580139160156e+002 1.2884918212890625e+001
  3.1008465576171875e+002 3.6335945129394531e+001 0 -1
  1.7305081176757813e+002 2.3076998901367187e+002
  1.4035713195800781e+001 2.0722528076171875e+002
  5.3223205566406250e+001 0 -1 1.9649076843261719e+002
  2.2938827514648437e+002 1.3620779037475586e+001
  1.5243711853027344e+002 6.7818344116210938e+001 0 -1
  2.1040525817871094e+002 2.3565901184082031e+002
  1.6836372375488281e+001 3.4965093994140625e+002
  1.4936120605468750e+002 0 -1 1.7295454406738281e+002 236.
  1.3090909957885742e+001 1.9130064392089844e+002
  3.2363639831542969e+001 0 -1 1.7723124694824219e+002
  2.4546487426757812e+002 1.4975721359252930e+001
  1.6040061950683594e+002 9.6940216064453125e+001 0 -1
  2.0414880371093750e+002 246. 1.5571429252624512e+001
  2.0928853988647461e+001 3.8720230102539062e+001 0 -1
  1.7786196899414062e+002 248. 1.3927614212036133e+001
  1.4999682617187500e+002 5.7962036132812500e+001 0 -1
  1.9378906250000000e+002 2.5277296447753906e+002
  1.3090909957885742e+001 2.6663555908203125e+002
  4.6090911865234375e+001 0 -1 1.8309848022460937e+002
  2.5380552673339844e+002 1.4400000572204590e+001
  1.1988319396972656e+002 5.3400001525878906e+001 0 -1
  1.8548414611816406e+002 2.6255667114257812e+002
  1.5363636016845703e+001 9.9909065246582031e+001
  4.8185592651367188e+001 0 -1 3.7485321044921875e+002
  3.0363534545898437e+002 1.4178723335266113e+001
  1.4391716003417969e+002 3.5260665893554688e+001 0 -1
  3.4255004882812500e+002 8.1661132812500000e+001
  1.6953487396240234e+001 1.5905992126464844e+002
  1.7165406799316406e+002 1 -1 3.7908892822265625e+002
  1.0358216857910156e+002 1.9200820922851563e+001
  3.2088824462890625e+002 3.4393447875976563e+001 1 -1
  1.9938813781738281e+002 1.1534385681152344e+002
  1.8825876235961914e+001 6.9174246788024902e+000
  5.2447326660156250e+001 1 -1 2.0136776733398438e+002
  1.2046514892578125e+002 1.6333080291748047e+001
  2.4031450271606445e+001 5.4190780639648438e+001 1 -1
  1.9942175292968750e+002 1.2338501739501953e+002
  2.0400001525878906e+001 1.6452356338500977e+001
  3.3799995422363281e+001 1 -1 1.7250000000000000e+002
  1.2650000000000000e+002 24. 1.4843542480468750e+002 44. 1 -1
  1.9471697998046875e+002 1.2638247680664062e+002
  2.1179388046264648e+001 2.2307800292968750e+001
  4.3650299072265625e+001 1 -1 1.9050057983398437e+002
