%YAML:1.0
---
recording:
   type: VideoRecording
   recordId: Action_20180109T152007
   channelId: main
   timeStamp: "131599848077160000"
   sessionTimestamp: "0"
   width: 0
   height: 0
   frameCount: 210
   fps: 2.9969999999999999e+001
   recordingType: 2000
   frameTransformRect: [ [ -1, -1 ], [ -1, -1 ], [ -1, -1 ], [ -1, -1 ] ]
   trackingMode: 0
   segments:
      - { startFrame:63, stopFrame:84, segmentType:2000, focusFrame:-1,
          focusPoint:{ values:[ -1., -1. ], type:Vector2 }, isFragment:0 }
      - { startFrame:141, stopFrame:163, segmentType:2000, focusFrame:-1,
          focusPoint:{ values:[ -1., -1. ], type:Vector2 }, isFragment:0 }
      - { startFrame:0, stopFrame:203, segmentType:1000, focusFrame:-1,
          focusPoint:{ values:[ -1., -1. ], type:Vector2 }, isFragment:0 }
   framesRelTs: [ "0", "230000", "440000", "660000", "980000", "1500000",
       "1690000", "1970000", "2300000", "2620000", "3050000", "3270000",
       "3600000", "3920000", "4250000", "4600000", "4900000", "5220000",
       "5550000", "6130000", "6290000", "6530000", "6870000", "7190000",
       "7730000", "7920000", "8170000", "8520000", "8830000", "9290000",
       "9490000", "9810000", "10140000", "10470000", "10830000",
       "11150000", "11460000", "11800000", "12380000", "12550000",
       "12770000", "13100000", "13430000", "13960000", "14130000",
       "14420000", "14760000", "15090000", "15500000", "15730000",
       "16060000", "16410000", "16730000", "17060000", "17390000",
       "17730000", "18050000", "18560000", "18740000", "19030000",
       "19370000", "19690000", "20090000", "20350000", "20670000",
       "21000000", "21320000", "21720000", "21990000", "22300000",
       "22630000", "23240000", "23420000", "23640000", "23940000",
       "24270000", "24770000", "24960000", "25260000", "25590000",
       "25930000", "26320000", "26580000", "26910000", "27230000",
       "27850000", "28030000", "28230000", "28540000", "28880000",
       "29370000", "29560000", "29860000", "30190000", "30520000",
       "30910000", "31180000", "31510000", "31830000", "32150000",
       "32500000", "32810000", "33130000", "33470000", "34010000",
       "34200000", "34460000", "34800000", "35110000", "35580000",
       "35780000", "36100000", "36430000", "36770000", "37150000",
       "37410000", "37740000", "38070000", "38680000", "38850000",
       "39070000", "39390000", "39710000", "40210000", "40390000",
       "40680000", "41020000", "41350000", "41740000", "42010000",
       "42330000", "42660000", "43310000", "43500000", "43710000",
       "43990000", "44190000", "44870000", "45060000", "45290000",
       "45630000", "45960000", "46430000", "46630000", "46940000",
       "47140000", "47600000", "47980000", "48170000", "48420000",
       "48760000", "49080000", "49510000", "49900000", "50220000",
       "50400000", "51060000", "51240000", "51530000", "51720000",
       "52050000", "52600000", "52790000", "53030000", "53350000",
       "53680000", "54160000", "54350000", "54660000", "54990000",
       "55320000", "55710000", "55980000", "56290000", "56620000",
       "56960000", "57290000", "57630000", "57940000", "58270000",
       "58810000", "59000000", "59260000", "59600000", "59920000",
       "60340000", "60590000", "60910000", "61240000", "61560000",
       "61910000", "62240000", "62560000", "62890000", "63430000",
       "63590000", "63870000", "64220000", "64540000", "65010000",
       "65210000", "65540000", "65880000", "66210000", "66570000",
       "66860000", "67190000", "67520000", "68130000", "69390000" ]
   chunks:
      - { path:"Recordings/Action_20180109T152007/recording.avi",
          startFrameIdx:0 }
