%YAML:1.0
---
recording:
   type: VideoRecording
   recordId: Action_20180109T151041
   channelId: main
   timeStamp: "131599842412820000"
   sessionTimestamp: "0"
   width: 0
   height: 0
   frameCount: 355
   fps: 2.9969999999999999e+001
   recordingType: 2000
   frameTransformRect: [ [ -1, -1 ], [ -1, -1 ], [ -1, -1 ], [ -1, -1 ] ]
   trackingMode: 0
   segments:
      - { startFrame:0, stopFrame:348, segmentType:1000, focusFrame:-1,
          focusPoint:{ values:[ -1., -1. ], type:Vector2 }, isFragment:0 }
   framesRelTs: [ "0", "290000", "520000", "750000", "1730000",
       "1920000", "2100000", "2290000", "2510000", "2980000", "3160000",
       "3400000", "3700000", "4020000", "4350000", "4680000", "5000000",
       "5330000", "5650000", "6000000", "6320000", "6660000", "6970000",
       "7290000", "7620000", "7950000", "8280000", "8600000", "8940000",
       "9250000", "9580000", "9900000", "10250000", "10560000",
       "10890000", "11240000", "11560000", "11890000", "12220000",
       "12560000", "12860000", "13200000", "13530000", "13870000",
       "14170000", "14510000", "14840000", "15180000", "15490000",
       "15840000", "16180000", "16500000", "16830000", "17150000",
       "17490000", "17820000", "18140000", "18450000", "18780000",
       "19120000", "19430000", "19760000", "20100000", "20410000",
       "20740000", "21090000", "21420000", "21740000", "22080000",
       "22410000", "22730000", "23060000", "23400000", "23730000",
       "24070000", "24380000", "24710000", "25040000", "25360000",
       "25700000", "26020000", "26350000", "26680000", "27010000",
       "27340000", "27680000", "28010000", "28330000", "28670000",
       "29000000", "29320000", "29640000", "29980000", "30300000",
       "30630000", "30960000", "31140000", "31630000", "31830000",
       "32360000", "32620000", "32800000", "33100000", "33430000",
       "33760000", "34100000", "34430000", "34780000", "35080000",
       "35410000", "35740000", "36070000", "36400000", "36720000",
       "37050000", "37380000", "37710000", "38040000", "38370000",
       "38710000", "39020000", "39360000", "39690000", "40020000",
       "40340000", "40670000", "41010000", "41340000", "41670000",
       "41990000", "42330000", "42650000", "42980000", "43320000",
       "43650000", "43960000", "44290000", "44630000", "44950000",
       "45280000", "45610000", "45950000", "46270000", "46600000",
       "46930000", "47250000", "47650000", "47920000", "48250000",
       "48580000", "48900000", "49230000", "49550000", "49890000",
       "50210000", "50540000", "50880000", "51210000", "51520000",
       "51850000", "52180000", "52500000", "52830000", "53150000",
       "53480000", "53810000", "54140000", "54470000", "54800000",
       "55120000", "55450000", "55780000", "56100000", "56450000",
       "56770000", "57110000", "57430000", "57770000", "58090000",
       "58430000", "58750000", "59090000", "59420000", "59740000",
       "60070000", "60390000", "60720000", "61050000", "61380000",
       "61710000", "62040000", "62380000", "62690000", "63030000",
       "63350000", "63700000", "64010000", "64330000", "64670000",
       "65000000", "65320000", "65650000", "65980000", "66300000",
       "66620000", "66960000", "67290000", "67610000", "67930000",
       "68270000", "68600000", "68940000", "69260000", "69580000",
       "69930000", "70260000", "70590000", "70920000", "71250000",
       "71580000", "71770000", "72130000", "72400000", "72730000",
       "73060000", "73390000", "73710000", "74060000", "74380000",
       "74710000", "75040000", "75370000", "75690000", "76030000",
       "76350000", "76680000", "77010000", "77340000", "77670000",
       "78000000", "78330000", "78670000", "79020000", "79330000",
       "79650000", "79990000", "80320000", "80640000", "80970000",
       "81310000", "81630000", "81960000", "82300000", "82610000",
       "82950000", "83270000", "83610000", "83930000", "84260000",
       "84590000", "84910000", "85240000", "85580000", "85910000",
       "86230000", "86560000", "86890000", "87220000", "87540000",
       "87870000", "88200000", "88530000", "88860000", "89200000",
       "89520000", "89850000", "90180000", "90510000", "90850000",
       "91170000", "91490000", "91840000", "92150000", "92480000",
       "92820000", "93140000", "93470000", "93800000", "94130000",
       "94450000", "94790000", "95120000", "95450000", "95770000",
       "96110000", "96430000", "96760000", "97090000", "97430000",
       "97750000", "98090000", "98400000", "98740000", "99060000",
       "99390000", "99710000", "100030000", "100360000", "100690000",
       "101020000", "101350000", "101690000", "102010000", "102330000",
       "102660000", "102990000", "103320000", "103660000", "103990000",
       "104320000", "104650000", "104850000", "105160000", "105490000",
       "105830000", "106150000", "106480000", "106810000", "107140000",
       "107480000", "107800000", "108150000", "108490000", "108810000",
       "109140000", "109460000", "109790000", "110120000", "110450000",
       "110770000", "111100000", "111430000", "111760000", "112090000",
       "112410000", "112750000", "113080000", "113410000", "113740000",
       "114070000", "114390000", "114710000", "115050000", "115370000",
       "115700000" ]
   chunks:
      - { path:"Recordings/Action_20180109T151041/recording.avi",
          startFrameIdx:0 }
