%YAML:1.0
---
recording:
   type: VideoRecording
   recordId: Action_20180109T155248
   channelId: main
   timeStamp: "131599867682680000"
   sessionTimestamp: "0"
   width: -1
   height: -1
   frameCount: 360
   fps: 2.9969999999999999e+001
   recordingType: 2000
   frameTransformRect: [ [ -1, -1 ], [ -1, -1 ], [ -1, -1 ], [ -1, -1 ] ]
   trackingMode: 0
   segments:
      - { startFrame:75, stopFrame:93, segmentType:2000, focusFrame:-1,
          focusPoint:{ values:[ -1., -1. ], type:Vector2 }, isFragment:0 }
      - { startFrame:259, stopFrame:282, segmentType:2000, focusFrame:-1,
          focusPoint:{ values:[ -1., -1. ], type:Vector2 }, isFragment:0 }
      - { startFrame:0, stopFrame:353, segmentType:1000, focusFrame:-1,
          focusPoint:{ values:[ -1., -1. ], type:Vector2 }, isFragment:0 }
   framesRelTs: [ "0", "250000", "460000", "640000", "820000", "2260000",
       "2440000", "2620000", "2790000", "2950000", "3110000", "4090000",
       "4250000", "4450000", "4630000", "4800000", "4960000", "5930000",
       "6100000", "6260000", "6430000", "6580000", "6750000", "7750000",
       "7910000", "8090000", "8260000", "8430000", "8580000", "9560000",
       "9720000", "9880000", "10060000", "10220000", "10400000",
       "11380000", "11550000", "11730000", "11920000", "12090000",
       "12380000", "13240000", "13400000", "13560000", "13740000",
       "14020000", "14340000", "15050000", "15220000", "15400000",
       "15660000", "16010000", "16180000", "16910000", "17090000",
       "17300000", "17490000", "17800000", "18280000", "18740000",
       "18940000", "19150000", "19430000", "19770000", "20580000",
       "20760000", "20930000", "21230000", "21450000", "22480000",
       "22680000", "22850000", "23060000", "23240000", "24280000",
       "24480000", "24700000", "24880000", "25080000", "26100000",
       "26340000", "26560000", "26760000", "26960000", "27870000",
       "28060000", "28260000", "28450000", "28630000", "29700000",
       "29890000", "30090000", "30280000", "30460000", "31480000",
       "31680000", "31890000", "32070000", "32290000", "33380000",
       "33630000", "33880000", "34100000", "34290000", "35180000",
       "35400000", "35590000", "35780000", "35980000", "37000000",
       "37200000", "37400000", "37590000", "37800000", "37980000",
       "38840000", "39040000", "39230000", "39410000", "39600000",
       "40590000", "40790000", "40990000", "41180000", "41380000",
       "41590000", "42480000", "42670000", "42850000", "43040000",
       "43210000", "43400000", "44310000", "44490000", "44680000",
       "44860000", "45060000", "45240000", "46150000", "46330000",
       "46510000", "46700000", "46880000", "47050000", "47980000",
       "48170000", "48360000", "48540000", "48710000", "48900000",
       "49820000", "50000000", "50180000", "50360000", "50550000",
       "50710000", "51680000", "51870000", "52050000", "52250000",
       "52440000", "53440000", "53620000", "53790000", "53980000",
       "54150000", "54320000", "55280000", "55470000", "55660000",
       "55850000", "56020000", "56230000", "57130000", "57310000",
       "57490000", "57680000", "57890000", "58200000", "58950000",
       "59140000", "59320000", "59520000", "59850000", "60170000",
       "60810000", "60990000", "61190000", "61510000", "61840000",
       "62690000", "62870000", "63040000", "63240000", "63420000",
       "63810000", "64580000", "64760000", "64940000", "65110000",
       "65310000", "65630000", "66450000", "66640000", "66800000",
       "66990000", "67280000", "67630000", "68310000", "68490000",
       "68660000", "68920000", "69240000", "70120000", "70300000",
       "70470000", "70650000", "70900000", "71220000", "72020000",
       "72230000", "72390000", "72570000", "72880000", "73200000",
       "73880000", "74060000", "74230000", "74530000", "74850000",
       "75730000", "75900000", "76070000", "76250000", "76520000",
       "76850000", "77600000", "77780000", "77940000", "78170000",
       "78500000", "78820000", "79400000", "79570000", "79800000",
       "80130000", "80460000", "81220000", "81400000", "81570000",
       "81780000", "82090000", "82430000", "83060000", "83240000",
       "83440000", "83760000", "84080000", "84890000", "85080000",
       "85270000", "85460000", "85730000", "86680000", "86870000",
       "87060000", "87260000", "87450000", "88520000", "88720000",
       "88920000", "89120000", "89320000", "90330000", "90540000",
       "90720000", "90920000", "91090000", "92140000", "92330000",
       "92520000", "92710000", "92890000", "93880000", "94080000",
       "94260000", "94450000", "94640000", "94810000", "95730000",
       "95910000", "96090000", "96270000", "96450000", "96620000",
       "97530000", "97730000", "97890000", "98080000", "98250000",
       "98430000", "99330000", "99520000", "99700000", "99870000",
       "100040000", "100200000", "101170000", "101350000", "101490000",
       "101670000", "101830000", "102050000", "103000000", "103160000",
       "103340000", "103510000", "103710000", "104030000", "104800000",
       "104970000", "105120000", "105340000", "105680000", "106000000",
       "106630000", "106810000", "107010000", "107320000", "107660000",
       "108450000", "108610000", "108780000", "108980000", "109310000",
       "109630000", "110260000", "110440000", "110640000", "110950000",
       "111290000", "112110000", "112290000", "112450000", "112620000",
       "112940000", "113250000", "113950000", "114110000", "114280000",
       "114560000", "114890000", "115730000", "115900000", "116060000",
       "116230000", "116540000", "116750000", "117560000", "119040000" ]
   chunks:
      - { path:"Recordings/Action_20180109T155248/recording.avi",
          startFrameIdx:0 }
