<?xml version="1.0"?>
<opencv_storage>
<keyPoints>
  2.8145077514648437e+002 4.6629684448242188e+001
  1.5725275039672852e+001 3.0159783935546875e+002
  1.5453985595703125e+002 0 -1 3.9860870361328125e+002
  4.6954841613769531e+001 1.4460000991821289e+001
  3.0831997680664062e+002 1.3140496826171875e+002 0 -1
  2.7926013183593750e+002 5.2620162963867188e+001
  1.4275134086608887e+001 7.5688301086425781e+001
  4.7098373413085938e+001 0 -1 3.9729800415039062e+002
  8.2704864501953125e+001 1.6645160675048828e+001
  3.5729447007179260e-001 1.1758065795898437e+002 0 -1
  2.4741931152343750e+002 8.3782035827636719e+001 15.
  2.1960493087768555e+001 164. 0 -1 1.8901020812988281e+002
  1.0227121734619141e+002 1.5268245697021484e+001
  2.6692889404296875e+002 4.1976119995117187e+001 0 -1
  1.9244335937500000e+002 1.0743918609619141e+002
  1.4560976028442383e+001 2.5452058410644531e+002
  5.1734756469726562e+001 0 -1 2.0032949829101562e+002
  1.0696324157714844e+002 1.1526315689086914e+001
  2.8361450195312500e+002 3.0118415832519531e+001 0 -1
  2.0345248413085937e+002 1.0658065032958984e+002
  1.1170504570007324e+001 2.9496563720703125e+002
  3.9771789550781250e+001 0 -1 4.0699154663085937e+002
  1.0735592651367187e+002 1.3319999694824219e+001
  2.7105166625976562e+002 5.7210006713867188e+001 0 -1
  4.0490756225585937e+002 1.0756161499023437e+002
  1.3968003273010254e+001 2.6505798339843750e+002
  6.0728576660156250e+001 0 -1 2.2040812683105469e+002
  1.2363110351562500e+002 15. 1.4236841201782227e+001
  5.9375000000000000e+001 0 -1 3.2141671752929688e+002
  1.2343904113769531e+002 1.6804718017578125e+001
  2.4229572296142578e+001 6.6120086669921875e+001 0 -1
  2.3825592041015625e+002 1.5494950866699219e+002
  1.4189188957214355e+001 3.5016616821289062e+002
  5.0462844848632812e+001 0 -1 2.5006912231445313e+002
  1.5514509582519531e+002 1.2922859191894531e+001
  1.2080280482769012e-001 3.2718162536621094e+001 0 -1
  3.6149298095703125e+002 1.5597607421875000e+002
  1.3799999237060547e+001 1.7464099121093750e+002
  4.4574996948242188e+001 0 -1 4.9778479003906250e+002
  1.7929946899414062e+002 1.3690908432006836e+001
  1.8816561889648437e+002 6.4184082031250000e+001 0 -1
  3.6775000000000000e+002 1.9675000000000000e+002 18.
  2.8039086914062500e+002 7.6444335937500000e+001 0 -1
  3.6967749023437500e+002 1.9646505737304688e+002
  1.5391734123229980e+001 3.0222213745117187e+002
  5.6349517822265625e+001 0 -1 3.6292807006835937e+002
  1.9762107849121094e+002 1.3297298431396484e+001
  2.0679756164550781e+002 7.5729736328125000e+001 0 -1
  3.6266989135742187e+002 2.0434248352050781e+002
  1.3923076629638672e+001 1.3509333801269531e+002
  3.9003204345703125e+001 0 -1 3.7047824096679687e+002
  2.0460545349121094e+002 1.1535477638244629e+001
  6.5368186950683594e+001 4.3987838745117188e+001 0 -1
  3.7453076171875000e+002 2.0470687866210937e+002
  1.3266666412353516e+001 3.7946189880371094e+001
  3.8002777099609375e+001 0 -1 2.4914195251464844e+002
  2.7156472778320312e+002 1.3801546096801758e+001
  1.1294970512390137e+001 3.7429443359375000e+001 0 -1
  3.6196621704101562e+002 2.7205145263671875e+002
  1.3769230842590332e+001 1.5307522583007812e+002
  4.6695510864257813e+001 0 -1 3.7355319213867187e+002
  2.7190298461914062e+002 1.3216014862060547e+001
  1.0249526023864746e+001 3.6978866577148437e+001 0 -1
  2.9048361206054687e+002 3.1708990478515625e+002
  1.3666666030883789e+001 2.2390336608886719e+002
  3.4041671752929688e+001 0 -1 3.1563967895507812e+002
  3.1747207641601562e+002 1.3222221374511719e+001
  2.2013426208496094e+002 3.3560180664062500e+001 0 -1
  3.2076077270507812e+002 3.1809323120117187e+002
  1.3434782981872559e+001 3.4504705810546875e+002
  3.3657615661621094e+001 0 -1 2.9120193481445312e+002
  3.2186505126953125e+002 1.3883720397949219e+001
  8.5859695434570313e+001 6.9119186401367188e+001 0 -1
  2.9296670532226562e+002 3.2228918457031250e+002
  1.3769313812255859e+001 6.8575263977050781e+001
  8.0645233154296875e+001 0 -1 3.1642315673828125e+002
  3.2166299438476562e+002 1.3965517044067383e+001
  1.1459004974365234e+002 6.2556030273437500e+001 0 -1
  3.1896093750000000e+002 3.2233798217773437e+002
  1.3703540802001953e+001 6.6573257446289062e+001
  8.7673614501953125e+001 0 -1 2.8085177612304687e+002
  4.6479106903076172e+001 2.0499853134155273e+001
  3.1184472656250000e+002 1.6360919189453125e+002 1 -1
  3.9754034423828125e+002 4.6988868713378906e+001
  2.0393356323242188e+001 2.8272369384765625e+002
  1.3464212036132812e+002 1 -1 1.6077789306640625e+002
  1.0204658508300781e+002 21. 4.3260646820068359e+001
  5.3211059570312500e+001 1 -1 3.0555725097656250e+002
  1.0656993865966797e+002 1.5433437347412109e+001
  2.7290222167968750e+002 3.1479194641113281e+001 1 -1
  1.9221562194824219e+002 1.0848585510253906e+002
  1.7889743804931641e+001 2.5021594238281250e+002
  6.1004882812500000e+001 1 -1 2.9343942260742187e+002
  1.0836241149902344e+002 1.9200000762939453e+001
  2.3047602844238281e+002 4.8399993896484375e+001 1 -1
  2.4539816284179687e+002 1.1320681762695312e+002
  1.9357158660888672e+001 2.8426406860351563e+001
  3.7956192016601562e+001 1 -1 3.6625000000000000e+002
  1.1425000000000000e+002 1.8200000762939453e+001
  2.1742100524902344e+002 3.6016677856445313e+001 1 -1
  2.4101844787597656e+002 1.7128306579589844e+002
  1.9301609039306641e+001 1.7487771987915039e+001
  4.4186492919921875e+001 1 -1 3.6548364257812500e+002
  1.7242510986328125e+002 1.8825420379638672e+001
  2.7598330688476562e+002 4.0813232421875000e+001 1 -1
  2.4885308837890625e+002 1.9094401550292969e+002
  1.8510135650634766e+001 5.5060563087463379e+000
  3.2051895141601563e+001 1 -1 3.7403234863281250e+002
  1.9707357788085937e+002 1.5176470756530762e+001
  3.3775448608398437e+002 6.3764709472656250e+001 1 -1
  3.5801370239257812e+002 1.9895269775390625e+002
  1.8287948608398437e+001 1.8219209289550781e+002
  1.1384826660156250e+002 1 -1 3.6280599975585937e+002
  2.0445751953125000e+002 1.3824525833129883e+001
  1.3391520690917969e+002 3.5239662170410156e+001 1 -1
  3.7449063110351562e+002 2.0506478881835937e+002
  1.4771755218505859e+001 3.8178318023681641e+001
  3.5649345397949219e+001 1 -1 2.3863320922851562e+002
  2.7154391479492187e+002 1.4714793205261230e+001
  7.5108940124511719e+001 3.4146427154541016e+001 1 -1
  2.4885069274902344e+002 2.7128826904296875e+002
  1.5053400993347168e+001 6.4540243148803711e+000
  3.2198188781738281e+001 1 -1 3.7131390380859375e+002
  2.7192321777343750e+002 1.8272727966308594e+001
  3.5677847290039062e+002 3.6011360168457031e+001 1 -1
  2.4250000000000000e+002 2.8650000000000000e+002 24.
  6.7927108764648437e+001 5.4333007812500000e+001 1 -1
  3.6558886718750000e+002 2.8802377319335938e+002
  1.9273422241210938e+001 9.1173286437988281e+001
  4.3224578857421875e+001 1 -1 2.9070468139648437e+002
  3.2178079223632812e+002 1.6189979553222656e+001
  8.7835884094238281e+001 6.6340560913085937e+001 1 -1
  3.1597293090820312e+002 3.2185815429687500e+002
  1.6285758972167969e+001 8.3132881164550781e+001
  6.3380920410156250e+001 1 -1 2.8119018554687500e+002
  4.6769447326660156e+001 2.1025802612304687e+001
  3.1035440063476562e+002 1.6031201171875000e+002 2 -1
  2.2930424499511719e+002 5.5400745391845703e+001
  2.8542671203613281e+001 3.2828656005859375e+002
  7.0013610839843750e+001 2 -1 2.0346830749511719e+002
  5.4706535339355469e+001 2.8956876754760742e+001
  3.2693518066406250e+002 5.7925800323486328e+001 2 -1
  2.4617671203613281e+002 8.3697769165039063e+001
  2.4984043121337891e+001 3.2477951049804688e+001
  1.9667442321777344e+002 2 -1 3.9729055786132812e+002
  8.4007247924804688e+001 2.6905509948730469e+001
  2.5994683837890625e+002 1.8131474304199219e+002 2 -1
  2.1250358581542969e+002 1.0056388092041016e+002
  2.5846155166625977e+001 3.5162518310546875e+002
  4.2410247802734375e+001 2 -1 1.8945182800292969e+002
  1.0402637481689453e+002 1.9431192398071289e+001
  2.6788165283203125e+002 3.6246883392333984e+001 2 -1
