%YAML:1.0
---
recording:
   type: VideoRecording
   recordId: Action_20180109T150634
   channelId: main
   timeStamp: "131599839940400000"
   sessionTimestamp: "0"
   width: -1
   height: -1
   frameCount: 93
   fps: 2.9969999999999999e+001
   recordingType: 2000
   frameTransformRect: [ [ -1, -1 ], [ -1, -1 ], [ -1, -1 ], [ -1, -1 ] ]
   trackingMode: 0
   segments:
      - { startFrame:0, stopFrame:86, segmentType:1000, focusFrame:-1,
          focusPoint:{ values:[ -1., -1. ], type:Vector2 }, isFragment:0 }
   framesRelTs: [ "0", "250000", "510000", "840000", "1480000",
       "1640000", "1840000", "2160000", "2490000", "2820000", "3140000",
       "3490000", "3800000", "4130000", "4460000", "4790000", "5120000",
       "5450000", "5780000", "6110000", "6430000", "6770000", "7100000",
       "7430000", "7760000", "8080000", "8400000", "8740000", "9060000",
       "9400000", "9720000", "10050000", "10380000", "10700000",
       "11030000", "11360000", "11690000", "12030000", "12340000",
       "12670000", "12860000", "13190000", "13500000", "13830000",
       "14160000", "14500000", "14840000", "15150000", "15480000",
       "15830000", "16140000", "16490000", "16790000", "17130000",
       "17460000", "17800000", "18130000", "18460000", "18780000",
       "19100000", "19440000", "19760000", "20090000", "20410000",
       "20750000", "21070000", "21400000", "21720000", "22060000",
       "22390000", "22720000", "23050000", "23390000", "23720000",
       "24050000", "24370000", "24700000", "25030000", "25360000",
       "25690000", "26020000", "26340000", "26680000", "27080000",
       "27360000", "27670000", "28000000", "28330000", "28660000",
       "28990000", "29320000", "29650000", "30020000" ]
   chunks:
      - { path:"Recordings/Action_20180109T150634/recording.avi",
          startFrameIdx:0 }
