<?xml version="1.0"?>
<opencv_storage>
<keyPoints>
  3.0317596435546875e+002 2.7750421524047852e+001
  1.4819406509399414e+001 9.0808151245117188e+001
  4.4073402404785156e+001 0 -1 3.1075155639648437e+002
  2.7518930435180664e+001 1.2214286804199219e+001
  8.7392837524414063e+001 3.0017852783203125e+001 0 -1
  2.2692936706542969e+002 3.0266033172607422e+001
  1.2906976699829102e+001 9.5260719299316406e+001
  5.3491287231445313e+001 0 -1 2.5967785644531250e+002
  3.0642105102539063e+001 14. 8.4545875549316406e+001
  3.5666664123535156e+001 0 -1 2.7706906127929687e+002
  3.0488550186157227e+001 1.3990228652954102e+001
  1.0195204925537109e+002 4.8573623657226563e+001 0 -1
  3.1593869018554687e+002 3.0659523010253906e+001
  1.2599999427795410e+001 8.2507392883300781e+001
  3.8174995422363281e+001 0 -1 3.5047940063476562e+002
  3.0952461242675781e+001 1.2613489151000977e+001
  8.6664604187011719e+001 3.2794174194335938e+001 0 -1
  2.7665124511718750e+002 4.9516128540039063e+001 15.
  1.8956225585937500e+002 5.2625000000000000e+001 0 -1
  2.8364993286132812e+002 5.0880573272705078e+001
  1.1625000000000000e+001 3.3497081756591797e+001
  3.5062500000000000e+001 0 -1 2.7967504882812500e+002
  5.3439258575439453e+001 1.3616377830505371e+001
  9.4439407348632813e+001 6.3346542358398438e+001 0 -1
  1.8999940490722656e+002 6.6845726013183594e+001
  1.2266117095947266e+001 1.3036810302734375e+002
  3.2027091979980469e+001 0 -1 2.4626014709472656e+002
  8.2736297607421875e+001 1.7889682769775391e+001
  3.4147811889648437e+002 1.5156637573242187e+002 0 -1
  4.0283126831054687e+002 8.6661750793457031e+001
  1.3125000000000000e+001 8.9016971588134766e+000
  3.6562500000000000e+001 0 -1 1.9171249389648437e+002
  1.0275127410888672e+002 1.2566282272338867e+001
  2.4827752685546875e+002 3.3207168579101563e+001 0 -1
  2.1668089294433594e+002 1.0260321807861328e+002
  1.4504176139831543e+001 2.8116949462890625e+002
  5.5512832641601563e+001 0 -1 2.9394799804687500e+002
  1.0314324951171875e+002 1.2378925323486328e+001
  2.6410705566406250e+002 4.5320480346679688e+001 0 -1
  3.9557717895507812e+002 1.0419066619873047e+002
  1.1918918609619141e+001 2.5986273193359375e+002
  3.1003379821777344e+001 0 -1 4.2298892211914062e+002
  1.0424382781982422e+002 1.3995452880859375e+001
  3.0106625366210937e+002 3.4357650756835937e+001 0 -1
  4.2113223266601562e+002 1.0465217590332031e+002
  1.3956521987915039e+001 2.9398291015625000e+002
  3.5222831726074219e+001 0 -1 2.2039283752441406e+002
  1.0630065917968750e+002 1.4993110656738281e+001
  3.0649450683593750e+002 4.3524185180664062e+001 0 -1
  1.9146125793457031e+002 1.0772385406494141e+002
  1.6197782516479492e+001 2.2710063171386719e+002
  7.4740905761718750e+001 0 -1 3.1072668457031250e+002
  1.1050149536132812e+002 1.4464286804199219e+001
  2.8702636718750000e+002 5.5723236083984375e+001 0 -1
  4.0755926513671875e+002 1.1949029541015625e+002
  1.3071428298950195e+001 7.2790557861328125e+001
  3.7446426391601563e+001 0 -1 2.4421733093261719e+002
  1.7225978088378906e+002 1.2825654029846191e+001
  5.0698230743408203e+001 4.0386093139648438e+001 0 -1
  3.6585632324218750e+002 1.7239903259277344e+002
  1.4748850822448730e+001 2.3120994567871094e+002
  5.6724075317382812e+001 0 -1 4.9775033569335937e+002
  1.7718447875976562e+002 1.4142857551574707e+001
  1.9541732788085937e+002 7.0125000000000000e+001 0 -1
  3.5675875854492187e+002 1.9590791320800781e+002
  1.1763157844543457e+001 6.0508365631103516e+001
  8.2059219360351563e+001 0 -1 2.4365174865722656e+002
  2.2907896423339844e+002 1.3054054260253906e+001
  3.1085830688476562e+002 3.5570938110351563e+001 0 -1
  3.6530261230468750e+002 2.2893280029296875e+002
  1.5483063697814941e+001 2.9944531250000000e+002
  5.9237655639648438e+001 0 -1 2.4604740905761719e+002 256.
  1.3137929916381836e+001 3.4127883911132812e+002
  3.3521545410156250e+001 0 -1 2.4429414367675781e+002
  2.5756640625000000e+002 15. 1.0290384292602539e+001
  1.2925000000000000e+002 0 -1 2.7109698486328125e+002
  2.6405288696289062e+002 1.2290322303771973e+001
  3.3848201751708984e+001 3.0036285400390625e+001 0 -1
  2.4175994873046875e+002 2.8570281982421875e+002
  1.1222222328186035e+001 7.9987579345703125e+001
  4.2226852416992188e+001 0 -1 2.4650006103515625e+002
  2.8756042480468750e+002 1.4225805282592773e+001
  3.0757045745849609e+001 4.0133056640625000e+001 0 -1
  3.1727117919921875e+002 3.1890936279296875e+002 12.
  3.5468405151367187e+002 33. 0 -1 3.1958438110351562e+002
  3.2273245239257812e+002 1.3079999923706055e+001
  2.9515026092529297e+001 3.7405006408691406e+001 0 -1
  3.9325000000000000e+002 1.0650000000000000e+002 24.
  2.2017848205566406e+002 84. 1 -1 1.9160438537597656e+002
  1.0872373962402344e+002 1.9409069061279297e+001
  2.1514906311035156e+002 8.5144149780273437e+001 1 -1
  1.9996180725097656e+002 1.1001332855224609e+002 21.
  2.3656030273437500e+002 5.6393051147460938e+001 1 -1
  4.0779486083984375e+002 1.1974468994140625e+002
  1.4065528869628906e+001 7.1008583068847656e+001
  3.5748905181884766e+001 1 -1 4.9723254394531250e+002
  1.7721752929687500e+002 1.8761646270751953e+001
  1.8314160156250000e+002 6.7172775268554688e+001 1 -1
  3.6539062500000000e+002 2.2895788574218750e+002
  1.6379747390747070e+001 3.0070034790039062e+002
  5.6453044891357422e+001 1 -1 2.4453250122070312e+002
  2.5925015258789062e+002 2.2485980987548828e+001
  1.7565080642700195e+001 1.5662637329101562e+002 1 -1
  3.6623175048828125e+002 2.8567199707031250e+002
  1.7561836242675781e+001 5.6740890502929688e+001
  3.5032569885253906e+001 1 -1 2.4606274414062500e+002
  2.8691540527343750e+002 16. 2.7930603027343750e+001
  4.0666667938232422e+001 1 -1 3.7437362670898437e+002
  4.1992435455322266e+001 2.3400001525878906e+001
  1.0721171569824219e+002 3.1024999618530273e+001 2 -1
  2.8040771484375000e+002 4.7212512969970703e+001
  2.9303117752075195e+001 8.7125732421875000e+001
  1.8634870910644531e+002 2 -1 3.9754769897460937e+002
  4.7738754272460938e+001 2.6714088439941406e+001
  8.7684471130371094e+001 2.1741377258300781e+002 2 -1
  2.0168167114257812e+002 5.1690822601318359e+001
  3.1942108154296875e+001 1.0469488525390625e+002
  7.8217445373535156e+001 2 -1 2.4627766418457031e+002
  8.4123329162597656e+001 2.8295024871826172e+001
  3.5723989868164062e+002 1.7455407714843750e+002 2 -1
  2.1697964477539062e+002 1.0265574645996094e+002
  2.4599998474121094e+001 2.9341937255859375e+002
  4.6024997711181641e+001 2 -1 2.0143116760253906e+002
  1.0784500122070312e+002 3.0529411315917969e+001
  2.2746331787109375e+002 3.6355396270751953e+001 2 -1
  3.9315802001953125e+002 1.0749675750732422e+002
  2.8116279602050781e+001 2.1834185791015625e+002
  9.3373069763183594e+001 2 -1 1.9239045715332031e+002
  1.1004135131835937e+002 2.6757148742675781e+001
  2.0186030578613281e+002 9.8145477294921875e+001 2 -1
  2.0021182250976562e+002 1.1026333618164062e+002 21.
  2.3707736206054687e+002 5.4500000000000000e+001 2 -1
  3.0303369140625000e+002 1.0986751556396484e+002
  2.7939760208129883e+001 2.8366021728515625e+002
  8.9964355468750000e+001 2 -1 3.1004598999023437e+002
  1.1009725189208984e+002 2.6869565963745117e+001
  3.1380920410156250e+002 6.7753639221191406e+001 2 -1
  4.0444454956054687e+002 1.1018888854980469e+002
  2.6421688079833984e+001 2.6985342407226562e+002
  8.4253540039062500e+001 2 -1 4.1207244873046875e+002
  1.1011066436767578e+002 2.6912410736083984e+001
  3.1509271240234375e+002 1.0137988281250000e+002 2 -1
  3.6760812377929687e+002 1.1648982238769531e+002
  2.4516887664794922e+001 2.0685191345214844e+002
  6.4037986755371094e+001 2 -1 4.0778921508789063e+002
  1.2134402465820312e+002 2.0653820037841797e+001
  7.5648368835449219e+001 3.3397689819335938e+001 2 -1
  4.0166650390625000e+002 1.2154320526123047e+002 27.
  1.0852410888671875e+002 3.2250000000000000e+001 2 -1
  2.4565869140625000e+002 1.7252433776855469e+002
  2.4974418640136719e+001 4.2099559783935547e+001
