%YAML:1.0
---
recording:
   type: VideoRecording
   recordId: Action_20180109T115314
   channelId: main
   timeStamp: "131599723943950000"
   sessionTimestamp: "0"
   width: -1
   height: -1
   frameCount: 130
   fps: 2.9969999999999999e+001
   recordingType: 2000
   frameTransformRect: [ [ -1, -1 ], [ -1, -1 ], [ -1, -1 ], [ -1, -1 ] ]
   trackingMode: 0
   segments:
      - { startFrame:0, stopFrame:123, segmentType:1000, focusFrame:-1,
          focusPoint:{ values:[ -1., -1. ], type:Vector2 }, isFragment:0 }
   framesRelTs: [ "0", "280000", "470000", "980000", "1160000",
       "1380000", "1730000", "2040000", "2370000", "2700000", "3030000",
       "3370000", "3690000", "4010000", "4340000", "4670000", "4990000",
       "5340000", "5650000", "5980000", "6310000", "6640000", "6970000",
       "7290000", "7620000", "7950000", "8270000", "8590000", "9140000",
       "9420000", "9610000", "9920000", "10240000", "10570000",
       "10900000", "11210000", "11530000", "11850000", "12190000",
       "12520000", "12850000", "13180000", "13500000", "13830000",
       "14160000", "14480000", "14820000", "15170000", "15530000",
       "15860000", "16210000", "16570000", "16880000", "17220000",
       "17550000", "17880000", "18110000", "18530000", "18760000",
       "19180000", "19510000", "19700000", "20000000", "20320000",
       "20640000", "20980000", "21290000", "21620000", "21960000",
       "22270000", "22620000", "22940000", "23250000", "23550000",
       "23870000", "24210000", "24510000", "24820000", "25270000",
       "25560000", "25890000", "26200000", "26500000", "26800000",
       "27090000", "27430000", "27740000", "28050000", "28490000",
       "28810000", "29140000", "29490000", "29770000", "30100000",
       "30430000", "30760000", "31080000", "31410000", "31730000",
       "32060000", "32380000", "32710000", "33050000", "33380000",
       "33720000", "34020000", "34360000", "34680000", "35010000",
       "35330000", "35670000", "36000000", "36330000", "36660000",
       "36980000", "37320000", "37630000", "37950000", "38280000",
       "38610000", "38930000", "39280000", "39570000", "39900000",
       "40230000", "40560000", "40870000", "41200000", "41530000",
       "41850000" ]
   chunks:
      - { path:"Recordings/Action_20180109T115314/recording.avi",
          startFrameIdx:0 }
