<?xml version="1.0"?>
<opencv_storage>
<keyPoints>
  2.6195507812500000e+002 2.5429603576660156e+001
  1.3485160827636719e+001 8.8799514770507813e+001
  3.1434341430664063e+001 0 -1 3.1109521484375000e+002
  2.6244819641113281e+001 1.1434732437133789e+001
  8.5994461059570313e+001 5.0771652221679688e+001 0 -1 316.
  2.6945405960083008e+001 1.2240300178527832e+001
  8.3621261596679688e+001 3.3256599426269531e+001 0 -1
  4.1168572998046875e+002 2.7116392135620117e+001
  1.2714285850524902e+001 8.7848953247070312e+001
  4.7297622680664062e+001 0 -1 2.6740267944335937e+002
  2.7930355072021484e+001 1.3900146484375000e+001
  8.9131378173828125e+001 6.8070098876953125e+001 0 -1
  3.9155444335937500e+002 2.8511224746704102e+001
  1.4037298202514648e+001 9.5187294006347656e+001
  5.9598159790039063e+001 0 -1 4.0343551635742187e+002
  2.7470424652099609e+001 1.5660064697265625e+001
  9.0494483947753906e+001 5.6201828002929688e+001 0 -1
  2.2617037963867187e+002 2.9582080841064453e+001
  1.2788995742797852e+001 9.4150566101074219e+001
  4.0906219482421875e+001 0 -1 2.5985757446289062e+002
  2.9991399765014648e+001 1.1769230842590332e+001
  8.5888092041015625e+001 3.5038467407226563e+001 0 -1
  2.7556100463867187e+002 2.9737417221069336e+001
  1.3486164093017578e+001 9.3532669067382812e+001
  3.7568504333496094e+001 0 -1 4.1445343017578125e+002
  3.0022748947143555e+001 1.1062500000000000e+001
  8.0693290710449219e+001 3.3390625000000000e+001 0 -1
  4.1900723266601562e+002 3.1826751708984375e+001
  1.3153846740722656e+001 8.2163444519042969e+001
  3.1480766296386719e+001 0 -1 3.7460803222656250e+002
  4.2325199127197266e+001 1.4632653236389160e+001
  1.9795457458496094e+002 5.9716842651367188e+001 0 -1
  2.8218258666992187e+002 4.5406394958496094e+001
  1.4277686119079590e+001 3.2347851562500000e+002
  1.1226348876953125e+002 0 -1 2.8365124511718750e+002
  4.9842372894287109e+001 1.3826086044311523e+001
  2.2628068923950195e+001 4.9130432128906250e+001 0 -1
  2.5106929016113281e+002 8.1165779113769531e+001
  1.3738399505615234e+001 3.3781158447265625e+002
  3.5094139099121094e+001 0 -1 4.0186624145507812e+002
  8.5821884155273438e+001 1.3846153259277344e+001
  8.0364513397216797e+000 3.5230766296386719e+001 0 -1
  1.9072637939453125e+002 1.0226837158203125e+002
  1.1898324966430664e+001 2.4610945129394531e+002
  3.2257164001464844e+001 0 -1 2.1585072326660156e+002
  1.0174267578125000e+002 1.3418186187744141e+001
  2.8245745849609375e+002 5.4653060913085938e+001 0 -1
  3.2131814575195312e+002 1.0366947174072266e+002
  1.6992893218994141e+001 3.0625994873046875e+002
  6.6656219482421875e+001 0 -1 4.2009066772460937e+002
  1.0334691619873047e+002 1.2230768203735352e+001
  2.8540582275390625e+002 3.2009616851806641e+001 0 -1
  4.2251528930664062e+002 1.0384210205078125e+002
  1.4526315689086914e+001 3.0022418212890625e+002
  5.9368423461914062e+001 0 -1 2.1179983520507812e+002
  1.0574071502685547e+002 1.0583171844482422e+001
  2.6588958740234375e+002 3.3119262695312500e+001 0 -1
  2.0493199157714844e+002 1.0849014282226562e+002
  1.4039999008178711e+001 2.6652615356445312e+002
  3.2445007324218750e+001 0 -1 2.0827769470214844e+002
  1.0960710144042969e+002 1.6071428298950195e+001
  2.8216305541992187e+002 3.9446426391601563e+001 0 -1
  2.4744256591796875e+002 1.1225503540039062e+002
  1.4865104675292969e+001 2.9929656982421875e+002
  4.6382369995117188e+001 0 -1 368. 115. 1.5142856597900391e+001
  2.8132269287109375e+002 5.8761901855468750e+001 0 -1
  2.4642127990722656e+002 1.1860229492187500e+002
  1.6515426635742187e+001 3.0225979614257812e+002
  4.8104171752929688e+001 0 -1 3.6811102294921875e+002
  1.4276316833496094e+002 1.6836734771728516e+001
  3.2368817138671875e+002 1.0392092895507812e+002 0 -1
  2.4648342895507812e+002 1.6960516357421875e+002
  1.6500000000000000e+001 4.9289005279541016e+001
  4.9750000000000000e+001 0 -1 4.9725354003906250e+002
  1.7667462158203125e+002 1.4108107566833496e+001
  1.9085206604003906e+002 1.1756756591796875e+002 0 -1
  4.9186358642578125e+002 180. 1.4538461685180664e+001
  1.7481275939941406e+002 4.0326919555664063e+001 0 -1
  3.6831570434570312e+002 2.2769694519042969e+002
  1.5444444656372070e+001 2.8244931030273437e+002
  4.4449081420898438e+001 0 -1 2.4716578674316406e+002
  2.8249740600585937e+002 1.3285713195800781e+001
  3.0841467285156250e+002 3.3642852783203125e+001 0 -1
  2.4097438049316406e+002 2.8492269897460937e+002
  1.2348836898803711e+001 1.9854794311523437e+002
  5.1072677612304688e+001 0 -1 2.9116592407226562e+002
  3.1992324829101562e+002 1.1545454025268555e+001
  3.2599197387695312e+002 4.1094696044921875e+001 0 -1
  3.1736553955078125e+002 3.2032092285156250e+002
  1.3500000000000000e+001 1.4124715805053711e+001 45. 0 -1
  2.9299877929687500e+002 3.2179968261718750e+002
  1.2442623138427734e+001 4.7736759185791016e+000
  7.5165985107421875e+001 0 -1 3.1857693481445312e+002
  3.2154946899414062e+002 1.4486356735229492e+001
  2.4054203033447266e+001 8.4777435302734375e+001 0 -1
  3.9698602294921875e+002 4.6500000000000000e+001 24.
  8.8117546081542969e+001 2.1090136718750000e+002 1 -1
  2.4611047363281250e+002 8.2432350158691406e+001
  2.3346708297729492e+001 3.5078744506835937e+002
  1.8276452636718750e+002 1 -1 3.1156109619140625e+002
  8.4952331542968750e+001 1.8621704101562500e+001
  2.7608383178710937e+002 6.4675048828125000e+001 1 -1
  2.2050000000000000e+002 1.0650000000000000e+002 24.
  3.2098803710937500e+002 9.3222221374511719e+001 1 -1
  4.2053411865234375e+002 1.0651107025146484e+002
  2.3734329223632813e+001 3.2161221313476562e+002
  9.4022064208984375e+001 1 -1 2.9357513427734375e+002
  1.0815368652343750e+002 2.3617820739746094e+001
  2.2228944396972656e+002 1.2437614440917969e+002 1 -1
  3.0160037231445312e+002 1.0966171264648437e+002
  1.9702703475952148e+001 2.5303668212890625e+002
  6.2489868164062500e+001 1 -1 3.0940356445312500e+002
  1.0957868194580078e+002 1.8130434036254883e+001
  2.8663964843750000e+002 5.9010864257812500e+001 1 -1
  2.4450000000000000e+002 1.4250000000000000e+002 24.
  7.5547347068786621e+000 184. 1 -1 2.4665049743652344e+002
  1.7084126281738281e+002 1.9615385055541992e+001
  5.7783538818359375e+001 6.5942306518554687e+001 1 -1
  4.9688574218750000e+002 1.7717507934570312e+002
  1.7362178802490234e+001 1.8296737670898437e+002
  1.1514250946044922e+002 1 -1 3.6757629394531250e+002
  2.8561273193359375e+002 2.2997179031372070e+001
  5.1353240966796875e+001 8.4901931762695312e+001 1 -1
  3.6703375244140625e+002 2.8725604248046875e+002
  1.9704502105712891e+001 5.9738407135009766e+001
  7.7157295227050781e+001 1 -1 3.7474221801757812e+002
  4.2048339843750000e+001 2.0825927734375000e+001
  1.1401466369628906e+002 6.0116271972656250e+001 2 -1
  2.4521661376953125e+002 8.3359916687011719e+001
  2.9821729660034180e+001 3.4515856933593750e+002
  1.9417987060546875e+002 2 -1 3.1185604858398437e+002
  8.5818855285644531e+001 18. 2.7425488281250000e+002
  6.3688476562500000e+001 2 -1 3.9721005249023437e+002
  8.3864257812500000e+001 2.6562198638916016e+001
  2.5607611083984375e+002 1.9638304138183594e+002 2 -1
  3.9543154907226562e+002 8.5287559509277344e+001
  3.0594078063964844e+001 2.5077136230468750e+002
  2.0829370117187500e+002 2 -1 2.2006805419921875e+002
  1.0758031463623047e+002 3.0645606994628906e+001
  3.1846813964843750e+002 9.4150512695312500e+001 2 -1
  3.1973757934570312e+002 1.0769490051269531e+002
  3.0485052108764648e+001 3.2406576538085937e+002
  1.0222531890869141e+002 2 -1 4.2141201782226562e+002
  1.0784849548339844e+002 2.8543514251708984e+001
  3.3122283935546875e+002 1.1501000976562500e+002 2 -1
  1.9943075561523437e+002 1.0947602844238281e+002
  2.8811319351196289e+001 2.5360581970214844e+002
  7.1680015563964844e+001 2 -1 2.0749740600585937e+002
  1.0818141174316406e+002 2.9064176559448242e+001
  2.8348385620117187e+002 9.3276695251464844e+001 2 -1
  4.0516647338867187e+002 1.1008927917480469e+002 28.
