%YAML:1.0
---
chapterId: 5
title: "Stützen aufstecken"
description: "auf korrekte Position achten^"
fields:
   {}
chapterType: 2001
options:
   locationAnnotation: 1
   customActionView: 1
   customValidationView: 1
sections:
   -
      sectionId: 5000
      sectionType: 1001
      channelId: main
      distance: 1.
      startFrame: 0
      stopFrame: 9
      focusFrame: 7
      focusPoint: { values:[ 616., 391. ], type:Vector2 }
      focusPose:
         rows: 2
         cols: 2
         values: [ 0., 0., 0., 0. ]
         type: Matrix
      focusROI:
         type: "Vector2[][]"
         values:
            []
      minDurationRelTS: "0"
      animationPeriod: "0"
      recordId: Action_20180109T110912
      homography:
         rows: 3
         cols: 3
         values: [ 9.9995512477757298e-001, 7.7851666568667217e-005,
             -3.9862502573048981e-003, -7.7851666568667217e-005,
             9.9995512477757298e-001, 1.0218031144294397e-001, 0., 0.,
             1. ]
         type: Matrix
      similarities:
         []
      annotations:
         -
            source: [ 640., 0. ]
            target: [ 640., 720. ]
            sourceTrackingType: 3
            targetTrackingType: 3
            opacity: 8.9999997615814209e-001
            pulsingInterval: -1.
            color: [ 0, 0, 0 ]
            fadeIn: 0.
            fadeOut: 0.
            zIndex: -10
            annotationId: 5000000
            sectionId: 5000
            layer: 1
            command: ""
            startRelTS: "0"
            runPeriod: 23
            duration: -1.
            category: InitOverlay
            type: Animation
            path: "0005/00005000/init.avi"
            maskType: 2
            maskPath: ""
            maskAnimationInterval: 1.5000000000000000e+000
            radialMaskCenter: [ 5.0000000000000000e-001,
                5.0000000000000000e-001 ]
         -
            source: [ 170., -300. ]
            target: [ 170., -150. ]
            sourceTrackingType: 5
            targetTrackingType: 5
            opacity: 8.9999997615814209e-001
            pulsingInterval: -1.
            color: [ 0, 0, 0 ]
            fadeIn: 0.
            fadeOut: 0.
            zIndex: -10
            border:
               source: [ 640., 0. ]
               target: [ 640., 720. ]
               sourceTrackingType: 8
               targetTrackingType: 8
               opacity: 1.
               pulsingInterval: -1.
               color: [ 255, 192, 0 ]
               fadeIn: 0.
               fadeOut: 0.
               zIndex: 0
               annotationId: -1
               sectionId: -1
               layer: -1
               command: ""
               startRelTS: "0"
               runPeriod: 23
               duration: -1.
               category: Custom
               type: PenStroke
               points:
                  - []
               thickness: 4
               closedLoop: 1
               interpolateStroke: 0
               outlineColor: [ 0, 0, 0, 0 ]
               stippledLine: 0
               startConnector: 0
               endConnector: 0
            annotationId: 5000001
            sectionId: 5000
            layer: 1
            command: ""
            startRelTS: "0"
            runPeriod: 23
            duration: -1.
            category: InitInstructionVideo
            type: Animation
            path: "assets-ldpi/InstructionVideos/00005000.mp4"
            maskType: 1
            maskPath: ""
            maskAnimationInterval: 1.5000000000000000e+000
            radialMaskCenter: [ 5.0000000000000000e-001,
                5.0000000000000000e-001 ]
         -
            annotationId: 5000003
            sectionId: 5000
            layer: 3
            command: ""
            startRelTS: "0"
            runPeriod: 23
            duration: -1.
            category: InstructionVideo
            type: FileAnnotation
            path: "assets/InstructionVideos/00005000.mp4"
            title: Instruction Video
            printFlag: 0
            page: 1
            thumbnail: ""
            runDirectly: 0
         -
            source: [ 6.1550000000000000e+002, 0. ]
            target: [ 6.1550000000000000e+002, 720. ]
            sourceTrackingType: 3
            targetTrackingType: 3
            opacity: 8.9999997615814209e-001
            pulsingInterval: -1.
            color: [ 0, 0, 0 ]
            fadeIn: 0.
            fadeOut: 0.
            zIndex: -10
            annotationId: 5000002
            sectionId: 5000
            layer: 0
            command: ""
            startRelTS: "0"
            runPeriod: 23
            duration: -1.
            category: ProceduralOverlay
            type: Animation
            path: "0005/00005000/action.avi"
            maskType: 32
            maskPath: ""
            maskAnimationInterval: 1.5000000000000000e+000
            radialMaskCenter: [ 5.0034773349761963e-001,
                5.2152776718139648e-001 ]
   -
      sectionId: 5001
      sectionType: 2001
      channelId: main
      distance: 1.
      startFrame: 10
      stopFrame: 128
      focusFrame: 69
      focusPoint: { values:[ 616., 391. ], type:Vector2 }
      focusPose:
         rows: 2
         cols: 2
         values: [ 0., 0., 0., 0. ]
         type: Matrix
      focusROI:
         type: "Vector2[][]"
         values:
            []
      minDurationRelTS: "2000000"
      animationPeriod: "0"
      recordId: Action_20180109T110912
      homography:
         rows: 3
         cols: 3
         values: [ 9.9995512477757298e-001, 7.7851666568667217e-005,
             -3.9862502573048981e-003, -7.7851666568667217e-005,
             9.9995512477757298e-001, 1.0218031144294397e-001, 0., 0.,
             1. ]
         type: Matrix
      similarities:
         []
      annotations:
         []
   -
      sectionId: 5002
      sectionType: 1002
      channelId: main
      distance: 1.
      startFrame: 129
      stopFrame: 138
      focusFrame: 129
      focusPoint: { values:[ 616., 391. ], type:Vector2 }
      focusPose:
         rows: 2
         cols: 2
         values: [ 0., 0., 0., 0. ]
         type: Matrix
      focusROI:
         type: "Vector2[][]"
         values:
            []
      minDurationRelTS: "0"
      animationPeriod: "0"
      recordId: Action_20180109T110912
      homography:
         rows: 3
         cols: 3
         values: [ 9.9995512477757298e-001, 7.7851666568667217e-005,
             -3.9862502573048981e-003, -7.7851666568667217e-005,
             9.9995512477757298e-001, 1.0218031144294397e-001, 0., 0.,
             1. ]
         type: Matrix
      similarities:
         []
      annotations:
         -
            source: [ 640., 0. ]
            target: [ 640., 720. ]
            sourceTrackingType: 3
            targetTrackingType: 3
            opacity: 8.9999997615814209e-001
            pulsingInterval: -1.
            color: [ 0, 0, 0 ]
            fadeIn: 0.
            fadeOut: 0.
            zIndex: -10
            annotationId: 5002000
            sectionId: 5002
            layer: 1
            command: ""
            startRelTS: "0"
            runPeriod: 23
            duration: -1.
            category: InitOverlay
            type: Animation
            path: "0005/00005002/init.avi"
            maskType: 2
            maskPath: ""
            maskAnimationInterval: 1.5000000000000000e+000
            radialMaskCenter: [ 5.0000000000000000e-001,
                5.0000000000000000e-001 ]
         -
            source: [ 170., -300. ]
            target: [ 170., -150. ]
            sourceTrackingType: 5
            targetTrackingType: 5
            opacity: 8.9999997615814209e-001
            pulsingInterval: -1.
            color: [ 0, 0, 0 ]
            fadeIn: 0.
            fadeOut: 0.
            zIndex: -10
            border:
               source: [ 640., 0. ]
               target: [ 640., 720. ]
               sourceTrackingType: 8
