<?xml version="1.0"?>
<opencv_storage>
<keyPoints>
  2.6194631958007812e+002 2.5426912307739258e+001
  1.3615385055541992e+001 8.8629570007324219e+001
  3.1942306518554688e+001 0 -1 3.1066369628906250e+002
  2.6378084182739258e+001 1.2365053176879883e+001
  8.6343719482421875e+001 5.1120971679687500e+001 0 -1
  3.1485000610351562e+002 2.6879295349121094e+001
  1.1549999237060547e+001 8.1999885559082031e+001
  3.2112495422363281e+001 0 -1 4.1145751953125000e+002
  2.7114372253417969e+001 1.2529412269592285e+001
  8.7437423706054688e+001 5.0198516845703125e+001 0 -1
  2.6731564331054687e+002 2.7903091430664062e+001
  1.3683218002319336e+001 8.8942138671875000e+001
  7.0470306396484375e+001 0 -1 3.9156509399414062e+002
  2.8032953262329102e+001 1.4020408630371094e+001
  9.5228706359863281e+001 5.9778060913085938e+001 0 -1
  4.1625466918945312e+002 2.7739776611328125e+001 13.
  8.4977172851562500e+001 3.2458335876464844e+001 0 -1
  2.2606442260742187e+002 2.9343814849853516e+001
  1.3158882141113281e+001 9.4682273864746094e+001
  4.3672775268554688e+001 0 -1 2.5971084594726562e+002
  2.9837520599365234e+001 1.1830188751220703e+001
  8.5228942871093750e+001 3.8021224975585938e+001 0 -1
  2.7547619628906250e+002 2.9556623458862305e+001
  1.3915777206420898e+001 9.3890594482421875e+001
  3.7760841369628906e+001 0 -1 4.1421148681640625e+002
  2.9993579864501953e+001 1.1181818008422852e+001
  8.0134590148925781e+001 3.2306816101074219e+001 0 -1
  4.1896295166015625e+002 3.1767501831054688e+001
  1.2750000000000000e+001 8.1707534790039063e+001
  3.1187500000000000e+001 0 -1 3.7467089843750000e+002
  4.2358825683593750e+001 1.4236362457275391e+001
  2.0129275512695312e+002 6.2820449829101562e+001 0 -1
  3.9739852905273437e+002 4.4815330505371094e+001
  1.5933332443237305e+001 3.1078424072265625e+002
  1.4733886718750000e+002 0 -1 2.7570288085937500e+002
  4.9302562713623047e+001 1.5685360908508301e+001
  1.6213531494140625e+002 6.9912170410156250e+001 0 -1
  2.8358084106445313e+002 4.9939395904541016e+001
  1.4045454025268555e+001 2.3867946624755859e+001
  4.8556808471679688e+001 0 -1 2.3041259765625000e+002
  5.4724742889404297e+001 15. 1.0764705657958984e+001
  5.7750000000000000e+001 0 -1 2.5094728088378906e+002
  8.1039665222167969e+001 1.3482933044433594e+001
  3.3793176269531250e+002 3.5026176452636719e+001 0 -1
  3.1157394409179687e+002 8.5278572082519531e+001 15.
  2.7333865356445312e+002 6.3750000000000000e+001 0 -1
  4.0182391357421875e+002 8.5965652465820312e+001
  1.3307691574096680e+001 8.5661268234252930e+000
  3.7926284790039063e+001 0 -1 2.1584617614746094e+002
  1.0168327331542969e+002 1.3145454406738281e+001
  2.7546981811523437e+002 5.1002273559570313e+001 0 -1
  3.9489007568359375e+002 1.0316182708740234e+002
  1.1924443244934082e+001 2.5596890258789062e+002
  3.3355690002441406e+001 0 -1 4.2248928833007812e+002
  1.0352165222167969e+002 1.3514907836914063e+001
  2.9846807861328125e+002 6.0385284423828125e+001 0 -1
  4.2058697509765625e+002 1.0426667022705078e+002
  1.5800001144409180e+001 3.0040423583984375e+002
  3.6008338928222656e+001 0 -1 2.1159049987792969e+002
  1.0542851257324219e+002 1.1307692527770996e+001
  2.5893615722656250e+002 3.6346145629882813e+001 0 -1
  2.4716021728515625e+002 1.1202851104736328e+002
  1.3912538528442383e+001 2.9613317871093750e+002
  4.7923507690429688e+001 0 -1 2.4644619750976562e+002
  1.1752080535888672e+002 1.5853898048400879e+001
  3.0589447021484375e+002 5.2959304809570313e+001 0 -1
  4.7275051879882812e+002 1.2752693939208984e+002
  1.2702127456665039e+001 2.4499179077148437e+002
  3.5321807861328125e+001 0 -1 2.4639215087890625e+002
  1.6978376770019531e+002 1.7189611434936523e+001
  4.9521938323974609e+001 5.0769500732421875e+001 0 -1
  4.9063766479492187e+002 1.7124482727050781e+002
  1.0371428489685059e+001 5.3548149108886719e+001
  3.9289283752441406e+001 0 -1 4.7269924926757812e+002
  2.1160952758789062e+002 1.2829786300659180e+001
  2.4471768188476562e+002 5.9449462890625000e+001 0 -1
  2.4690286254882812e+002 2.8238116455078125e+002
  1.3258064270019531e+001 3.1442834472656250e+002
  3.4681449890136719e+001 0 -1 2.4064886474609375e+002
  2.8483090209960937e+002 1.2333333969116211e+001
  1.9602862548828125e+002 5.2055557250976562e+001 0 -1
  2.4547093200683594e+002 2.8583352661132812e+002
  1.6583312988281250e+001 3.0476846313476563e+002
  6.0771102905273437e+001 0 -1 4.5891503906250000e+002
  2.8585620117187500e+002 1.3750000000000000e+001
  1.7557707214355469e+002 3.4020835876464844e+001 0 -1
  2.9301205444335937e+002 3.1818252563476562e+002
  1.3200000762939453e+001 3.1394381713867187e+002
  3.0200000762939453e+001 0 -1 2.9094369506835937e+002
  3.1993304443359375e+002 12. 3.2174151611328125e+002 39. 0 -1
  3.1659716796875000e+002 3.1995040893554687e+002
  1.2214286804199219e+001 5.2203283309936523e+000
  3.6017852783203125e+001 0 -1 2.9259323120117187e+002
  3.2183755493164062e+002 1.1872653007507324e+001
  3.5483670043945312e+002 5.9008941650390625e+001 0 -1
  3.1804785156250000e+002 3.2178833007812500e+002
  1.2670579910278320e+001 2.8146430969238281e+001
  7.8408355712890625e+001 0 -1 3.9687646484375000e+002
  4.6500000000000000e+001 24. 8.7506080627441406e+001
  2.1425878906250000e+002 1 -1 2.7568511962890625e+002
  4.9051624298095703e+001 1.7981359481811523e+001
  1.5853927612304688e+002 6.7823287963867188e+001 1 -1
  2.4560972595214844e+002 8.2382278442382813e+001
  2.2963691711425781e+001 3.5284085083007812e+002
  1.7898251342773437e+002 1 -1 3.1133837890625000e+002
  8.4918411254882812e+001 1.8296894073486328e+001
  2.7573876953125000e+002 6.5482948303222656e+001 1 -1
  2.2050000000000000e+002 1.0650000000000000e+002 24.
  3.1640573120117187e+002 8.8888671875000000e+001 1 -1
  4.2051998901367187e+002 1.0649249267578125e+002
  2.3857141494750977e+001 3.2540222167968750e+002
  9.7005966186523438e+001 1 -1 2.9342056274414062e+002
  1.0809268188476562e+002 24. 2.2267695617675781e+002
  1.2731152343750000e+002 1 -1 3.0156890869140625e+002
  1.0922358703613281e+002 2.0398399353027344e+001
  2.5621960449218750e+002 6.8187225341796875e+001 1 -1
  3.0940390014648437e+002 1.0951436614990234e+002
  1.8424381256103516e+001 2.8752600097656250e+002
  6.4113952636718750e+001 1 -1 3.6775000000000000e+002
  1.1610795593261719e+002 1.9736074447631836e+001
  2.1032588195800781e+002 8.1489624023437500e+001 1 -1
  4.7016592407226562e+002 1.2751622009277344e+002
  2.0779319763183594e+001 2.1911761474609375e+002
  3.2945465087890625e+001 1 -1 2.4547415161132812e+002
  1.7072494506835937e+002 2.0528533935546875e+001
  6.4352928161621094e+001 6.3978775024414062e+001 1 -1
  4.7007122802734375e+002 1.8205471801757812e+002
  2.1277929306030273e+001 1.8466891479492187e+002
  3.9423049926757813e+001 1 -1 4.6066564941406250e+002
  1.8653091430664062e+002 1.8348684310913086e+001
  1.8314080810546875e+002 3.2012104034423828e+001 1 -1
  3.6697863769531250e+002 2.8555200195312500e+002
  2.2008468627929687e+001 5.8174312591552734e+001
  8.6967361450195313e+001 1 -1 3.7461981201171875e+002
  4.1979576110839844e+001 2.0808433532714844e+001
  1.1518980407714844e+002 6.2151042938232422e+001 2 -1
  2.7955844116210937e+002 4.5631195068359375e+001
  2.8438598632812500e+001 8.6808319091796875e+001
  2.1119136047363281e+002 2 -1 2.4507063293457031e+002
  8.3206466674804687e+001 2.9254253387451172e+001
  3.5156237792968750e+002 1.9256727600097656e+002 2 -1
  3.1157635498046875e+002 8.5628494262695313e+001 18.
  2.7361605834960937e+002 6.5192382812500000e+001 2 -1
  3.9696066284179687e+002 8.3891136169433594e+001
  2.6296775817871094e+001 2.6192755126953125e+002
  1.9679626464843750e+002 2 -1 3.9531826782226562e+002
  8.5301055908203125e+001 3.0219711303710937e+001
  2.5486328125000000e+002 2.1109826660156250e+002 2 -1
  2.0722647094726562e+002 1.0835192108154297e+002
  2.9571426391601563e+001 2.4321127319335937e+002
  6.2035724639892578e+001 2 -1 220. 1.0798387145996094e+002 36.
