%YAML:1.0
---
chapterId: 3
title: ""
description: ""
chapterType: 2001
options:
   locationAnnotation: 1
sections:
   -
      sectionId: 3000
      sectionType: 1001
      channelId: streamed D5803
      distance: 1.
      startFrame: 0
      stopFrame: 9
      focusFrame: 2
      focusPoint: { values:[ 640., 360. ], type:Vector2 }
      focusPose:
         rows: 4
         cols: 4
         values: [ 1., 0., 0., 0., 0., 1., 0., 0., 0., 0., 1., 0., 0.,
             0., 0., 1. ]
         type: Matrix
      focusROI:
         type: "Vector2[][]"
         values:
            []
      minDurationRelTS: "0"
      animationPeriod: "0"
      recordId: Action_20171121T162622
      homography:
         rows: 3
         cols: 3
         values: [ 1.0013233241589048e+000, -2.4153934681282743e-004,
             -6.6436982026798086e-001, 2.4153934681282743e-004,
             1.0013233241589048e+000, -4.3063567655856599e-001, 0., 0.,
             1. ]
         type: Matrix
      similarities:
         []
      annotations:
         -
            source: [ 640., 0. ]
            target: [ 640., 720. ]
            sourceTrackingType: 3
            targetTrackingType: 3
            opacity: 8.9999997615814209e-001
            pulsingInterval: -1.
            color: [ 0, 0, 0 ]
            fadeIn: 0.
            fadeOut: 0.
            zIndex: -10
            annotationId: 3000000
            sectionId: 3000
            layer: 1
            command: ""
            startRelTS: "0"
            runPeriod: 23
            duration: -1.
            category: InitOverlay
            type: Animation
            path: "0003/00003000/init.avi"
            maskType: 2
            maskPath: ""
            maskAnimationInterval: 1.5000000000000000e+000
            radialMaskCenter: [ 5.0000000000000000e-001,
                5.0000000000000000e-001 ]
         -
            source: [ 170., -300. ]
            target: [ 170., -150. ]
            sourceTrackingType: 5
            targetTrackingType: 5
            opacity: 8.9999997615814209e-001
            pulsingInterval: -1.
            color: [ 0, 0, 0 ]
            fadeIn: 0.
            fadeOut: 0.
            zIndex: -10
            border:
               source: [ 640., 0. ]
               target: [ 640., 720. ]
               sourceTrackingType: 8
               targetTrackingType: 8
               opacity: 1.
               pulsingInterval: -1.
               color: [ 255, 192, 0 ]
               fadeIn: 0.
               fadeOut: 0.
               zIndex: 0
               annotationId: -1
               sectionId: -1
               layer: -1
               command: ""
               startRelTS: "0"
               runPeriod: 23
               duration: -1.
               category: Custom
               type: PenStroke
               points:
                  - []
               thickness: 4
               closedLoop: 1
               interpolateStroke: 0
               outlineColor: [ 0, 0, 0, 0 ]
               stippledLine: 0
               startConnector: 0
               endConnector: 0
            annotationId: 3000001
            sectionId: 3000
            layer: 1
            command: ""
            startRelTS: "0"
            runPeriod: 23
            duration: -1.
            category: InitInstructionVideo
            type: Animation
            path: "assets-ldpi/InstructionVideos/00003000.mp4"
            maskType: 1
            maskPath: ""
            maskAnimationInterval: 1.5000000000000000e+000
            radialMaskCenter: [ 5.0000000000000000e-001,
                5.0000000000000000e-001 ]
         -
            source: [ 6.3950000000000000e+002, 0. ]
            target: [ 6.3950000000000000e+002, 719. ]
            sourceTrackingType: 3
            targetTrackingType: 3
            opacity: 8.9999997615814209e-001
            pulsingInterval: -1.
            color: [ 0, 0, 0 ]
            fadeIn: 0.
            fadeOut: 0.
            zIndex: -10
            annotationId: 3000002
            sectionId: 3000
            layer: 0
            command: ""
            startRelTS: "0"
            runPeriod: 23
            duration: -1.
            category: ProceduralOverlay
            type: Animation
            path: "0003/00003000/action.avi"
            maskType: 32
            maskPath: ""
            maskAnimationInterval: 1.5000000000000000e+000
            radialMaskCenter: [ 5.0034773349761963e-001,
                5.0034773349761963e-001 ]
         -
            annotationId: 3000003
            sectionId: 3000
            layer: 3
            command: ""
            startRelTS: "0"
            runPeriod: 23
            duration: -1.
            category: InstructionVideo
            type: FileAnnotation
            path: "assets/InstructionVideos/00003000.mp4"
            title: Instruction Video
            printFlag: 0
            page: 1
            thumbnail: ""
            runDirectly: 0
   -
      sectionId: 3001
      sectionType: 2001
      channelId: streamed D5803
      distance: 1.
      startFrame: 10
      stopFrame: 101
      focusFrame: 55
      focusPoint: { values:[ 640., 360. ], type:Vector2 }
      focusPose:
         rows: 4
         cols: 4
         values: [ 1., 0., 0., 0., 0., 1., 0., 0., 0., 0., 1., 0., 0.,
             0., 0., 1. ]
         type: Matrix
      focusROI:
         type: "Vector2[][]"
         values:
            []
      minDurationRelTS: "2000000"
      animationPeriod: "0"
      recordId: Action_20171121T162622
      homography:
         rows: 3
         cols: 3
         values: [ 1.0013233241589048e+000, -2.4153934681282743e-004,
             -6.6436982026798086e-001, 2.4153934681282743e-004,
             1.0013233241589048e+000, -4.3063567655856599e-001, 0., 0.,
             1. ]
         type: Matrix
      similarities:
         []
      annotations:
         []
   -
      sectionId: 3002
      sectionType: 1002
      channelId: streamed D5803
      distance: 1.
      startFrame: 102
      stopFrame: 111
      focusFrame: 102
      focusPoint: { values:[ 640., 360. ], type:Vector2 }
      focusPose:
         rows: 4
         cols: 4
         values: [ 1., 0., 0., 0., 0., 1., 0., 0., 0., 0., 1., 0., 0.,
             0., 0., 1. ]
         type: Matrix
      focusROI:
         type: "Vector2[][]"
         values:
            []
      minDurationRelTS: "0"
      animationPeriod: "0"
      recordId: Action_20171121T162622
      homography:
         rows: 3
         cols: 3
         values: [ 1.0013233241589048e+000, -2.4153934681282743e-004,
             -6.6436982026798086e-001, 2.4153934681282743e-004,
             1.0013233241589048e+000, -4.3063567655856599e-001, 0., 0.,
             1. ]
         type: Matrix
      similarities:
         []
      annotations:
         -
            source: [ 640., 0. ]
            target: [ 640., 720. ]
            sourceTrackingType: 3
            targetTrackingType: 3
            opacity: 8.9999997615814209e-001
            pulsingInterval: -1.
            color: [ 0, 0, 0 ]
            fadeIn: 0.
            fadeOut: 0.
            zIndex: -10
            annotationId: 3002000
            sectionId: 3002
            layer: 1
            command: ""
            startRelTS: "0"
            runPeriod: 23
            duration: -1.
            category: InitOverlay
            type: Animation
            path: "0003/00003002/init.avi"
            maskType: 2
            maskPath: ""
            maskAnimationInterval: 1.5000000000000000e+000
            radialMaskCenter: [ 5.0000000000000000e-001,
                5.0000000000000000e-001 ]
         -
            source: [ 170., -300. ]
            target: [ 170., -150. ]
            sourceTrackingType: 5
            targetTrackingType: 5
            opacity: 8.9999997615814209e-001
            pulsingInterval: -1.
            color: [ 0, 0, 0 ]
            fadeIn: 0.
            fadeOut: 0.
            zIndex: -10
            border:
               source: [ 640., 0. ]
