%YAML:1.0
---
recording:
   type: VideoRecording
   recordId: Action_20171124T150100
   channelId: main
   timeStamp: "131560092603780000"
   sessionTimestamp: "0"
   width: 0
   height: 0
   frameCount: 212
   fps: 2.9969999999999999e+001
   recordingType: 2000
   frameTransformRect: [ [ -1, -1 ], [ -1, -1 ], [ -1, -1 ], [ -1, -1 ] ]
   trackingMode: 1
   segments:
      - { startFrame:0, stopFrame:88, segmentType:1000, focusFrame:-1,
          focusPoint:{ values:[ -1., -1. ], type:Vector2 }, isFragment:0 }
      - { startFrame:67, stopFrame:89, segmentType:2000, focusFrame:-1,
          focusPoint:{ values:[ -1., -1. ], type:Vector2 }, isFragment:0 }
      - { startFrame:99, stopFrame:205, segmentType:1000, focusFrame:-1,
          focusPoint:{ values:[ -1., -1. ], type:Vector2 }, isFragment:0 }
   framesRelTs: [ "0", "220000", "690000", "1010000", "1320000",
       "1640000", "1960000", "2280000", "2600000", "2930000", "3240000",
       "3560000", "3880000", "4200000", "4690000", "5000000", "5330000",
       "5640000", "5960000", "6280000", "6600000", "6920000", "7240000",
       "7570000", "7880000", "8210000", "8550000", "9030000", "9350000",
       "9670000", "10000000", "10310000", "10600000", "10920000",
       "11240000", "11620000", "12040000", "12260000", "12560000",
       "13050000", "13320000", "13640000", "13970000", "14280000",
       "14610000", "14920000", "15240000", "15580000", "15880000",
       "16220000", "16530000", "16840000", "17330000", "17650000",
       "17960000", "18300000", "18620000", "18930000", "19250000",
       "19570000", "19880000", "20200000", "20530000", "20860000",
       "21320000", "21740000", "22010000", "22320000", "22610000",
       "22920000", "23260000", "23570000", "23890000", "24210000",
       "24530000", "24850000", "25460000", "25710000", "25990000",
       "26310000", "26610000", "26930000", "27410000", "27730000",
       "28050000", "28380000", "28690000", "29010000", "29340000",
       "29650000", "29960000", "30280000", "30610000", "30930000",
       "31410000", "31730000", "32040000", "32370000", "32690000",
       "33000000", "33430000", "33670000", "33970000", "34290000",
       "34620000", "34930000", "35410000", "35720000", "36160000",
       "36420000", "36710000", "37030000", "37330000", "37650000",
       "37970000", "38300000", "38620000", "38940000", "39250000",
       "39730000", "40050000", "40370000", "40690000", "41000000",
       "41330000", "41640000", "41970000", "42290000", "42600000",
       "42930000", "43250000", "43730000", "44050000", "44370000",
       "44690000", "45000000", "45320000", "45650000", "45960000",
       "46280000", "46600000", "46930000", "47250000", "47560000",
       "48040000", "48360000", "48690000", "49000000", "49330000",
       "49640000", "49990000", "50290000", "50600000", "50920000",
       "51250000", "51570000", "52050000", "52370000", "52690000",
       "53010000", "53330000", "53650000", "53960000", "54290000",
       "54600000", "54930000", "55250000", "55560000", "56210000",
       "56400000", "56680000", "57000000", "57330000", "57650000",
       "57970000", "58290000", "58620000", "58930000", "59250000",
       "59560000", "59900000", "60370000", "60690000", "61020000",
       "61330000", "61640000", "61960000", "62280000", "62610000",
       "62930000", "63240000", "63570000", "63900000", "64370000",
       "64680000", "65010000", "65330000", "65650000", "65960000",
       "66290000", "66610000", "66940000", "67240000", "67570000",
       "67900000", "68200000", "68680000", "69010000", "69330000",
       "69670000", "69970000", "70310000" ]
   chunks:
      - { path:"Recordings/Action_20171124T150100/recording.avi",
          startFrameIdx:0 }
