<?xml version="1.0"?>
<opencv_storage>
<keyPoints>
  3.8911157226562500e+002 2.8809183120727539e+001
  1.4076922416687012e+001 1.5942445373535156e+002
  3.5557685852050781e+001 0 -1 3.9878237915039062e+002
  4.7560707092285156e+001 1.3776699066162109e+001
  3.8301185607910156e+001 1.2651574707031250e+002 0 -1
  2.0425000000000000e+002 5.2750000000000000e+001 18.
  2.8009790039062500e+002 4.3111328125000000e+001 0 -1
  2.7928189086914062e+002 5.2892303466796875e+001
  1.4142857551574707e+001 7.2238174438476562e+001
  4.2785713195800781e+001 0 -1 4.3071047973632812e+002
  6.2487873077392578e+001 1.3931507110595703e+001
  2.1923484802246094e+002 9.1782531738281250e+001 0 -1
  4.4484912109375000e+002 6.2677486419677734e+001
  1.3444444656372070e+001 2.8839544296264648e+001
  4.1782409667968750e+001 0 -1 2.0476383972167969e+002
  7.2110115051269531e+001 1.3654206275939941e+001
  3.6111587524414063e+001 1.3006655883789062e+002 0 -1
  2.6789364624023437e+002 7.2431632995605469e+001
  1.3851333618164062e+001 2.9208862304687500e+002
  1.3636557006835937e+002 0 -1 2.0473738098144531e+002
  7.6256767272949219e+001 1.3863588333129883e+001
  6.4286079406738281e+001 1.1804641723632812e+002 0 -1
  2.6771261596679688e+002 7.6537803649902344e+001
  1.3576589584350586e+001 3.0458651733398437e+002
  1.1737271118164062e+002 0 -1 3.4455880737304687e+002
  7.7296577453613281e+001 1.4175426483154297e+001
  1.5801091003417969e+002 1.5445187377929687e+002 0 -1
  2.4353422546386719e+002 9.7141899108886719e+001
  1.4942068099975586e+001 3.4346115112304687e+002
  3.8171997070312500e+001 0 -1 2.3668933105468750e+002
  9.7463890075683594e+001 1.2724117279052734e+001
  2.3834959411621094e+002 6.7024826049804687e+001 0 -1
  2.4019941711425781e+002 1.0032225799560547e+002 11.
  3.4184674072265625e+002 3.2583335876464844e+001 0 -1
  2.3570695495605469e+002 1.0106182861328125e+002
  1.1507462501525879e+001 2.0268699645996094e+002
  4.4225753784179688e+001 0 -1 2.4281822204589844e+002
  1.0110691070556641e+002 1.2551019668579102e+001
  3.5148165893554687e+002 4.2206619262695313e+001 0 -1
  3.7996850585937500e+002 1.0045581054687500e+002
  1.4189723968505859e+001 2.8746179199218750e+002
  3.4630157470703125e+001 0 -1 2.3833248901367187e+002
  1.0339539337158203e+002 1.1653566360473633e+001
  3.0649081420898437e+002 7.3150756835937500e+001 0 -1
  3.7965655517578125e+002 1.6642362976074219e+002
  1.4086183547973633e+001 2.4060809326171875e+002
  3.7730697631835937e+001 0 -1 2.3615849304199219e+002
  2.0087632751464844e+002 1.2085714340209961e+001
  4.9330276489257813e+001 6.5007156372070312e+001 0 -1
  2.3542321777343750e+002 2.1155654907226562e+002
  1.5096618652343750e+001 9.6687202453613281e+001
  7.1537002563476563e+001 0 -1 2.3571218872070312e+002
  2.9755157470703125e+002 1.3631772994995117e+001
  1.9247645568847656e+002 3.1334075927734375e+001 0 -1
  2.8095263671875000e+002 4.6647613525390625e+001
  2.0255847930908203e+001 2.9356127929687500e+002
  1.5088546752929687e+002 1 -1 3.9588464355468750e+002
  4.7963813781738281e+001 1.7695817947387695e+001
  4.1219181060791016e+001 9.6030334472656250e+001 1 -1
  4.4250000000000000e+002 6.0500000000000000e+001 24.
  3.2884445190429688e+002 6.2888671875000000e+001 1 -1
  2.3829493713378906e+002 9.4403129577636719e+001
  2.3178495407104492e+001 2.9985910034179687e+002
  1.6002975463867187e+002 1 -1 3.7937390136718750e+002
  9.9048278808593750e+001 1.8692306518554687e+001
  3.1149813842773437e+002 3.7086540222167969e+001 1 -1
  2.3850000000000000e+002 1.0650000000000000e+002 24.
  3.4414004516601562e+002 6.9666992187500000e+001 1 -1
  2.3704901123046875e+002 1.4304382324218750e+002
  1.7689655303955078e+001 1.2463793182373047e+002
  3.5038803100585938e+001 1 -1 3.7862591552734375e+002
  1.6450000000000000e+002 24. 2.8002792358398437e+002
  3.7251953125000000e+001 1 -1 2.3621719360351562e+002
  2.0192080688476562e+002 1.9137929916381836e+001
  7.4426467895507812e+001 4.0521545410156250e+001 1 -1
  2.3570458984375000e+002 2.1126574707031250e+002
  1.6875000000000000e+001 9.1050178527832031e+001
  6.9281250000000000e+001 1 -1 2.3561547851562500e+002
  2.3050000000000000e+002 24. 8.9205223083496094e+001
  6.9362304687500000e+001 1 -1 2.8143035888671875e+002
  4.7017063140869141e+001 2.0033561706542969e+001
  2.9520861816406250e+002 1.5045172119140625e+002 2 -1
  3.9782031250000000e+002 4.7726657867431641e+001
  2.3253547668457031e+001 4.4706989288330078e+001
  1.2199410247802734e+002 2 -1 2.2938363647460937e+002
  5.5488246917724609e+001 2.8337980270385742e+001
  3.1415988159179687e+002 7.4188049316406250e+001 2 -1
  2.0367835998535156e+002 5.4747127532958984e+001
  2.8273880004882812e+001 3.0552288818359375e+002
  6.5086448669433594e+001 2 -1 4.2993173217773437e+002
  6.3465934753417969e+001 2.6170543670654297e+001
  2.1622724914550781e+002 9.6178993225097656e+001 2 -1
  4.4339617919921875e+002 6.1631961822509766e+001
  2.7376251220703125e+001 3.3075427246093750e+002
  7.0980979919433594e+001 2 -1 2.6837557983398438e+002
  7.3328117370605469e+001 2.5400398254394531e+001
  3.2357379150390625e+002 1.2840859985351562e+002 2 -1
  3.4734231567382812e+002 7.6174789428710938e+001
  2.8920001983642578e+001 1.5370249938964844e+002
  2.0540498352050781e+002 2 -1 2.3756507873535156e+002
  9.5356521606445313e+001 2.8417835235595703e+001
  3.1748736572265625e+002 1.5809632873535156e+002 2 -1
  2.3866690063476562e+002 1.0652487945556641e+002
  2.4452056884765625e+001 3.4545046997070312e+002
  8.0069068908691406e+001 2 -1 2.3606704711914063e+002
  1.9707591247558594e+002 2.7387096405029297e+001
  8.2463035583496094e+001 3.1646505355834961e+001 2 -1
  2.3627429199218750e+002 2.0087570190429687e+002
  2.6274414062500000e+001 8.1177581787109375e+001
  6.6288452148437500e+001 2 -1 2.3575000000000000e+002
  2.0573333740234375e+002 30. 8.7057754516601563e+001
  3.5333332061767578e+001 2 -1 2.3594177246093750e+002
  2.1055035400390625e+002 2.2384614944458008e+001
  8.7435836791992188e+001 7.0471153259277344e+001 2 -1
  3.7971783447265625e+002 2.2995742797851562e+002
  2.2625549316406250e+001 8.8252418518066406e+001
  3.2444652557373047e+001 2 -1 3.7963482666015625e+002
  2.9658810424804688e+002 2.3907382965087891e+001
  8.6581214904785156e+001 3.1566034317016602e+001 2 -1
  3.8446450805664062e+002 3.0048123168945312e+002
  2.4750000000000000e+001 8.3807876586914062e+001
  3.2062500000000000e+001 2 -1 2.2869592285156250e+002
  5.5409160614013672e+001 3.1552282333374023e+001
  5.8294600248336792e-001 7.2722778320312500e+001 3 -1
  4.2942248535156250e+002 6.5727279663085938e+001
  3.6874126434326172e+001 6.1301002502441406e+001
  8.3024841308593750e+001 3 -1 3.4924456787109375e+002
  7.5543167114257813e+001 3.6604042053222656e+001
  1.5940518188476562e+002 1.9105291748046875e+002 3 -1
  4.2988275146484375e+002 7.5371627807617188e+001
  3.2666667938232422e+001 9.3124496459960937e+001
  8.6347221374511719e+001 3 -1 2.3731942749023437e+002
  9.5214508056640625e+001 3.0001562118530273e+001
  3.2270819091796875e+002 1.5574853515625000e+002 3 -1
  2.3917660522460937e+002 1.0776980590820312e+002
  3.0510639190673828e+001 3.5518493652343750e+002
  5.7917556762695313e+001 3 -1 2.3792391967773437e+002
  1.4036956787109375e+002 3.7826087951660156e+001
  5.7768585205078125e+001 3.2266311645507813e+001 3 -1
  2.3516804504394531e+002 2.2694967651367187e+002
  3.6073204040527344e+001 8.7696189880371094e+001
  9.6001281738281250e+001 3 -1 3.4957888793945312e+002
  7.6314720153808594e+001 4.0811424255371094e+001
  1.5328411865234375e+002 1.8039274597167969e+002 4 -1
  4.3072845458984375e+002 7.6023811340332031e+001 36.
  7.0306869506835938e+001 8.4358398437500000e+001 4 -1
  2.3867900085449219e+002 1.1264830780029297e+002
  5.4813560485839844e+001 9.0280189514160156e+000
  3.8170207977294922e+001 4 -1 2.3704457092285156e+002
  2.0323262023925781e+002 5.5573768615722656e+001
  7.9280693054199219e+001 5.4049846649169922e+001 4 -1</keyPoints>
