%YAML:1.0
---
recording:
   type: VideoRecording
   recordId: Action_20171122T133308
   channelId: main
   timeStamp: "131558311888780000"
   sessionTimestamp: "0"
   width: 0
   height: 0
   frameCount: 71
   fps: 2.9969999999999999e+001
   recordingType: 2000
   frameTransformRect: [ [ -1, -1 ], [ -1, -1 ], [ -1, -1 ], [ -1, -1 ] ]
   trackingMode: 1
   segments:
      - { startFrame:0, stopFrame:64, segmentType:1000, focusFrame:-1,
          focusPoint:{ values:[ -1., -1. ], type:Vector2 }, isFragment:0 }
   framesRelTs: [ "0", "440000", "1110000", "2050000", "3010000",
       "4010000", "5140000", "6270000", "7040000", "7970000", "9330000",
       "10070000", "11230000", "12050000", "13070000", "14100000",
       "15330000", "16050000", "17070000", "18050000", "19200000",
       "19990000", "21090000", "22070000", "23020000", "24160000",
       "24930000", "26020000", "27210000", "28000000", "28950000",
       "30060000", "31020000", "32170000", "32960000", "34270000",
       "35070000", "36010000", "36970000", "38070000", "39020000",
       "39970000", "41220000", "42060000", "43290000", "44060000",
       "44940000", "46020000", "47020000", "48050000", "49230000",
       "50060000", "51290000", "52010000", "52920000", "54030000",
       "55040000", "56330000", "57010000", "58340000", "59060000",
       "59930000", "60970000", "62250000", "63060000", "63980000",
       "64980000", "66360000", "67070000", "67970000", "68960000" ]
   chunks:
      - { path:"Recordings/Action_20171122T133308/recording.avi",
          startFrameIdx:0 }
