<?xml version="1.0"?>
<opencv_storage>
<keyPoints>
  2.8147280883789062e+002 4.6596946716308594e+001
  1.5568420410156250e+001 3.0094415283203125e+002
  1.5580130004882812e+002 0 -1 3.9861767578125000e+002
  4.6960628509521484e+001 1.4423077583312988e+001
  3.0660211181640625e+002 1.3248074340820313e+002 0 -1
  2.7925558471679687e+002 5.2617679595947266e+001
  1.4219514846801758e+001 7.6432006835937500e+001
  4.7170982360839844e+001 0 -1 3.9729736328125000e+002
  8.2700843811035156e+001 1.6593750000000000e+001
  1.6048934936523437e+001 1.1775781250000000e+002 0 -1
  2.9354675292968750e+002 1.0654414367675781e+002
  1.3861818313598633e+001 2.4452026367187500e+002
  3.7281555175781250e+001 0 -1 1.9241453552246094e+002
  1.0738797760009766e+002 1.4428570747375488e+001
  2.5452716064453125e+002 5.1440475463867188e+001 0 -1
  2.0024827575683594e+002 1.0692745208740234e+002
  1.1684209823608398e+001 2.8329272460937500e+002
  3.1052627563476563e+001 0 -1 2.0337278747558594e+002
  1.0660404968261719e+002 1.1351229667663574e+001
  2.9086578369140625e+002 4.2551879882812500e+001 0 -1
  4.0698916625976562e+002 1.0733158111572266e+002
  1.3319999694824219e+001 2.7114801025390625e+002
  5.7210006713867188e+001 0 -1 4.0493087768554687e+002
  1.0752574920654297e+002 1.3987955093383789e+001
  2.6535638427734375e+002 6.0839080810546875e+001 0 -1
  2.2042088317871094e+002 1.2363362121582031e+002 15.
  1.4087409019470215e+001 5.8375000000000000e+001 0 -1
  3.2145431518554687e+002 1.2346884155273438e+002
  1.6539649963378906e+001 2.4376289367675781e+001
  6.6427810668945312e+001 0 -1 2.3830656433105469e+002
  1.5481210327148437e+002 15. 3.4501531982421875e+002 48. 0 -1
  2.3930589294433594e+002 1.5480781555175781e+002
  1.4600000381469727e+001 3.4755541992187500e+002
  4.0816665649414063e+001 0 -1 2.5005603027343750e+002
  1.5501878356933594e+002 1.2797798156738281e+001
  3.5973043823242187e+002 3.4134170532226563e+001 0 -1
  3.6138543701171875e+002 1.5596905517578125e+002
  1.3550031661987305e+001 1.7343028259277344e+002
  4.4113830566406250e+001 0 -1 4.9778579711914062e+002
  1.7933522033691406e+002 1.3641509056091309e+001
  1.8954042053222656e+002 6.2983489990234375e+001 0 -1
  2.3696697998046875e+002 1.9629115295410156e+002
  1.4719812393188477e+001 2.1065322875976562e+002
  6.4747192382812500e+001 0 -1 2.4325000000000000e+002
  1.9675000000000000e+002 18. 3.1647741699218750e+002
  1.1233300781250000e+002 0 -1 3.6775000000000000e+002
  1.9675000000000000e+002 18. 2.7968426513671875e+002
  7.9444335937500000e+001 0 -1 3.6970468139648437e+002
  1.9645799255371094e+002 1.5230815887451172e+001
  3.0221646118164062e+002 5.6188125610351562e+001 0 -1
  2.4835655212402344e+002 1.9664379882812500e+002
  1.3236412048339844e+001 3.3663006591796875e+002
  9.5014739990234375e+001 0 -1 3.6288510131835937e+002
  1.9744329833984375e+002 1.3184209823608398e+001
  2.1010621643066406e+002 7.7480255126953125e+001 0 -1
  3.7401712036132813e+002 1.9707684326171875e+002 15.
  3.3746749877929687e+002 6.6250000000000000e+001 0 -1
  2.3793856811523437e+002 1.9924888610839844e+002
  1.2359999656677246e+001 1.8127911376953125e+002
  6.3089996337890625e+001 0 -1 3.6494915771484375e+002
  2.0014073181152344e+002 1.0655172348022461e+001
  1.7556271362304687e+002 3.0728450775146484e+001 0 -1
  2.3909509277343750e+002 2.0208300781250000e+002
  1.1783504486083984e+001 1.3315541076660156e+002
  6.7063140869140625e+001 0 -1 2.4739337158203125e+002
  2.0219638061523437e+002 1.2041095733642578e+001
  3.3932682037353516e+001 6.7001708984375000e+001 0 -1
  3.6247372436523437e+002 2.0444500732421875e+002
  1.4052631378173828e+001 1.3693646240234375e+002
  3.8223693847656250e+001 0 -1 3.7053833007812500e+002
  2.0459480285644531e+002 1.1527820587158203e+001
  6.4338241577148438e+001 4.3571456909179688e+001 0 -1
  3.7443185424804687e+002 2.0466004943847656e+002
  1.3186046600341797e+001 3.8975780487060547e+001
  3.6840118408203125e+001 0 -1 2.3857714843750000e+002
  2.7150595092773437e+002 1.4483955383300781e+001
  7.4807250976562500e+001 3.6891326904296875e+001 0 -1
  2.4905281066894531e+002 2.7153417968750000e+002
  1.3364641189575195e+001 1.2012676239013672e+001
  3.6184715270996094e+001 0 -1 3.6188507080078125e+002
  2.7205444335937500e+002 1.3857143402099609e+001
  1.5363545227050781e+002 4.8011901855468750e+001 0 -1
  3.7356964111328125e+002 2.7189785766601562e+002
  1.3216217041015625e+001 1.0784497261047363e+001
  3.8760147094726562e+001 0 -1 2.4568493652343750e+002
  2.8851196289062500e+002 1.4250000000000000e+001
  5.1263710021972656e+001 3.3250000000000000e+001 0 -1
  2.9050201416015625e+002 3.1728512573242187e+002
  1.3559999465942383e+001 2.3240596008300781e+002
  3.2845001220703125e+001 0 -1 3.1565975952148437e+002
  3.1746707153320312e+002 1.3390494346618652e+001
  2.1397874450683594e+002 3.5913658142089844e+001 0 -1
  3.2074945068359375e+002 3.1808584594726562e+002
  1.3500000000000000e+001 3.4598983764648437e+002
  3.2625000000000000e+001 0 -1 2.9113723754882812e+002
  3.2184417724609375e+002 1.3750000000000000e+001
  8.4931526184082031e+001 7.1041671752929688e+001 0 -1
  2.9344744873046875e+002 3.2232257080078125e+002
  1.2809523582458496e+001 6.0531444549560547e+001
  7.7573410034179687e+001 0 -1 3.1642153930664062e+002
  3.2164697265625000e+002 1.3965517044067383e+001
  1.1616439819335937e+002 6.2556030273437500e+001 0 -1
  3.1896423339843750e+002 3.2232388305664062e+002
  1.3699644088745117e+001 6.9209510803222656e+001
  8.7612411499023438e+001 0 -1 2.8082714843750000e+002
  4.6469650268554687e+001 2.0868766784667969e+001
  3.1151098632812500e+002 1.6393447875976562e+002 1 -1
  3.9757357788085937e+002 4.7009048461914063e+001
  2.0767141342163086e+001 2.7603317260742187e+002
  1.3492672729492188e+002 1 -1 1.6076153564453125e+002
  1.0203707122802734e+002 2.1018316268920898e+001
  4.3252304077148438e+001 5.3266693115234375e+001 1 -1
  1.8889756774902344e+002 1.0265054321289062e+002
  1.8572919845581055e+001 2.7234082031250000e+002
  3.9142036437988281e+001 1 -1 3.0547402954101562e+002
  1.0664688873291016e+002 1.5718812942504883e+001
  2.7251788330078125e+002 3.2313796997070313e+001 1 -1
  1.9220376586914062e+002 1.0846372985839844e+002
  1.7896409988403320e+001 2.5008834838867187e+002
  6.0004043579101563e+001 1 -1 2.9339926147460937e+002
  1.0817779541015625e+002 1.9338485717773438e+001
  2.2964555358886719e+002 4.8539138793945313e+001 1 -1
  2.4542678833007812e+002 1.1321992492675781e+002
  1.9272224426269531e+001 2.8072799682617188e+001
  3.8588409423828125e+001 1 -1 3.6625000000000000e+002
  1.1425000000000000e+002 1.8310344696044922e+001
  2.0990174865722656e+002 3.6038787841796875e+001 1 -1
  2.3832879638671875e+002 1.5446813964843750e+002
  1.5857142448425293e+001 3.4269854736328125e+002
  4.5446426391601563e+001 1 -1 2.4102667236328125e+002
  1.7159898376464844e+002 1.9315969467163086e+001
  2.9931817626953125e+002 4.3317840576171875e+001 1 -1
  3.6548730468750000e+002 1.7239921569824219e+002
  1.8727386474609375e+001 2.7573477172851562e+002
  4.0554885864257813e+001 1 -1 3.7401712036132813e+002
  1.9707684326171875e+002 15. 3.3746749877929687e+002
  6.5250000000000000e+001 1 -1 3.5797085571289063e+002
  1.9890148925781250e+002 1.8060417175292969e+001
  1.8293838500976562e+002 1.1286039733886719e+002 1 -1
  2.3660867309570312e+002 2.0373553466796875e+002
  1.6460809707641602e+001 1.3135931396484375e+002
  3.5956863403320312e+001 1 -1 2.4253192138671875e+002
  2.0362803649902344e+002 1.7855558395385742e+001
  6.9815849304199219e+001 1.1089078521728516e+002 1 -1
  3.6258389282226562e+002 2.0475149536132812e+002
  1.4584568023681641e+001 1.3484744262695312e+002
  3.6196666717529297e+001 1 -1 3.7445867919921875e+002
  2.0507159423828125e+002 1.4548252105712891e+001
  3.8029994964599609e+001 3.6077865600585938e+001 1 -1
  3.6259573364257812e+002 2.0503106689453125e+002
  1.6194913864135742e+001 1.3260494995117187e+002
  3.4686752319335938e+001 1 -1 2.4175000000000000e+002
