<?xml version="1.0"?>
<opencv_storage>
<keyPoints>
  2.4520960998535156e+002 1.1706744384765625e+002
  1.4285714149475098e+001 2.5954110717773437e+002
  5.3047622680664063e+001 0 -1 3.6593716430664062e+002
  1.1804484558105469e+002 1.2921094894409180e+001
  2.5713330078125000e+002 4.8595031738281250e+001 0 -1
  2.4507051086425781e+002 1.7383969116210937e+002
  1.4175540924072266e+001 2.4465545654296875e+002
  5.7964218139648438e+001 0 -1 3.6482382202148437e+002
  1.7399694824218750e+002 1.3434782981872559e+001
  2.7956570434570312e+002 4.9315231323242188e+001 0 -1
  2.4470814514160156e+002 2.3051548767089844e+002
  1.3309463500976563e+001 1.0689598846435547e+002
  6.0101577758789063e+001 0 -1 3.6492507934570312e+002
  2.3089878845214844e+002 1.4435558319091797e+001
  3.3551968383789062e+002 5.4955413818359375e+001 0 -1
  2.4375151062011719e+002 2.8703991699218750e+002
  1.3528301239013672e+001 2.3057405471801758e+001
  5.8719329833984375e+001 0 -1 3.6477838134765625e+002
  2.8686691284179687e+002 1.3645160675048828e+001
  3.2100490570068359e+001 6.6330642700195312e+001 0 -1
  3.6633569335937500e+002 1.1830096435546875e+002
  2.4382202148437500e+001 2.8922271728515625e+002
  3.6017345428466797e+001 2 -1 2.4473043823242187e+002
  2.3044931030273438e+002 2.4666667938232422e+001
  8.8018943786621094e+001 5.5111103057861328e+001 2 -1
  2.4401690673828125e+002 2.8727362060546875e+002 21.
  2.9839839935302734e+001 4.4666667938232422e+001 2 -1
  3.6469021606445312e+002 2.8690701293945312e+002
  2.1947368621826172e+001 4.6360118865966797e+001
  5.1370616912841797e+001 2 -1 2.4599427795410156e+002
  1.1753828430175781e+002 4.8967742919921875e+001
  2.7628198242187500e+002 3.2033599853515625e+001 4 -1
  2.4516268920898437e+002 1.7356700134277344e+002
  4.8080444335937500e+001 2.7479452514648437e+002
  3.4000305175781250e+001 4 -1</keyPoints>
<descriptors type_id="opencv-matrix">
  <rows>14</rows>
  <cols>64</cols>
  <dt>u</dt>
  <data>
    75 254 239 243 249 225 131 142 12 29 63 255 253 255 255 255 191 125
    244 177 143 255 56 142 6 97 247 46 23 124 120 227 31 127 255 255 207
    156 243 158 255 156 147 49 50 225 255 255 59 133 114 115 187 108 55
    39 217 124 255 54 27 141 153 11 255 159 243 255 119 226 132 239 127
    103 254 249 247 223 126 242 233 255 255 255 156 0 56 194 231 251 255
    153 33 252 252 255 255 255 127 135 61 254 223 57 198 128 208 157 255
    127 130 36 210 129 243 243 251 255 27 16 168 235 101 36 203 127 162
    255 255 255 255 115 16 32 192 160 227 207 31 255 249 255 255 255 191
    127 196 49 142 243 24 135 0 0 32 227 25 255 124 227 191 255 255 255
    255 255 243 158 247 156 3 48 0 2 32 153 219 32 0 240 251 255 255 255
    251 124 126 62 19 8 16 0 95 204 255 255 247 99 130 128 0 147 127 255
    243 223 127 255 255 255 255 115 140 129 8 140 0 32 31 32 0 126 252
    239 127 255 255 255 255 255 243 24 196 0 3 17 176 253 255 62 0 229
    243 243 255 255 255 255 249 124 100 52 26 231 239 207 79 254 63 147
    153 33 129 132 196 217 19 146 241 239 255 255 255 123 236 121 175
    251 249 143 132 0 128 192 255 187 36 128 27 255 255 255 255 188 243
    158 255 30 195 49 0 2 125 223 255 191 71 227 251 255 255 255 255 44
    70 36 16 8 25 0 235 255 255 243 240 224 129 231 103 13 30 248 241
    255 255 255 191 127 252 113 143 227 56 143 0 224 255 255 123 255 255
    255 63 125 242 255 255 27 226 144 199 252 255 125 3 225 7 4 255 255
    223 239 255 247 112 242 223 104 254 255 255 207 159 63 255 255 239
    241 240 224 128 131 3 199 31 255 248 247 255 255 191 255 246 49 142
    243 56 142 195 225 119 175 123 239 60 227 29 127 255 253 239 28 195
    24 231 16 147 57 187 255 127 30 222 255 246 247 187 244 119 183 209
    104 116 63 2 193 229 255 255 141 243 116 127 110 132 129 243 231 206
    251 255 253 230 210 203 110 253 255 255 239 24 132 0 32 113 251 121
    71 240 255 255 255 239 138 115 254 252 255 223 17 19 49 17 19 0 1
    128 224 242 243 255 183 185 121 120 223 235 32 0 0 16 0 255 159 255
    23 48 112 224 144 129 199 127 255 255 239 38 241 206 123 197 17 130
    243 188 239 243 5 0 64 0 103 252 243 75 3 0 128 148 59 79 8 247 94
    52 35 0 6 33 0 200 100 48 0 0 8 2 64 246 171 20 170 0 8 89 58 255
    252 255 247 243 243 131 128 128 151 63 127 177 71 255 255 255 255
    255 113 138 243 60 140 131 1 97 198 191 255 255 175 57 124 252 241
    159 255 255 156 231 0 2 33 49 114 249 191 11 247 125 192 50 4 0 8 22
    239 65 32 0 32 161 214 255 255 239 241 240 224 128 195 195 207 31
    255 240 247 255 127 191 121 196 49 140 227 56 207 231 249 107 135 59
    111 60 231 191 127 255 253 239 153 195 28 198 16 208 133 255 255 27
    2 200 96 112 241 25 0 36 252 223 1 64 97 251 247 255 255 255 159 243
    255 31 32 128 192 225 195 255 255 255 255 39 176 201 127 255 255 140
    64 8 194 0 0 0 0 0 3 188 241 255 159 117 134 49 254 254 57 196 0 0
    32 0 22 0 0 201 100 48 241 95 54 0 16 36 203 96 36 24 0 16 48 251
    255 239 241 112 32 128 128 128 129 15 255 240 195 143 63 190 112 228
    63 174 227 8 140 128 0 0 64 24 99 60 227 8 3 142 127 0 0 192 114 198
    1 2 49 0 2 0 129 201 100 50 17 144 252 255 247 233 80 104 32 0 8 16
    48 255 255 239 115 16 32 128 225 97 65 2 241 240 255 255 255 191 127
    228 49 140 96 0 128 96 176 31 57 64 0 0 227 31 255 255 255 255 156
    227 28 198 16 193 152 204 25 0 193 32 128 114 243 155 4 38 48 223
    125 103 36 155 231 118 16</data></descriptors>
</opencv_storage>
