%YAML:1.0
---
recording:
   type: VideoRecording
   recordId: Action_20171122T133324
   channelId: main
   timeStamp: "131558312047330000"
   sessionTimestamp: "0"
   width: 0
   height: 0
   frameCount: 63
   fps: 2.9969999999999999e+001
   recordingType: 2000
   frameTransformRect: [ [ -1, -1 ], [ -1, -1 ], [ -1, -1 ], [ -1, -1 ] ]
   trackingMode: 1
   segments:
      - { startFrame:0, stopFrame:56, segmentType:1000, focusFrame:-1,
          focusPoint:{ values:[ -1., -1. ], type:Vector2 }, isFragment:0 }
   framesRelTs: [ "0", "560000", "1460000", "2680000", "3380000",
       "4490000", "5460000", "6420000", "7380000", "8490000", "9490000",
       "10500000", "11420000", "12610000", "13640000", "14460000",
       "15490000", "16530000", "17440000", "18580000", "19380000",
       "20510000", "21670000", "22440000", "23430000", "24520000",
       "25500000", "26460000", "27360000", "28640000", "29460000",
       "30600000", "31410000", "32470000", "33470000", "34420000",
       "35360000", "36500000", "37460000", "38540000", "39420000",
       "40510000", "41510000", "42510000", "43420000", "44520000",
       "45650000", "46420000", "47380000", "48380000", "49500000",
       "50430000", "51390000", "52500000", "53510000", "54430000",
       "55380000", "56340000", "57470000", "58410000", "59380000",
       "60360000", "61470000" ]
   chunks:
      - { path:"Recordings/Action_20171122T133324/recording.avi",
          startFrameIdx:0 }
