<?xml version="1.0"?>
<opencv_storage>
<keyPoints>
  3.8908050537109375e+002 2.8853099822998047e+001
  1.3257572174072266e+001 1.7542686462402344e+002
  3.8177581787109375e+001 0 -1 3.8879260253906250e+002
  3.1740182876586914e+001 1.1761904716491699e+001
  2.1059045410156250e+002 3.6049606323242187e+001 0 -1 280. 45. 18.
  2.8404492187500000e+002 64. 0 -1 3.9881253051757812e+002
  4.7333587646484375e+001 1.4125320434570313e+001
  3.8071781158447266e+001 1.2560314941406250e+002 0 -1
  2.7963113403320312e+002 5.2802211761474609e+001
  1.3296395301818848e+001 7.4444908142089844e+001
  4.5088211059570313e+001 0 -1 4.3159475708007812e+002
  6.2527210235595703e+001 1.3818946838378906e+001
  2.2010598754882813e+002 7.9415908813476562e+001 0 -1
  4.4568789672851562e+002 6.2786163330078125e+001 13.
  3.3202457427978516e+001 4.2458335876464844e+001 0 -1
  2.0568421936035156e+002 7.2109184265136719e+001 14.
  2.5226112365722656e+001 1.2733331298828125e+002 0 -1
  2.6890011596679687e+002 7.2406074523925781e+001
  1.4365385055541992e+001 2.9353085327148437e+002
  1.4808172607421875e+002 0 -1 2.0557228088378906e+002
  7.6381713867187500e+001 1.3229784011840820e+001
  6.0859985351562500e+001 1.1144192504882812e+002 0 -1
  2.6868212890625000e+002 7.6547599792480469e+001
  1.3699476242065430e+001 3.0357321166992188e+002
  1.1957867431640625e+002 0 -1 3.4479846191406250e+002
  7.7396263122558594e+001 1.4054971694946289e+001
  1.5823141479492187e+002 1.5592932128906250e+002 0 -1
  4.3160464477539062e+002 7.7693168640136719e+001
  1.3961538314819336e+001 8.5240074157714844e+001
  6.7778854370117188e+001 0 -1 2.3731420898437500e+002
  9.8379585266113281e+001 1.4323272705078125e+001
  5.9479526519775391e+001 3.8333763122558594e+001 0 -1
  3.8062442016601562e+002 1.0043971252441406e+002
  1.3728807449340820e+001 2.7739163208007812e+002
  3.4353988647460938e+001 0 -1 4.4075033569335937e+002
  1.1562841796875000e+002 1.3222221374511719e+001
  2.9050164794921875e+002 3.9560180664062500e+001 0 -1
  4.3506427001953125e+002 1.1774162292480469e+002
  1.1727272987365723e+001 2.9041021728515625e+002
  4.2045455932617187e+001 0 -1 4.4643762207031250e+002
  1.1741338348388672e+002 1.2533227920532227e+001
  2.9949523925781250e+002 3.7346939086914062e+001 0 -1
  4.7575488281250000e+002 1.1857272338867187e+002
  1.4647058486938477e+001 2.8117761230468750e+002
  4.1654411315917969e+001 0 -1 4.6941003417968750e+002
  1.2526827239990234e+002 1.4242105484008789e+001
  2.6532247924804687e+002 1.2163290405273438e+002 0 -1
  4.9067062377929687e+002 1.2918086242675781e+002
  1.2214286804199219e+001 3.2180651855468750e+002
  3.2035705566406250e+001 0 -1 4.6751098632812500e+002
  1.2947224426269531e+002 1.4487613677978516e+001
  1.4225859069824219e+002 1.5225054931640625e+002 0 -1
  4.9285836791992187e+002 1.3428129577636719e+002
  1.4520000457763672e+001 2.2198198318481445e+001
  4.4205001831054687e+001 0 -1 4.6880761718750000e+002
  1.3599322509765625e+002 1.2688495635986328e+001
  1.1001721191406250e+002 4.3267745971679688e+001 0 -1
  4.3241787719726562e+002 1.3938124084472656e+002 15.
  9.2864952087402344e+001 4.1875000000000000e+001 0 -1
  2.3679814147949219e+002 1.6421423339843750e+002
  1.2666666984558105e+001 2.1438922119140625e+002
  3.8222221374511719e+001 0 -1 3.8053341674804687e+002
  1.6649801635742187e+002 1.3972707748413086e+001
  2.3942420959472656e+002 3.8221725463867188e+001 0 -1
  4.7960769653320312e+002 1.6872518920898437e+002
  1.4478260993957520e+001 2.8234539794921875e+002
  4.5961959838867188e+001 0 -1 4.8771456909179687e+002
  1.6867259216308594e+002 1.4168523788452148e+001
  3.0829003906250000e+002 6.5718643188476563e+001 0 -1
  4.3627947998046875e+002 1.7084176635742187e+002
  1.4714284896850586e+001 2.8859481811523437e+002
  3.4148811340332031e+001 0 -1 4.3067532348632812e+002
  1.7533589172363281e+002 1.2319149017333984e+001
  3.0012054443359375e+002 4.4066482543945313e+001 0 -1
  4.7257943725585937e+002 1.7536273193359375e+002
  1.4557894706726074e+001 2.3500621032714844e+002
  1.3363290405273437e+002 0 -1 4.4959597778320312e+002
  1.7685795593261719e+002 1.3750000000000000e+001
  3.1052423095703125e+002 4.4020835876464844e+001 0 -1
  4.4630715942382812e+002 1.9081123352050781e+002
  1.3434782981872559e+001 5.5219638824462891e+001
  3.6657615661621094e+001 0 -1 4.7580957031250000e+002
  1.9181065368652344e+002 1.3043478012084961e+001
  9.5734611511230469e+001 4.2695648193359375e+001 0 -1
  4.4013735961914062e+002 1.9447396850585937e+002
  1.3769230842590332e+001 7.9116607666015625e+001
  4.4695510864257813e+001 0 -1 4.9036184692382812e+002
  2.1860850524902344e+002 1.2507064819335937e+001
  3.1520758056640625e+002 4.1396652221679688e+001 0 -1
  4.8313549804687500e+002 2.1921571350097656e+002
  1.2521739006042480e+001 2.9419378662109375e+002
  5.2173904418945312e+001 0 -1 4.3550207519531250e+002
  2.2866592407226562e+002 1.3959510803222656e+001
  2.5760156250000000e+002 5.5984313964843750e+001 0 -1
  4.5488824462890625e+002 2.2958909606933594e+002
  1.6440000534057617e+001 2.7552280426025391e+001
  5.4845001220703125e+001 0 -1 4.5700067138671875e+002
  2.3196928405761719e+002 1.3994192123413086e+001
  1.0173103332519531e+002 7.7185134887695313e+001 0 -1
  4.3249816894531250e+002 2.3368435668945312e+002
  1.4578056335449219e+001 1.4933489990234375e+002
  1.6089721679687500e+002 0 -1 4.7896008300781250e+002
  2.3617861938476562e+002 1.2365853309631348e+001
  7.8924041748046875e+001 3.5076217651367188e+001 0 -1
  4.8154550170898437e+002 2.3963624572753906e+002
  1.4250000000000000e+001 8.5030654907226562e+001
  3.4687500000000000e+001 0 -1 4.5550225830078125e+002
  2.4136589050292969e+002 1.4142857551574707e+001
  5.1987716674804688e+001 3.7785713195800781e+001 0 -1
  4.3759338378906250e+002 2.4752272033691406e+002
  1.4250000000000000e+001 9.6077095031738281e+001
  4.9812500000000000e+001 0 -1 3.9562902832031250e+002
  4.8017211914062500e+001 1.7024158477783203e+001
  4.2010784149169922e+001 9.4299392700195313e+001 1 -1
  2.3723367309570312e+002 9.8220787048339844e+001
  1.5414216041564941e+001 5.9823032379150391e+001
  3.7709365844726563e+001 1 -1 3.8019735717773437e+002
  9.9144744873046875e+001 1.8857143402099609e+001
  3.1217877197265625e+002 3.5142860412597656e+001 1 -1
  4.3448834228515625e+002 1.1817709350585937e+002
  1.4510676383972168e+001 2.7043896484375000e+002
  4.2377845764160156e+001 1 -1 4.9134573364257812e+002
  1.2392695617675781e+002 2.0279279708862305e+001
  3.3188787841796875e+002 3.7937900543212891e+001 1 -1
  4.4688604736328125e+002 1.2536267089843750e+002
  1.9325582504272461e+001 2.5803643798828125e+002
  4.7049407958984375e+001 1 -1 4.6754693603515625e+002
  1.2875360107421875e+002 1.8337932586669922e+001
  1.7884451293945313e+002 1.5789221191406250e+002 1 -1
  4.8870330810546875e+002 1.2881983947753906e+002
  2.1315790176391602e+001 3.4969079589843750e+002
  3.8901321411132813e+001 1 -1 4.9287649536132812e+002
  1.3420953369140625e+002 15. 2.2191900253295898e+001
  4.2250000000000000e+001 1 -1 2.4467854309082031e+002
  1.6520162963867187e+002 17. 2.6112579345703125e+002
  3.1041666030883789e+001 1 -1 3.8004980468750000e+002
  1.6492245483398437e+002 2.0645183563232422e+001
  2.6937680053710937e+002 3.5965293884277344e+001 1 -1
  4.8638354492187500e+002 1.7269444274902344e+002
  1.7200000762939453e+001 3.2033270263671875e+002
  3.9266677856445313e+001 1 -1 4.3698126220703125e+002
  1.7437829589843750e+002 1.8196249008178711e+001
  3.0351034545898437e+002 3.5022888183593750e+001 1 -1
  4.2525909423828125e+002 1.8103231811523437e+002
  1.7856309890747070e+001 1.7159811401367187e+002
  1.5139126586914062e+002 1 -1 4.3142138671875000e+002
  1.9382942199707031e+002 1.9239791870117188e+001
  1.0199644470214844e+002 3.7365463256835938e+001 1 -1
  4.8905416870117187e+002 2.2246646118164062e+002
  1.7275861740112305e+001 3.2957666015625000e+002
  3.0211212158203125e+001 1 -1 4.7517633056640625e+002
