<?xml version="1.0"?>
<opencv_storage>
<keyPoints>
  2.8145776367187500e+002 4.6579868316650391e+001
  1.5494845390319824e+001 3.0727453613281250e+002
  1.5345489501953125e+002 0 -1 3.9862716674804687e+002
  4.6941806793212891e+001 1.4250000000000000e+001
  3.0816156005859375e+002 1.3231250000000000e+002 0 -1
  2.7920578002929688e+002 5.2583042144775391e+001
  1.4069856643676758e+001 7.3660079956054688e+001
  4.9773284912109375e+001 0 -1 3.9736889648437500e+002
  8.2648460388183594e+001 1.6135135650634766e+001
  3.4239526367187500e+002 1.2157431030273437e+002 0 -1
  2.9355252075195312e+002 1.0655875396728516e+002
  1.3838015556335449e+001 2.4421507263183594e+002
  3.7460960388183594e+001 0 -1 1.9209135437011719e+002
  1.0741526794433594e+002 1.4700000762939453e+001
  2.5134948730468750e+002 5.1050003051757812e+001 0 -1
  4.0686376953125000e+002 1.0732398986816406e+002
  1.3250000000000000e+001 2.7244354248046875e+002
  5.7041671752929687e+001 0 -1 4.0505496215820312e+002
  1.0747821044921875e+002 1.4695302963256836e+001
  2.6673535156250000e+002 5.5932952880859375e+001 0 -1
  3.6834191894531250e+002 1.1868959045410156e+002
  1.6521587371826172e+001 2.5696502685546875e+002
  3.5543815612792969e+001 0 -1 2.4952557373046875e+002
  1.1829463958740234e+002 1.4099999427795410e+001
  3.4710174560546875e+002 3.1224998474121094e+001 0 -1
  3.2150115966796875e+002 1.2354108428955078e+002
  1.6075765609741211e+001 2.5019977569580078e+001
  6.6434432983398438e+001 0 -1 2.4842106628417969e+002
  1.7529241943359375e+002 1.4086956024169922e+001
  7.5403561592102051e+000 5.2782608032226563e+001 0 -1
  4.9782446289062500e+002 1.7924316406250000e+002
  1.3372881889343262e+001 1.8901982116699219e+002
  6.6544494628906250e+001 0 -1 3.4225296020507812e+002
  2.1920527648925781e+002 12. 9.4763656616210938e+001 32. 0 -1
  3.6366296386718750e+002 2.3255393981933594e+002 15.
  2.2231988525390625e+002 3.2125000000000000e+001 0 -1
  3.6420303344726562e+002 2.8939050292968750e+002
  1.5713682174682617e+001 1.1483802032470703e+002
  6.2051406860351562e+001 0 -1 2.9019909667968750e+002
  3.1715847778320312e+002 1.4181818008422852e+001
  2.1201997375488281e+002 3.4454551696777344e+001 0 -1
  3.1558831787109375e+002 3.1748278808593750e+002
  1.3517412185668945e+001 2.1056475830078125e+002
  3.6828018188476563e+001 0 -1 3.2068157958984375e+002
  3.1808862304687500e+002 1.3799999237060547e+001
  3.4852645874023438e+002 3.2900001525878906e+001 0 -1 319. 320. 15.
  5.8867145538330078e+001 3.0375000000000000e+001 0 -1
  2.9120565795898437e+002 3.2179067993164062e+002
  1.4485713958740234e+001 8.3117561340332031e+001
  6.7003570556640625e+001 0 -1 2.9302960205078125e+002
  3.2215432739257812e+002 1.3832150459289551e+001
  6.6870460510253906e+001 8.3406936645507812e+001 0 -1
  3.1631265258789063e+002 3.2162329101562500e+002
  1.3736843109130859e+001 1.1850380706787109e+002
  7.1592109680175781e+001 0 -1 3.1896273803710937e+002
  3.2228283691406250e+002 1.3440782546997070e+001
  7.1383064270019531e+001 8.9947723388671875e+001 0 -1
  2.8079522705078125e+002 4.6422183990478516e+001
  2.0354774475097656e+001 3.1473004150390625e+002
  1.6201347351074219e+002 1 -1 3.9749194335937500e+002
  4.6962532043457031e+001 2.0344066619873047e+001
  2.7414135742187500e+002 1.3335182189941406e+002 1 -1
  1.6068168640136719e+002 1.0201336669921875e+002 21.
  4.3963569641113281e+001 4.9054687500000000e+001 1 -1
  1.8900463867187500e+002 1.0254191589355469e+002
  1.8442363739013672e+001 2.6369677734375000e+002
  3.8183956146240234e+001 1 -1 1.9222045898437500e+002
  1.0848335266113281e+002 1.8427158355712891e+001
  2.4691905212402344e+002 5.9054122924804688e+001 1 -1
  2.9355291748046875e+002 1.0839913940429687e+002
  1.9912757873535156e+001 2.3111352539062500e+002
  4.7841262817382813e+001 1 -1 2.4772030639648437e+002
  1.7535388183593750e+002 1.6891237258911133e+001
  1.5116798400878906e+001 5.4114368438720703e+001 1 -1
  2.4665670776367188e+002 2.3250000000000000e+002 24.
  3.2052297973632812e+002 6.5786132812500000e+001 1 -1
  3.6790609741210937e+002 2.3237847900390625e+002
  2.2336456298828125e+001 2.7657965087890625e+002
  6.5776809692382813e+001 1 -1 2.4447850036621094e+002
  2.5853405761718750e+002 2.3768402099609375e+001
  3.9425086975097656e+001 2.2159423828125000e+002 1 -1
  2.9053448486328125e+002 3.2167745971679687e+002
  1.8523178100585938e+001 1.0015766906738281e+002
  6.9046051025390625e+001 1 -1 3.1590005493164062e+002
  3.2174645996093750e+002 15. 9.9244491577148438e+001
  7.0791625976562500e+001 1 -1 2.2929829406738281e+002
  5.5305500030517578e+001 2.8126186370849609e+001
  3.2750064086914062e+002 7.0704200744628906e+001 2 -1
  2.0347850036621094e+002 5.4722541809082031e+001
  2.8747552871704102e+001 3.2651940917968750e+002
  5.8749206542968750e+001 2 -1 2.4605923461914062e+002
  8.3675910949707031e+001 2.4884498596191406e+001
  1.7568710327148437e+001 1.9813610839843750e+002 2 -1
  3.9650000000000000e+002 8.4633903503417969e+001
  2.6960063934326172e+001 2.4770309448242187e+002
  1.7560284423828125e+002 2 -1 3.9722192382812500e+002
  8.4007141113281250e+001 2.6724534988403320e+001
  2.5084208679199219e+002 1.8102687072753906e+002 2 -1
  2.1264096069335937e+002 1.0056605529785156e+002
  2.6400001525878906e+001 3.3623010253906250e+002
  4.2799999237060547e+001 2 -1 1.8868727111816406e+002
  1.0310066986083984e+002 2.5500000000000000e+001
  3.3325552368164062e+002 3.6083332061767578e+001 2 -1
  4.0564813232421875e+002 1.0760424041748047e+002
  2.2352573394775391e+001 2.7280004882812500e+002
  5.4665424346923828e+001 2 -1 1.9273231506347656e+002
  1.0875000000000000e+002 18. 2.4631402587890625e+002
  5.4001953125000000e+001 2 -1 2.9250000000000000e+002 112. 36.
  2.4111091613769531e+002 59. 2 -1 2.4781723022460937e+002
  1.1896179962158203e+002 2.5012496948242187e+001
  3.5491329956054687e+002 3.9094207763671875e+001 2 -1
  3.6850390625000000e+002 1.1884525299072266e+002
  2.3042100906372070e+001 2.1399691772460938e+002
  4.1074890136718750e+001 2 -1 3.6723352050781250e+002
  1.4415020751953125e+002 2.7401611328125000e+001
  1.1861885833740234e+002 1.8848442077636719e+002 2 -1
  2.4796324157714844e+002 1.7587826538085937e+002
  1.9069189071655273e+001 2.1651990890502930e+001
  5.2040039062500000e+001 2 -1 3.6827865600585937e+002
  1.7545660400390625e+002 2.3817136764526367e+001
  7.2122238159179688e+001 5.2001575469970703e+001 2 -1
  4.9765457153320312e+002 1.7962535095214844e+002
  2.4606210708618164e+001 1.8268115234375000e+002
  6.3107891082763672e+001 2 -1 2.4652401733398438e+002
  2.3207054138183594e+002 2.6258293151855469e+001
  3.2696707153320312e+002 6.7853752136230469e+001 2 -1
  3.6788128662109375e+002 2.3186766052246094e+002
  2.5487632751464844e+001 2.7382421875000000e+002
  6.7178451538085937e+001 2 -1 2.4400990295410156e+002
  2.5854501342773437e+002 2.8333194732666016e+001
  3.1996980667114258e+001 2.1678527832031250e+002 2 -1
  3.6720697021484375e+002 2.5821978759765625e+002
  2.8319419860839844e+001 2.5465744018554687e+002
  1.9911308288574219e+002 2 -1 2.4621615600585937e+002
  2.8893029785156250e+002 2.3109380722045898e+001
  7.1715408325195313e+001 8.7591461181640625e+001 2 -1
  3.6693746948242187e+002 2.8871340942382812e+002
  2.8350997924804688e+001 8.5327018737792969e+001
  8.2811851501464844e+001 2 -1 2.9053634643554687e+002
  3.1757144165039063e+002 21. 1.3572686767578125e+002
  3.0541666030883789e+001 2 -1 2.2862280273437500e+002
  5.5185142517089844e+001 3.1513305664062500e+001
  2.0652647018432617e+001 7.0246307373046875e+001 3 -1
  2.0224255371093750e+002 5.6505569458007813e+001
  3.5822906494140625e+001 4.0401103973388672e+001
  6.1001571655273438e+001 3 -1 3.9728710937500000e+002
  8.4449844360351563e+001 24. 2.5232485961914063e+002
  1.7878125000000000e+002 3 -1 2.9516857910156250e+002
  1.1306775665283203e+002 39. 3.2354376220703125e+002
  6.3500000000000000e+001 3 -1 3.9474395751953125e+002
  1.1277421569824219e+002 3.7845417022705078e+001
