%YAML:1.0
---
chapterId: 1
title: Platte platzieren
description: ""
chapterType: 2001
options:
   locationAnnotation: 1
   customActionView: 1
   customValidationView: 1
sections:
   -
      sectionId: 1000
      sectionType: 1001
      channelId: main
      distance: 1.
      startFrame: 0
      stopFrame: 9
      focusFrame: 1
      focusPoint: { values:[ 640., 360. ], type:Vector2 }
      focusPose:
         rows: 2
         cols: 2
         values: [ 0., 0., 0., 0. ]
         type: Matrix
      focusROI:
         type: "Vector2[][]"
         values:
            []
      minDurationRelTS: "0"
      animationPeriod: "0"
      recordId: Action_20171124T114544
      homography:
         rows: 3
         cols: 3
         values: [ 9.6849564741737415e-001, 4.1468606737225182e-002,
             1.6176319435993097e+001, -4.1468606737225182e-002,
             9.6849564741737415e-001, 8.0102051796221431e+001, 0., 0.,
             1. ]
         type: Matrix
      similarities:
         []
      annotations:
         -
            source: [ 640., 0. ]
            target: [ 640., 720. ]
            sourceTrackingType: 3
            targetTrackingType: 3
            opacity: 8.9999997615814209e-001
            pulsingInterval: -1.
            color: [ 0, 0, 0 ]
            fadeIn: 0.
            fadeOut: 0.
            zIndex: -10
            annotationId: 1000000
            sectionId: 1000
            layer: 1
            command: ""
            startRelTS: "0"
            runPeriod: 23
            duration: -1.
            category: InitOverlay
            type: Animation
            path: "0001/00001000/init.avi"
            maskType: 2
            maskPath: ""
            maskAnimationInterval: 1.5000000000000000e+000
            radialMaskCenter: [ 5.0000000000000000e-001,
                5.0000000000000000e-001 ]
         -
            source: [ 170., -300. ]
            target: [ 170., -150. ]
            sourceTrackingType: 5
            targetTrackingType: 5
            opacity: 8.9999997615814209e-001
            pulsingInterval: -1.
            color: [ 0, 0, 0 ]
            fadeIn: 0.
            fadeOut: 0.
            zIndex: -10
            border:
               source: [ 640., 0. ]
               target: [ 640., 720. ]
               sourceTrackingType: 8
               targetTrackingType: 8
               opacity: 1.
               pulsingInterval: -1.
               color: [ 255, 192, 0 ]
               fadeIn: 0.
               fadeOut: 0.
               zIndex: 0
               annotationId: -1
               sectionId: -1
               layer: -1
               command: ""
               startRelTS: "0"
               runPeriod: 23
               duration: -1.
               category: Custom
               type: PenStroke
               points:
                  - []
               thickness: 4
               closedLoop: 1
               interpolateStroke: 0
               outlineColor: [ 0, 0, 0, 0 ]
               stippledLine: 0
               startConnector: 0
               endConnector: 0
            annotationId: 1000001
            sectionId: 1000
            layer: 1
            command: ""
            startRelTS: "0"
            runPeriod: 23
            duration: -1.
            category: InitInstructionVideo
            type: Animation
            path: "assets-ldpi/InstructionVideos/00001000.mp4"
            maskType: 1
            maskPath: ""
            maskAnimationInterval: 1.5000000000000000e+000
            radialMaskCenter: [ 5.0000000000000000e-001,
                5.0000000000000000e-001 ]
         -
            annotationId: 1000003
            sectionId: 1000
            layer: 3
            command: ""
            startRelTS: "0"
            runPeriod: 23
            duration: -1.
            category: InstructionVideo
            type: FileAnnotation
            path: "assets/InstructionVideos/00001000.mp4"
            title: Instruction Video
            printFlag: 0
            page: 1
            thumbnail: ""
            runDirectly: 0
         -
            modelSectionId: 24000
            counterSectionId: -1
            weightMapPath: "0024/00024000/discrMask.png"
            center:
               values: [ 1011., 609. ]
               type: Vector2
            errorThreshold: 5.0000000000000003e-002
            correctThreshold: 0.
            wrongThreshold: 1.
            lostCommand: ""
            failCommand: ""
            annotationId: 1000004
            sectionId: 1000
            layer: -1
            command: "renderer->command drawImageSequence&opacity=0.5&duration=0.1&fadeIn=0.5&fadeOut=0.5&trackingType=1&path=assets/misc/edit_validation.png&target=1011.000000 677.000000&command=tracker->command setSection=24000"
            startRelTS: "0"
            runPeriod: 23
            duration: -1.
            category: Technical
            type: ValidationElement
         -
            source: [ 6.3950000000000000e+002, 0. ]
            target: [ 6.3950000000000000e+002, 719. ]
            sourceTrackingType: 3
            targetTrackingType: 3
            opacity: 8.9999997615814209e-001
            pulsingInterval: -1.
            color: [ 0, 0, 0 ]
            fadeIn: 0.
            fadeOut: 0.
            zIndex: -10
            annotationId: 1000002
            sectionId: 1000
            layer: 0
            command: ""
            startRelTS: "0"
            runPeriod: 23
            duration: -1.
            category: ProceduralOverlay
            type: Animation
            path: "0001/00001000/action.avi"
            maskType: 32
            maskPath: ""
            maskAnimationInterval: 1.5000000000000000e+000
            radialMaskCenter: [ 5.0034773349761963e-001,
                5.0034773349761963e-001 ]
   -
      sectionId: 1001
      sectionType: 2001
      channelId: main
      distance: 1.
      startFrame: 10
      stopFrame: 105
      focusFrame: 57
      focusPoint: { values:[ 640., 360. ], type:Vector2 }
      focusPose:
         rows: 2
         cols: 2
         values: [ 0., 0., 0., 0. ]
         type: Matrix
      focusROI:
         type: "Vector2[][]"
         values:
            []
      minDurationRelTS: "2000000"
      animationPeriod: "0"
      recordId: Action_20171124T114544
      homography:
         rows: 3
         cols: 3
         values: [ 9.6849564741737415e-001, 4.1468606737225182e-002,
             1.6176319435993097e+001, -4.1468606737225182e-002,
             9.6849564741737415e-001, 8.0102051796221431e+001, 0., 0.,
             1. ]
         type: Matrix
      similarities:
         []
      annotations:
         []
   -
      sectionId: 1002
      sectionType: 1002
      channelId: main
      distance: 1.
      startFrame: 106
      stopFrame: 115
      focusFrame: 106
      focusPoint: { values:[ 640., 360. ], type:Vector2 }
      focusPose:
         rows: 2
         cols: 2
         values: [ 0., 0., 0., 0. ]
         type: Matrix
      focusROI:
         type: "Vector2[][]"
         values:
            []
      minDurationRelTS: "0"
      animationPeriod: "0"
      recordId: Action_20171124T114544
      homography:
         rows: 3
         cols: 3
         values: [ 9.6849564741737415e-001, 4.1468606737225182e-002,
             1.6176319435993097e+001, -4.1468606737225182e-002,
             9.6849564741737415e-001, 8.0102051796221431e+001, 0., 0.,
             1. ]
         type: Matrix
      similarities:
         []
      annotations:
         -
            source: [ 640., 0. ]
            target: [ 640., 720. ]
            sourceTrackingType: 3
            targetTrackingType: 3
            opacity: 8.9999997615814209e-001
            pulsingInterval: -1.
            color: [ 0, 0, 0 ]
            fadeIn: 0.
            fadeOut: 0.
            zIndex: -10
            annotationId: 1002000
            sectionId: 1002
            layer: 1
            command: ""
            startRelTS: "0"
            runPeriod: 23
            duration: -1.
