<?xml version="1.0"?>
<opencv_storage>
<keyPoints>
  2.7122357177734375e+002 2.4357477188110352e+001
  1.3307691574096680e+001 9.1738143920898437e+001
  3.8926284790039063e+001 0 -1 2.6757034301757813e+002
  2.6362462997436523e+001 1.3864864349365234e+001
  9.3486900329589844e+001 4.8787155151367188e+001 0 -1
  3.4041729736328125e+002 2.6984472274780273e+001
  1.3904213905334473e+001 5.9595573425292969e+001
  3.1232292175292969e+001 0 -1 3.9070520019531250e+002
  2.6984014511108398e+001 1.3312500000000000e+001
  9.8721717834472656e+001 3.6765625000000000e+001 0 -1
  3.7273565673828125e+002 3.9527614593505859e+001
  1.4972993850708008e+001 2.5404388427734375e+002
  4.5362289428710937e+001 0 -1 3.9631961059570312e+002
  4.3730102539062500e+001 1.7223007202148437e+001
  2.4976144409179687e+002 1.1671499633789062e+002 0 -1
  2.8128366088867187e+002 4.4622066497802734e+001
  1.4790697097778320e+001 2.6422610473632812e+002
  1.1030233764648437e+002 0 -1 2.4539805603027344e+002
  8.0631759643554688e+001 1.5461538314819336e+001
  2.4195806884765625e+002 1.3714422607421875e+002 0 -1
  3.9766384887695312e+002 8.3049644470214844e+001
  1.3878504753112793e+001 3.1765684127807617e+001
  1.1424417114257812e+002 0 -1 3.9428988647460937e+002
  8.5415534973144531e+001 1.4649999618530273e+001
  1.1462946319580078e+002 1.4270416259765625e+002 0 -1
  4.2140603637695312e+002 1.0035885620117187e+002
  1.3799999237060547e+001 2.1391125488281250e+002
  3.3349998474121094e+001 0 -1 2.1593835449218750e+002
  1.0081580352783203e+002 1.3714286804199219e+001
  2.6596508789062500e+002 4.9714294433593750e+001 0 -1
  3.1753570556640625e+002 1.0135177612304687e+002
  1.3971578598022461e+001 2.5651715087890625e+002
  5.1602920532226563e+001 0 -1 3.9035934448242187e+002
  1.0083209991455078e+002 15. 2.3491018676757812e+002
  3.5125000000000000e+001 0 -1 3.9427035522460937e+002
  1.0147296905517578e+002 1.2398237228393555e+001
  2.7974676513671875e+002 3.3132781982421875e+001 0 -1
  4.1945751953125000e+002 1.0163288116455078e+002
  1.3500000000000000e+001 2.2994529724121094e+002
  4.6875000000000000e+001 0 -1 2.1867037963867187e+002
  1.0431748962402344e+002 1.4777776718139648e+001
  2.9275579833984375e+002 3.6893516540527344e+001 0 -1
  3.1802804565429687e+002 1.0406758880615234e+002
  1.2692307472229004e+001 2.6413708496093750e+002
  3.2173072814941406e+001 0 -1 3.1955679321289063e+002
  1.0466616058349609e+002 15. 2.7572967529296875e+002
  3.8375000000000000e+001 0 -1 3.0468249511718750e+002
  1.0563805389404297e+002 1.0600000381469727e+001
  2.7271673583984375e+002 3.0816665649414063e+001 0 -1
  4.1844793701171875e+002 1.0651761627197266e+002
  1.5375000000000000e+001 2.6635571289062500e+002
  4.9062500000000000e+001 0 -1 3.0955743408203125e+002
  1.0846718597412109e+002 1.5940460205078125e+001
  2.7187643432617187e+002 4.8643783569335938e+001 0 -1
  4.1125625610351562e+002 1.0973207092285156e+002
  1.7861404418945313e+001 2.6820458984375000e+002
  4.2338790893554688e+001 0 -1 3.6664083862304687e+002
  1.1435892486572266e+002 1.3054054260253906e+001
  2.3216459655761719e+002 3.8570938110351562e+001 0 -1
  2.4851707458496094e+002 1.4460787963867187e+002
  1.4351351737976074e+001 3.1930147171020508e+001
  4.0841217041015625e+001 0 -1 3.6636199951171875e+002
  1.7147819519042969e+002 1.4006203651428223e+001
  1.5138354492187500e+002 3.9950546264648438e+001 0 -1
  4.9629357910156250e+002 1.7438282775878906e+002
  9.9017496109008789e+000 3.3076322078704834e+000
  5.6860015869140625e+001 0 -1 4.9524676513671875e+002
  1.7972598266601562e+002 1.2599999427795410e+001
  3.4699459838867187e+002 3.1174995422363281e+001 0 -1
  2.4581275939941406e+002 2.2680320739746094e+002
  1.4421531677246094e+001 9.6278762817382813e+001
  4.0433547973632813e+001 0 -1 3.6657971191406250e+002
  2.2740142822265625e+002 1.3964193344116211e+001
  1.0172241210937500e+002 3.7255783081054687e+001 0 -1
  3.4070690917968750e+002 2.4893518066406250e+002 12.
  1.2486966705322266e+002 49. 0 -1 2.4054472351074219e+002
  2.8432278442382812e+002 1.4714284896850586e+001
  2.0756170654296875e+002 3.4148811340332031e+001 0 -1
  2.5688085937500000e+002 3.2538113403320312e+002
  1.2599999427795410e+001 3.0439337158203125e+002
  5.7225006103515625e+001 0 -1 3.9473654174804687e+002
  4.7251285552978516e+001 2.1916503906250000e+001
  2.3699145507812500e+002 1.4401165771484375e+002 1 -1
  2.4542333984375000e+002 8.2182701110839844e+001 24.
  1.6051228332519531e+002 1.6507812500000000e+002 1 -1
  2.4493516540527344e+002 8.2936248779296875e+001
  2.0594211578369141e+001 1.5437774658203125e+002
  1.5856988525390625e+002 1 -1 3.9515594482421875e+002
  8.3543640136718750e+001 2.2331148147583008e+001
  1.8687823486328125e+002 1.5181927490234375e+002 1 -1
  3.1771899414062500e+002 1.0128514099121094e+002
  1.3358577728271484e+001 2.5636474609375000e+002
  4.6525321960449219e+001 1 -1 3.9035937500000000e+002
  1.0083209228515625e+002 15. 2.3491021728515625e+002
  3.2500000000000000e+001 1 -1 4.1897070312500000e+002
  1.0158735656738281e+002 1.8333044052124023e+001
  2.5794583129882812e+002 5.7027732849121094e+001 1 -1
  3.1850000000000000e+002 1.0650000000000000e+002 24.
  2.8735766601562500e+002 48. 1 -1 4.1182504272460937e+002
  1.0559018707275391e+002 2.0400001525878906e+001
  2.6226434326171875e+002 3.7599990844726563e+001 1 -1
  1.9189059448242187e+002 1.0765730285644531e+002
  2.1345443725585938e+001 2.2557063293457031e+002
  4.5394454956054688e+001 1 -1 2.0539855957031250e+002
  1.0724597167968750e+002 20. 2.6034442138671875e+002 32. 1 -1
  4.0930908203125000e+002 1.0825000000000000e+002
  1.9604366302490234e+001 2.6252688598632812e+002
  3.5952964782714844e+001 1 -1 4.1812951660156250e+002
  1.0761006927490234e+002 1.9344825744628906e+001
  2.7382626342773437e+002 5.3728439331054688e+001 1 -1
  3.6429577636718750e+002 1.1102357482910156e+002
  1.8949039459228516e+001 2.1601983642578125e+002
  3.3219558715820313e+001 1 -1 1.9165911865234375e+002
  1.2140326690673828e+002 19. 1.4178637695312500e+002
  3.2291671752929687e+001 1 -1 2.4433576965332031e+002
  1.4249418640136719e+002 2.3957717895507813e+001
  1.3064355468750000e+002 1.6183096313476562e+002 1 -1
  3.6323806762695312e+002 1.6829325866699219e+002
  1.8750000000000000e+001 1.3997529602050781e+002
  3.1062500000000000e+001 1 -1 3.6624771118164062e+002
  1.7132672119140625e+002 1.4566011428833008e+001
  1.5107493591308594e+002 3.9138278961181641e+001 1 -1
  4.9276959228515625e+002 1.7298223876953125e+002
  1.9925708770751953e+001 4.4292350769042969e+001
  3.2564643859863281e+001 1 -1 2.4541497802734375e+002
  2.2681166076660156e+002 1.8750000000000000e+001
  1.0102650451660156e+002 4.0125000000000000e+001 1 -1
  2.4450000000000000e+002 2.5650000000000000e+002 24.
  9.0852531433105469e+001 2.1844433593750000e+002 1 -1
  3.6660638427734375e+002 2.5650000000000000e+002 24.
  1.1344538116455078e+002 1.9339941406250000e+002 1 -1
  3.1400039672851562e+002 3.1967395019531250e+002
  1.8599998474121094e+001 1.6987260437011719e+002
  3.3049999237060547e+001 1 -1 2.7907540893554687e+002
  4.5433349609375000e+001 2.7260265350341797e+001
  1.1291674804687500e+002 1.7279402160644531e+002 2 -1
  3.9518194580078125e+002 4.6312129974365234e+001
  2.7321754455566406e+001 1.4040225219726562e+002
  1.4735533142089844e+002 2 -1 2.4513650512695312e+002
  8.2344383239746094e+001 2.6977058410644531e+001
  1.8244067382812500e+002 1.7423719787597656e+002 2 -1
  3.9550704956054687e+002 8.3858688354492187e+001
  2.1535234451293945e+001 1.9452752685546875e+002
  1.4382038879394531e+002 2 -1 2.9273388671875000e+002
  1.0089331054687500e+002 2.6478260040283203e+001
  2.3602438354492187e+002 4.1653980255126953e+001 2 -1
  3.9382199096679687e+002 1.0180610656738281e+002
  2.8408496856689453e+001 2.2109860229492188e+002
  5.3070537567138672e+001 2 -1 2.9408822631835938e+002
  1.0810958862304688e+002 2.5293319702148437e+001
  2.2182344055175781e+002 5.9944568634033203e+001 2 -1
