<?xml version="1.0"?>
<opencv_storage>
<keyPoints>
  3.1006433105468750e+002 2.6468412399291992e+001
  1.2750000000000000e+001 8.6816467285156250e+001
  4.1312500000000000e+001 0 -1 3.1464971923828125e+002
  2.6500898361206055e+001 1.2365853309631348e+001
  8.3335937500000000e+001 3.7076217651367188e+001 0 -1
  3.9091336059570312e+002 2.7710712432861328e+001 15.
  9.4711219787597656e+001 5.0375000000000000e+001 0 -1
  2.6584915161132812e+002 2.7150861740112305e+001
  1.5620690345764160e+001 9.1215599060058594e+001
  4.3280166625976563e+001 0 -1 2.6707238769531250e+002
  2.7460083007812500e+001 1.3666666030883789e+001
  8.9445861816406250e+001 5.0736114501953125e+001 0 -1
  2.2572708129882813e+002 2.9134088516235352e+001
  1.3400438308715820e+001 9.0893806457519531e+001
  3.3294456481933594e+001 0 -1 3.7455694580078125e+002
  4.2337917327880859e+001 1.4076922416687012e+001
  1.7882049560546875e+002 4.4336547851562500e+001 0 -1
  3.9844125366210937e+002 4.5569068908691406e+001
  1.4438796043395996e+001 5.1119689941406250e+000
  1.7151763916015625e+002 0 -1 2.7545669555664062e+002
  4.8487018585205078e+001 1.4250000000000000e+001
  1.4043627929687500e+002 5.0250000000000000e+001 0 -1
  2.7861318969726562e+002 5.1604129791259766e+001
  1.3689178466796875e+001 8.0367424011230469e+001
  5.2084548950195312e+001 0 -1 2.6741247558593750e+002
  7.0274909973144531e+001 1.5486486434936523e+001
  2.6675338745117187e+002 7.6246627807617188e+001 0 -1
  2.7157061767578125e+002 6.9580192565917969e+001
  1.4549999237060547e+001 2.8684872436523437e+002
  6.5612503051757813e+001 0 -1 2.0425344848632812e+002
  7.4813858032226562e+001 1.3470588684082031e+001
  2.6496466064453125e+002 5.5531860351562500e+001 0 -1
  2.0619857788085937e+002 7.5005554199218750e+001
  1.3500000000000000e+001 2.8629934692382812e+002 33. 0 -1
  2.6834652709960937e+002 7.5493133544921875e+001
  1.4288482666015625e+001 2.7160317993164062e+002
  5.6442428588867188e+001 0 -1 3.9017721557617187e+002
  2.7297370910644531e+001 1.7059207916259766e+001
  9.3618873596191406e+001 5.0400802612304688e+001 1 -1
  3.7418750000000000e+002 4.1568923950195313e+001 21.
  1.1189624023437500e+002 4.4294433593750000e+001 1 -1
  3.9685693359375000e+002 4.6459484100341797e+001 24.
  8.9302497863769531e+001 2.1142089843750000e+002 1 -1
  2.0568688964843750e+002 7.0464744567871094e+001
  2.3732425689697266e+001 2.7105221557617187e+002
  7.6776885986328125e+001 1 -1 3.8293646240234375e+002
  9.7232887268066406e+001 2.0772335052490234e+001
  2.8355316162109375e+002 4.2368125915527344e+001 1 -1
  3.7443750000000000e+002 4.1818923950195313e+001 21.
  1.1219859313964844e+002 4.4656982421875000e+001 2 -1
  2.7957495117187500e+002 4.5430290222167969e+001
  2.6415567398071289e+001 8.2139465332031250e+001
  2.0742674255371094e+002 2 -1 3.9715066528320312e+002
  4.6179630279541016e+001 2.5282321929931641e+001
  9.0568824768066406e+001 2.1017144775390625e+002 2 -1
  2.0322680664062500e+002 5.3444637298583984e+001
  2.9437500000000000e+001 3.8028789520263672e+001
  7.9760414123535156e+001 2 -1 4.3264459228515625e+002
  5.9384086608886719e+001 2.5304347991943359e+001
  1.9847827148437500e+002 1.0336231231689453e+002 2 -1
  4.4501361083984375e+002 5.9692378997802734e+001
  2.8464035034179687e+001 3.5776718139648437e+002
  1.1664574432373047e+002 2 -1 2.0523388671875000e+002
  7.0591064453125000e+001 2.7650936126708984e+001
  2.8210995483398437e+002 7.9287658691406250e+001 2 -1
  2.6924853515625000e+002 7.1054801940917969e+001
  2.8183132171630859e+001 2.8131924438476562e+002
  9.1954895019531250e+001 2 -1 4.3293838500976562e+002
  7.1973068237304688e+001 2.9213142395019531e+001
  1.8873406982421875e+002 7.5741607666015625e+001 2 -1
  3.8301577758789063e+002 9.7393562316894531e+001
  2.4749862670898438e+001 2.8276980590820312e+002
  4.2147773742675781e+001 2 -1 3.8212335205078125e+002
  1.6402723693847656e+002 2.9872203826904297e+001
  3.1699868774414062e+002 4.8905231475830078e+001 2 -1
  3.8191735839843750e+002 2.3136427307128906e+002
  2.8875000000000000e+001 2.1605173110961914e+001
  5.2520832061767578e+001 2 -1 3.8144519042968750e+002
  2.9769335937500000e+002 2.8561391830444336e+001
  6.1341041564941406e+001 4.5172367095947266e+001 2 -1
  3.9716870117187500e+002 4.5902008056640625e+001 24.
  8.8977684020996094e+001 2.0966796875000000e+002 3 -1
  2.3827708435058594e+002 9.6322433471679688e+001
  3.6528881072998047e+001 2.9048519897460937e+002
  4.4051753997802734e+001 3 -1 2.3771282958984375e+002
  1.6339619445800781e+002 3.3599998474121094e+001
  2.9303637695312500e+002 5.7200000762939453e+001 3 -1
  3.8205883789062500e+002 1.6406974792480469e+002
  3.1536933898925781e+001 3.1670068359375000e+002
  4.8951869964599609e+001 3 -1 2.3795632934570312e+002
  2.3040759277343750e+002 3.8878841400146484e+001
  2.9951455688476562e+002 6.6331924438476563e+001 3 -1
  2.6999176025390625e+002 71. 36. 2.8924133300781250e+002
  8.5962890625000000e+001 4 -1 3.8235748291015625e+002
  2.3256700134277344e+002 36. 2.1711523056030273e+001 45. 4 -1
  2.3844021606445312e+002 2.9792687988281250e+002
  3.8276958465576172e+001 1.7657703399658203e+001
  7.4087989807128906e+001 4 -1 4.7170330810546875e+002
  2.0971231079101562e+002 72. 2.1636389160156250e+002
  1.8171867370605469e+002 5 -1</keyPoints>
