<?xml version="1.0"?>
<opencv_storage>
<keyPoints>
  2.2052749633789062e+002 2.9843133926391602e+001
  1.3109325408935547e+001 8.3816253662109375e+001
  4.6374313354492188e+001 0 -1 2.6839657592773437e+002
  3.0286460876464844e+001 1.4123502731323242e+001
  8.8738693237304688e+001 7.0614944458007812e+001 0 -1
  3.8862893676757812e+002 3.0046577453613281e+001
  1.1448980331420898e+001 1.9085932922363281e+002
  3.0206634521484375e+001 0 -1 3.9859631347656250e+002
  5.2621089935302734e+001 1.5367346763610840e+001
  3.4646240234375000e+001 1.4443365478515625e+002 0 -1
  4.4430035400390625e+002 5.2736705780029297e+001
  1.7701461791992187e+001 2.7915484619140625e+002
  5.8584686279296875e+001 0 -1 2.7958035278320312e+002
  5.5718544006347656e+001 1.3390243530273438e+001
  7.9910636901855469e+001 4.8100601196289063e+001 0 -1
  4.3043426513671875e+002 6.8483009338378906e+001
  1.5906620025634766e+001 2.1216723632812500e+002
  8.3918151855468750e+001 0 -1 4.4473788452148437e+002
  6.8469779968261719e+001 1.5407157897949219e+001
  2.1923097610473633e+001 3.8488052368164063e+001 0 -1
  2.0485044860839844e+002 7.3997428894042969e+001
  1.3727930068969727e+001 1.9983186721801758e+001
  1.2663107299804688e+002 0 -1 2.6820489501953125e+002
  7.5493095397949219e+001 1.3767621994018555e+001
  2.9198342895507812e+002 1.3329840087890625e+002 0 -1
  2.0490742492675781e+002 7.8337837219238281e+001
  1.2860868453979492e+001 5.8946369171142578e+001
  1.1818371582031250e+002 0 -1 2.6783102416992187e+002
  7.9643798828125000e+001 1.3194175720214844e+001
  2.9842245483398437e+002 1.2404003906250000e+002 0 -1
  4.3101239013671875e+002 8.3479118347167969e+001
  1.3982760429382324e+001 8.5314834594726563e+001
  5.6513214111328125e+001 0 -1 2.3621510314941406e+002
  1.0082151794433594e+002 1.4432304382324219e+001
  6.5948875427246094e+001 4.0360908508300781e+001 0 -1
  3.7950689697265625e+002 1.0552320861816406e+002
  1.3757986068725586e+001 2.8833221435546875e+002
  3.5382980346679688e+001 0 -1 3.7640557861328125e+002
  1.4307627868652344e+002 1.4307692527770996e+001
  2.8453045654296875e+002 3.1923080444335938e+001 0 -1
  3.6723034667968750e+002 1.4455816650390625e+002
  1.4341331481933594e+001 2.5091323852539062e+002
  6.0421005249023437e+001 0 -1 2.3461807250976562e+002
  1.6656936645507812e+002 1.2772324562072754e+001
  2.1121296691894531e+002 3.8743667602539063e+001 0 -1
  2.4275906372070312e+002 1.6754383850097656e+002
  1.3064516067504883e+001 3.2565679931640625e+002
  3.4487907409667969e+001 0 -1 3.7841824340820312e+002
  1.7149523925781250e+002 1.4323194503784180e+001
  1.8912225341796875e+002 3.6994400024414063e+001 0 -1
  3.8574435424804688e+002 1.7291346740722656e+002
  1.4076922416687012e+001 1.7767161560058594e+002
  5.4336547851562500e+001 0 -1 3.8419183349609375e+002
  1.7674598693847656e+002 1.3928571701049805e+001
  1.7022865295410156e+002 3.1446426391601563e+001 0 -1
  3.7679718017578125e+002 1.8433766174316406e+002
  1.1076923370361328e+001 2.5894152832031250e+002
  3.1307693481445313e+001 0 -1 3.7064660644531250e+002
  1.8633012390136719e+002 1.6769126892089844e+001
  3.1776962280273437e+002 4.0370620727539062e+001 0 -1
  3.2660369873046875e+002 1.8792391967773437e+002
  1.1250000000000000e+001 2.2866635131835937e+002
  3.0250000000000000e+001 0 -1 3.0385171508789062e+002
  2.1170025634765625e+002 1.2948223114013672e+001
  2.1116148376464844e+002 4.2531356811523438e+001 0 -1
  3.2751556396484375e+002 2.1534703063964844e+002
  1.4783113479614258e+001 5.2631126403808594e+001
  9.1295684814453125e+001 0 -1 2.7769296264648437e+002
  2.3888008117675781e+002 1.4384614944458008e+001
  2.0073097229003906e+002 5.0080123901367187e+001 0 -1
  4.2242700195312500e+002 2.6852432250976562e+002
  1.4812500000000000e+001 2.4037744140625000e+002
  3.8515625000000000e+001 0 -1 2.9601892089843750e+002
  2.6979821777343750e+002 1.4608695030212402e+001
  1.0321763610839844e+002 6.0347839355468750e+001 0 -1
  3.0416531372070312e+002 2.6942245483398438e+002
  1.4400000572204590e+001 7.1030288696289063e+001
  3.4400009155273438e+001 0 -1 4.1843597412109375e+002
  2.7974874877929687e+002 1.4172412872314453e+001
  2.4498593139648437e+002 3.7900856018066406e+001 0 -1
  4.2853213500976562e+002 2.8244415283203125e+002
  1.4442962646484375e+001 2.4569268798828125e+002
  6.7142547607421875e+001 0 -1 3.5960784912109375e+002
  2.8365078735351562e+002 1.4225805282592773e+001
  2.1627128601074219e+002 9.1266113281250000e+001 0 -1
  3.9934930419921875e+002 2.8978210449218750e+002
  1.2521774291992188e+001 2.4002621459960937e+002
  7.6965454101562500e+001 0 -1 3.7477917480468750e+002
  3.0358908081054687e+002 1.4454545974731445e+001
  2.5126782226562500e+002 3.3761367797851562e+001 0 -1
  2.8111962890625000e+002 4.9723205566406250e+001
  2.0513795852661133e+001 2.9793386840820312e+002
  1.5803483581542969e+002 1 -1 4.4236206054687500e+002
  6.6796829223632812e+001 2.2864795684814453e+001
  3.3822439575195312e+002 6.0789031982421875e+001 1 -1
  2.6777014160156250e+002 7.8033958435058594e+001
  1.6661354064941406e+001 3.0001818847656250e+002
  1.1173419189453125e+002 1 -1 3.4294216918945312e+002
  8.1540039062500000e+001 1.6625000000000000e+001
  1.5761308288574219e+002 1.6926042175292969e+002 1 -1
  4.5505880737304687e+002 1.0226071166992187e+002
  1.8599998474121094e+001 2.1578985595703125e+002
  3.6074996948242188e+001 1 -1 3.7908520507812500e+002
  1.0351101684570312e+002 1.9358394622802734e+001
  3.2071527099609375e+002 3.3773056030273437e+001 1 -1
  3.7741201782226562e+002 1.6965773010253906e+002
  1.8625606536865234e+001 2.2422509765625000e+002
  3.6985397338867188e+001 1 -1 3.7757647705078125e+002
  1.8371615600585937e+002 1.5239999771118164e+001
  2.9857107543945313e+002 3.3645004272460938e+001 1 -1
  3.6519635009765625e+002 1.8445414733886719e+002
  1.9443586349487305e+001 3.2584265136718750e+002
  3.3586227416992187e+001 1 -1 3.7165002441406250e+002
  1.8559333801269531e+002 1.9200000762939453e+001
  3.2872079467773437e+002 4.1200000762939453e+001 1 -1
  3.2724777221679687e+002 2.1596331787109375e+002
  1.6583766937255859e+001 6.8656311035156250e+001
  8.9492019653320313e+001 1 -1 2.9918994140625000e+002
  2.2816975402832031e+002 2.0454545974731445e+001
  1.5386770629882812e+002 3.7840896606445313e+001 1 -1
  2.7525772094726562e+002 2.4037574768066406e+002
  1.9090908050537109e+001 1.8684231567382812e+002
  7.2363647460937500e+001 1 -1 2.8912869262695312e+002
  2.4632482910156250e+002 24. 1.3203453063964844e+002
  3.5075195312500000e+001 1 -1 2.7491635131835938e+002
  2.4918695068359375e+002 1.7799999237060547e+001
  1.5702641296386719e+002 5.6016662597656250e+001 1 -1
  4.5522918701171875e+002 2.6407342529296875e+002
  1.7500000000000000e+001 1.5260383605957031e+002
  4.1083328247070313e+001 1 -1 4.1811160278320313e+002
  2.7940707397460937e+002 2.2118177413940430e+001
  2.5439633178710937e+002 5.3009208679199219e+001 1 -1
  4.2798339843750000e+002 2.8267898559570312e+002
  2.1054546356201172e+001 2.7094537353515625e+002
  7.1803642272949219e+001 1 -1 3.5951324462890625e+002
  2.8351013183593750e+002 1.6603940963745117e+001
  2.1738618469238281e+002 8.7960586547851563e+001 1 -1
  3.7516235351562500e+002 3.0302471923828125e+002
  1.5758920669555664e+001 1.9503312683105469e+002
  3.2546943664550781e+001 1 -1 3.6050000000000000e+002
  3.1850000000000000e+002 24. 1.2972325134277344e+002
  5.5111328125000000e+001 1 -1 4.1667669677734375e+002
  3.2387640380859375e+002 2.1750000000000000e+001
  1.1052621459960937e+002 7.2125000000000000e+001 1 -1
  2.8075671386718750e+002 4.9913871765136719e+001
  2.4859714508056641e+001 3.2380865478515625e+002
  1.6106739807128906e+002 2 -1 3.9749310302734375e+002
  5.2780654907226562e+001 2.4905216217041016e+001
  3.8272525787353516e+001 1.6138113403320312e+002 2 -1
  4.4333563232421875e+002 5.3424957275390625e+001
  2.6133300781250000e+001 2.8566180419921875e+002
  7.2029846191406250e+001 2 -1 2.2934297180175781e+002
