<?xml version="1.0"?>
<opencv_storage>
<keyPoints>
  2.6760232543945313e+002 2.8424852371215820e+001
  1.4727272987365723e+001 9.0271202087402344e+001
  3.2272727966308594e+001 0 -1 280. 45. 18. 2.8730297851562500e+002 78.
  0 -1 2.8152337646484375e+002 4.6564456939697266e+001
  1.5299999237060547e+001 3.0457229614257812e+002
  1.5512500000000000e+002 0 -1 3.9866870117187500e+002
  4.7004501342773438e+001 1.4044248580932617e+001
  3.0769964599609375e+002 1.3555862426757812e+002 0 -1
  2.7920440673828125e+002 5.2709743499755859e+001
  1.3930133819580078e+001 7.7802185058593750e+001
  4.5151412963867188e+001 0 -1 3.9730020141601562e+002
  8.2711288452148438e+001 1.6645160675048828e+001
  6.8804763793945313e+001 1.1658065795898437e+002 0 -1
  2.4742494201660156e+002 8.3726043701171875e+001
  1.4857143402099609e+001 2.2407592773437500e+001
  1.6328570556640625e+002 0 -1 2.1483421325683594e+002
  1.0056661987304687e+002 1.4454545974731445e+001
  3.2030368041992187e+002 3.2840911865234375e+001 0 -1
  3.6053646850585937e+002 1.0622546386718750e+002
  1.3444444656372070e+001 3.2132919311523437e+002
  3.6782409667968750e+001 0 -1 2.3199993896484375e+002
  1.0704319000244141e+002 1.2446808815002441e+001
  3.5426583862304687e+002 3.1130325317382812e+001 0 -1
  1.6112982177734375e+002 1.1021054077148437e+002
  1.1086956977844238e+001 3.1424810791015625e+002
  5.0798904418945312e+001 0 -1 1.6677618408203125e+002
  1.1017002868652344e+002 1.1319999694824219e+001
  3.1123672485351562e+002 5.3481658935546875e+001 0 -1
  1.7184614562988281e+002 1.1041736602783203e+002
  1.0636363983154297e+001 2.9064526367187500e+002
  3.4136360168457031e+001 0 -1 2.2939051818847656e+002
  1.1098623657226562e+002 1.4416410446166992e+001
  3.4875323486328125e+002 4.3757431030273438e+001 0 -1
  1.5631939697265625e+002 1.1425598144531250e+002
  1.2409090042114258e+001 1.1025718688964844e+002
  6.3102272033691406e+001 0 -1 1.7713957214355469e+002
  1.1403929901123047e+002 13. 9.1099075317382812e+001
  3.0375000000000000e+001 0 -1 1.8899287414550781e+002
  1.1412409973144531e+002 1.1620052337646484e+001
  8.5915306091308594e+001 3.0391242980957031e+001 0 -1
  1.9523550415039062e+002 1.1420191192626953e+002
  1.3578947067260742e+001 1.2177863121032715e+001
  5.5315780639648438e+001 0 -1 1.8708648681640625e+002
  1.1732009124755859e+002 1.1294117927551270e+001
  9.8061752319335938e+001 7.5705902099609375e+001 0 -1
  1.6699716186523437e+002 1.1799214172363281e+002 12.
  8.1231880187988281e+001 79. 0 -1 1.7176771545410156e+002
  1.1803402709960937e+002 1.1307692527770996e+001
  8.5967834472656250e+001 5.8346153259277344e+001 0 -1
  1.7524296569824219e+002 1.1796981048583984e+002
  1.1463882446289063e+001 9.0106513977050781e+001
  9.6466613769531250e+001 0 -1 1.8169154357910156e+002
  1.1777982330322266e+002 1.2359999656677246e+001
  9.6953605651855469e+001 9.8179992675781250e+001 0 -1
  2.0031214904785156e+002 1.2054116821289062e+002
  1.4903225898742676e+001 4.2992752075195313e+001
  9.0258087158203125e+001 0 -1 2.5408012390136719e+002
  1.2398155975341797e+002 1.3764705657958984e+001
  2.6633905029296875e+002 4.2470596313476563e+001 0 -1
  4.8641006469726562e+002 1.2415179443359375e+002
  1.1756756782531738e+001 3.4376702880859375e+002
  3.4030403137207031e+001 0 -1 1.9948495483398438e+002
  1.2445661926269531e+002 1.4488497734069824e+001
  6.3903617858886719e+001 4.6161514282226562e+001 0 -1
  3.8447671508789062e+002 1.2468504333496094e+002
  1.4750000000000000e+001 2.6554180908203125e+002
  4.0520828247070313e+001 0 -1 3.6346554565429687e+002
  1.2641648101806641e+002 1.5126075744628906e+001
  3.1287792968750000e+002 3.7589218139648437e+001 0 -1
  4.7914443969726562e+002 1.2809056091308594e+002
  1.3114285469055176e+001 3.4827969360351562e+002
  4.3603569030761719e+001 0 -1 2.5336672973632812e+002
  1.2966928100585937e+002 1.1343404769897461e+001
  2.7528448486328125e+002 4.4352615356445313e+001 0 -1
  2.5868756103515625e+002 1.2982684326171875e+002
  1.2272727012634277e+001 2.8314984130859375e+002
  4.4045455932617187e+001 0 -1 3.8464605712890625e+002
  1.3031135559082031e+002 1.2110734939575195e+001
  2.7294842529296875e+002 7.6101028442382812e+001 0 -1
  4.7395748901367187e+002 1.2985173034667969e+002
  1.1199999809265137e+001 1.5833259582519531e+002
  4.4533340454101563e+001 0 -1 4.8614590454101562e+002
  1.3001155090332031e+002 1.2272727012634277e+001
  3.5753070068359375e+002 3.8034088134765625e+001 0 -1
  2.0111456298828125e+002 1.3125897216796875e+002
  9.8571434020996094e+000 1.1341297912597656e+002
  4.2339286804199219e+001 0 -1 2.0389309692382812e+002
  1.3071481323242187e+002 1.2647058486938477e+001
  7.8360275268554687e+001 8.0296569824218750e+001 0 -1
  2.2794384765625000e+002 1.3080067443847656e+002
  1.3555555343627930e+001 3.2307321166992187e+002
  5.4814819335937500e+001 0 -1 3.9204705810546875e+002
  1.3090902709960937e+002 1.2709090232849121e+001
  2.7827896118164062e+002 5.1384094238281250e+001 0 -1
  2.0633618164062500e+002 1.3148574829101562e+002
  1.2771429061889648e+001 7.1445060729980469e+001
  4.1289291381835938e+001 0 -1 2.4168995666503906e+002
  1.3285786437988281e+002 1.3125000000000000e+001
  2.8209710693359375e+002 3.0562500000000000e+001 0 -1
  1.4801968383789063e+002 1.3399772644042969e+002
  1.3666666030883789e+001 1.1297045135498047e+002
  4.0388885498046875e+001 0 -1 2.0201275634765625e+002
  1.3404525756835937e+002 1.2272727012634277e+001
  1.0468581390380859e+002 4.6068176269531250e+001 0 -1
  3.5792721557617187e+002 1.3438636779785156e+002
  1.1647058486938477e+001 3.0456460571289062e+002
  4.0058822631835938e+001 0 -1 2.5222860717773437e+002
  1.3467504882812500e+002 1.0840000152587891e+001
  3.1177880859375000e+002 5.3401657104492188e+001 0 -1
  2.6183175659179687e+002 1.3494718933105469e+002
  1.2954897880554199e+001 3.5824359130859375e+002
  1.0015280151367187e+002 0 -1 2.6611724853515625e+002
  1.3440876770019531e+002 1.2396225929260254e+001
  2.4710197448730469e+000 6.7115570068359375e+001 0 -1
  3.9064334106445312e+002 1.3523539733886719e+002 15.
  3.4228912353515625e+002 1.2537500000000000e+002 0 -1 226.
  1.3675000000000000e+002 18. 2.0255222320556641e+001 68. 0 -1
  2.3437751770019531e+002 1.3653450012207031e+002
  1.4460496902465820e+001 3.1359213256835937e+002
  9.4244140625000000e+001 0 -1 2.3903430175781250e+002
  1.3597558593750000e+002 1.1896552085876465e+001
  2.7905209350585937e+002 5.9012939453125000e+001 0 -1
  3.8282843017578125e+002 1.3559580993652344e+002
  1.0682312011718750e+001 3.0998669433593750e+002
  5.0411331176757812e+001 0 -1 3.9547848510742187e+002
  1.3577264404296875e+002 1.3957651138305664e+001
  2.0568174362182617e+001 1.2482424926757812e+002 0 -1
  4.7705435180664062e+002 1.3558638000488281e+002
  1.2384615898132324e+001 5.5991756439208984e+001
  4.6080131530761719e+001 0 -1 4.7985574340820312e+002
  1.3586567687988281e+002 1.1926829338073730e+001
  3.1967239379882813e+001 5.0003051757812500e+001 0 -1
  3.7586010742187500e+002 1.3737031555175781e+002 15.
  3.3781130981445312e+002 3.8125000000000000e+001 0 -1
  3.7740112304687500e+002 1.3756919860839844e+002
  1.5750000000000000e+001 3.4719277954101562e+002
  5.8250000000000000e+001 0 -1 2.3725000000000000e+002
  1.3975000000000000e+002 18. 3.5441402435302734e+001
  6.4444335937500000e+001 0 -1 2.4847633361816406e+002
  1.3935241699218750e+002 1.3987492561340332e+001
  2.0597000122070313e+001 1.0622674560546875e+002 0 -1
  3.7787637329101562e+002 1.3981144714355469e+002
  1.3657894134521484e+001 2.7133926391601563e+001
  8.6901306152343750e+001 0 -1 2.3776962280273437e+002
  1.4446092224121094e+002 1.4767660140991211e+001
  7.4425910949707031e+001 5.1541564941406250e+001 0 -1
  2.4761885070800781e+002 1.4447471618652344e+002
  1.4770563125610352e+001 6.1281986236572266e+001
  3.9136932373046875e+001 0 -1 3.7818496704101562e+002
  1.4496607971191406e+002 1.2362154006958008e+001
  6.4449630737304688e+001 3.7572250366210937e+001 0 -1
