%YAML:1.0
---
recording:
   type: VideoRecording
   recordId: Action_20171122T091355
   channelId: main
   timeStamp: "131558156359060000"
   sessionTimestamp: "0"
   width: -1
   height: -1
   frameCount: 80
   fps: 2.9969999999999999e+001
   recordingType: 2000
   frameTransformRect: [ [ -1, -1 ], [ -1, -1 ], [ -1, -1 ], [ -1, -1 ] ]
   trackingMode: 1
   segments:
      - { startFrame:11, stopFrame:37, segmentType:2000, focusFrame:-1,
          focusPoint:{ values:[ -1., -1. ], type:Vector2 }, isFragment:0 }
      - { startFrame:37, stopFrame:61, segmentType:2000, focusFrame:-1,
          focusPoint:{ values:[ -1., -1. ], type:Vector2 }, isFragment:0 }
      - { startFrame:0, stopFrame:73, segmentType:1000, focusFrame:-1,
          focusPoint:{ values:[ -1., -1. ], type:Vector2 }, isFragment:0 }
   framesRelTs: [ "0", "950000", "1560000", "2970000", "3510000",
       "4860000", "5500000", "6120000", "6640000", "7250000", "7790000",
       "8350000", "8930000", "9620000", "10450000", "11170000",
       "11760000", "12280000", "13050000", "13590000", "14110000",
       "14760000", "15370000", "15980000", "16540000", "17230000",
       "17810000", "18430000", "18960000", "19520000", "20090000",
       "20610000", "21200000", "21760000", "22440000", "23080000",
       "23640000", "24120000", "24720000", "25340000", "25910000",
       "26510000", "27240000", "27840000", "28460000", "29090000",
       "29620000", "30290000", "30860000", "31560000", "32150000",
       "32820000", "33350000", "33980000", "34600000", "35090000",
       "35750000", "36320000", "36860000", "37440000", "38160000",
       "38600000", "39300000", "39840000", "40430000", "40990000",
       "41620000", "42150000", "42790000", "43340000", "43930000",
       "44530000", "45130000", "45660000", "46140000", "46650000",
       "47270000", "47840000", "48470000", "49200000" ]
   chunks:
      - { path:"Recordings/Action_20171122T091355/recording.avi",
          startFrameIdx:0 }
