%YAML:1.0
---
recording:
   type: VideoRecording
   recordId: Action_20180109T115406
   channelId: main
   timeStamp: "131599724464860000"
   sessionTimestamp: "0"
   width: -1
   height: -1
   frameCount: 163
   fps: 2.9969999999999999e+001
   recordingType: 2000
   frameTransformRect: [ [ -1, -1 ], [ -1, -1 ], [ -1, -1 ], [ -1, -1 ] ]
   trackingMode: 0
   segments:
      - { startFrame:29, stopFrame:72, segmentType:2000, focusFrame:-1,
          focusPoint:{ values:[ -1., -1. ], type:Vector2 }, isFragment:0 }
      - { startFrame:0, stopFrame:156, segmentType:1000, focusFrame:-1,
          focusPoint:{ values:[ -1., -1. ], type:Vector2 }, isFragment:0 }
   framesRelTs: [ "0", "220000", "440000", "670000", "1000000",
       "1320000", "1660000", "1970000", "2310000", "2660000", "2970000",
       "3300000", "3630000", "3950000", "4280000", "4600000", "4920000",
       "5250000", "5740000", "5910000", "6230000", "6560000", "6890000",
       "7220000", "7550000", "7880000", "8210000", "8530000", "8850000",
       "9190000", "9510000", "9840000", "10170000", "10650000",
       "10980000", "11310000", "11630000", "11960000", "12280000",
       "12610000", "12940000", "13260000", "13590000", "13930000",
       "14240000", "14570000", "14910000", "15240000", "15570000",
       "15770000", "16230000", "16410000", "16730000", "17040000",
       "17520000", "17720000", "18020000", "18350000", "18850000",
       "19230000", "19510000", "19710000", "19990000", "20320000",
       "20660000", "20980000", "21290000", "21630000", "22160000",
       "22540000", "22820000", "23100000", "23320000", "23600000",
       "23920000", "24250000", "24580000", "24890000", "25390000",
       "25710000", "26030000", "26340000", "26690000", "27010000",
       "27340000", "27650000", "27970000", "28300000", "28620000",
       "28940000", "29270000", "29590000", "29920000", "30240000",
       "30560000", "30890000", "31220000", "31550000", "31870000",
       "32200000", "32530000", "32850000", "33180000", "33500000",
       "33830000", "34160000", "34470000", "34810000", "35140000",
       "35460000", "35790000", "36130000", "36450000", "36770000",
       "37110000", "37440000", "37750000", "38080000", "38400000",
       "38740000", "39060000", "39390000", "39730000", "40040000",
       "40360000", "40700000", "41010000", "41340000", "41660000",
       "41980000", "42310000", "42640000", "42960000", "43280000",
       "43620000", "43930000", "44270000", "44600000", "44920000",
       "45250000", "45580000", "45890000", "46220000", "46540000",
       "46870000", "47210000", "47520000", "47850000", "48190000",
       "48510000", "48830000", "49240000", "49530000", "49810000",
       "50150000", "50480000", "50810000", "51130000", "51440000",
       "51780000", "52100000", "52430000", "52740000" ]
   chunks:
      - { path:"Recordings/Action_20180109T115406/recording.avi",
          startFrameIdx:0 }
