<?xml version="1.0"?>
<opencv_storage>
<keyPoints>
  3.1058575439453125e+002 2.6351156234741211e+001
  1.2466667175292969e+001 8.6705986022949219e+001
  5.1136123657226562e+001 0 -1 3.1485714721679687e+002
  2.6876016616821289e+001 1.1571428298950195e+001
  8.2563400268554688e+001 3.4107147216796875e+001 0 -1
  4.1113229370117187e+002 2.7051164627075195e+001
  1.2142856597900391e+001 8.7949752807617188e+001
  4.6011901855468750e+001 0 -1 2.6722781372070313e+002
  2.7904563903808594e+001 1.3651711463928223e+001
  8.9068443298339844e+001 6.6248184204101563e+001 0 -1
  3.9157455444335937e+002 2.7800207138061523e+001
  1.3699999809265137e+001 9.4803947448730469e+001
  6.2408325195312500e+001 0 -1 4.1594525146484375e+002
  2.7631727218627930e+001 1.3016561508178711e+001
  8.5542114257812500e+001 3.0385925292968750e+001 0 -1
  2.2607041931152344e+002 2.9418672561645508e+001
  1.2714285850524902e+001 9.4811134338378906e+001
  4.4297622680664063e+001 0 -1 2.5957723999023437e+002
  2.9851335525512695e+001 1.1777777671813965e+001
  8.5535766601562500e+001 3.6037033081054687e+001 0 -1
  2.7561184692382812e+002 2.9609090805053711e+001
  1.3981012344360352e+001 9.3860870361328125e+001
  3.6248603820800781e+001 0 -1 4.1408407592773437e+002
  2.9978921890258789e+001 1.1368421554565430e+001
  8.2924041748046875e+001 3.4210525512695313e+001 0 -1
  4.1896929931640625e+002 3.1774709701538086e+001
  1.2391304969787598e+001 7.9946754455566406e+001
  3.1048912048339844e+001 0 -1 3.7462139892578125e+002
  4.2345333099365234e+001 1.4250000000000000e+001
  2.0321072387695312e+002 6.1937500000000000e+001 0 -1
  3.9738711547851562e+002 4.4771717071533203e+001
  1.5875000000000000e+001 3.1102328491210937e+002
  1.4702081298828125e+002 0 -1 2.8344247436523437e+002
  4.9895729064941406e+001 1.4230770111083984e+001
  2.3993562698364258e+001 4.3695510864257813e+001 0 -1
  3.1160934448242187e+002 8.5302467346191406e+001
  1.4875000000000000e+001 2.7978958129882812e+002
  6.3510421752929687e+001 0 -1 4.0183450317382812e+002
  8.5861854553222656e+001 1.3166666030883789e+001
  1.2244825363159180e+001 3.6680557250976562e+001 0 -1
  1.6122486877441406e+002 1.0156865692138672e+002 15.
  6.1130249023437500e+001 5.7125000000000000e+001 0 -1
  2.1582437133789062e+002 1.0169741821289062e+002
  1.2964286804199219e+001 2.7444387817382812e+002
  5.0723205566406250e+001 0 -1 3.9208914184570312e+002
  1.0384868621826172e+002 1.5631579399108887e+001
  2.2430601501464844e+002 3.6480262756347656e+001 0 -1
  3.9487594604492188e+002 1.0307127380371094e+002
  1.2136121749877930e+001 2.4937222290039062e+002
  3.7050399780273437e+001 0 -1 4.2241235351562500e+002
  1.0348182678222656e+002 1.3512693405151367e+001
  2.9703430175781250e+002 5.9975219726562500e+001 0 -1
  4.2047973632812500e+002 1.0409999847412109e+002
  1.5299999237060547e+001 2.9571990966796875e+002
  3.8025001525878906e+001 0 -1 2.1135740661621094e+002
  1.0573728179931641e+002 1.2995302200317383e+001
  2.6390774536132812e+002 3.7582626342773438e+001 0 -1
  1.9191404724121094e+002 1.0672685241699219e+002
  1.5436995506286621e+001 2.2722329711914063e+002
  7.1061431884765625e+001 0 -1 2.4325000000000000e+002
  1.0975000000000000e+002 18. 5.2668757438659668e+000
  5.7222656250000000e+001 0 -1 2.4572395324707031e+002 112. 15.
  3.5540710449218750e+002 3.3375000000000000e+001 0 -1
  4.2224890136718750e+002 1.2336264801025391e+002 15.
  3.9261814117431641e+001 7.4500000000000000e+001 0 -1
  3.6461566162109375e+002 1.2986366271972656e+002
  1.2867698669433594e+001 3.5083804321289062e+002
  3.2648651123046875e+001 0 -1 3.7233190917968750e+002
  1.3004322814941406e+002 1.3234649658203125e+001
  3.5686514282226562e+002 3.2962715148925781e+001 0 -1
  3.7471673583984375e+002 1.3018621826171875e+002
  1.2288099288940430e+001 2.6713302135467529e+000
  3.8874191284179688e+001 0 -1 2.4569779968261719e+002
  1.5440110778808594e+002 1.3068893432617187e+001
  1.3929604530334473e+001 3.3478576660156250e+001 0 -1
  2.4895053100585937e+002 1.5443428039550781e+002
  1.3075471878051758e+001 1.4843644142150879e+001
  4.9851409912109375e+001 0 -1 3.7402432250976562e+002
  1.5515144348144531e+002 1.2219511985778809e+001
  3.5903881835937500e+002 3.2027435302734375e+001 0 -1
  2.4554508972167969e+002 1.7052053833007812e+002
  1.3909090042114258e+001 3.5753012084960937e+002
  3.3670455932617188e+001 0 -1 2.4565126037597656e+002
  1.7167944335937500e+002 1.3235294342041016e+001
  3.5538143920898437e+002 4.1080886840820313e+001 0 -1
  4.9062344360351562e+002 1.7185623168945312e+002
  1.0125000000000000e+001 4.0484519958496094e+001
  4.7343750000000000e+001 0 -1 4.7192932128906250e+002
  1.8243167114257812e+002 1.3666666030883789e+001
  2.1122235107421875e+002 3.2388885498046875e+001 0 -1
  2.3620640563964844e+002 1.9205897521972656e+002
  1.3964651107788086e+001 6.0954425811767578e+001
  3.9597808837890625e+001 0 -1 2.4825625610351562e+002
  1.9200672912597656e+002 13. 1.0177188873291016e+001
  3.1416671752929688e+001 0 -1 2.4849020385742187e+002
  2.0782307434082031e+002 1.3844068527221680e+001
  3.5488034057617187e+002 3.1634338378906250e+001 0 -1
  2.4480783081054687e+002 2.0886550903320312e+002
  1.2750000000000000e+001 3.4833795166015625e+002
  3.5312500000000000e+001 0 -1 2.6172756958007812e+002
  2.0979290771484375e+002 1.2631579399108887e+001
  1.4611448669433594e+002 3.4210525512695313e+001 0 -1
  3.6550137329101562e+002 2.0977018737792969e+002
  1.3736843109130859e+001 3.1936996459960937e+002
  3.0796058654785156e+001 0 -1 3.7052593994140625e+002
  2.0988528442382812e+002 1.1769230842590332e+001
  3.2833053588867187e+002 3.1028846740722656e+001 0 -1
  4.7269744873046875e+002 2.1192201232910156e+002
  1.2321428298950195e+001 2.5800634765625000e+002
  6.4080368041992188e+001 0 -1 3.6803622436523437e+002
  2.2674592590332031e+002 1.7702554702758789e+001
  2.2437355518341064e+000 3.9021980285644531e+001 0 -1
  2.4549624633789062e+002 2.2831335449218750e+002
  1.3212766647338867e+001 6.2712597846984863e+000
  3.6960098266601563e+001 0 -1 3.7057824707031250e+002
  2.3062266540527344e+002 1.3133333206176758e+001
  1.1609771728515625e+001 3.2802780151367188e+001 0 -1
  3.7365509033203125e+002 2.4058383178710937e+002
  1.4571428298950195e+001 4.8222918510437012e+000
  3.3571426391601563e+001 0 -1 2.4239222717285156e+002
  2.8470126342773437e+002 1.5352941513061523e+001
  3.5137127685546875e+002 4.6308822631835938e+001 0 -1 244.
  2.8554687500000000e+002 1.3875000000000000e+001
  3.5205169677734375e+002 3.2562500000000000e+001 0 -1
  4.5885891723632812e+002 2.8624957275390625e+002
  1.4243662834167480e+001 1.7721704101562500e+002
  3.3600036621093750e+001 0 -1 3.7041723632812500e+002
  2.8694281005859375e+002 1.2428571701049805e+001
  1.9901771545410156e+001 3.4142852783203125e+001 0 -1
  2.4468179321289062e+002 2.8862872314453125e+002
  1.3530612945556641e+001 3.3306695556640625e+002
  4.1594375610351562e+001 0 -1 2.9299822998046875e+002
  3.1827957153320312e+002 1.4076922416687012e+001
  3.1979910278320312e+002 3.0778842926025391e+001 0 -1
  2.9095660400390625e+002 3.1993978881835937e+002
  1.2111110687255859e+001 3.2977407836914062e+002
  3.8004631042480469e+001 0 -1 3.1656604003906250e+002
  3.1995318603515625e+002 12. 9.2836723327636719e+000 35. 0 -1
  2.9256674194335937e+002 3.2184472656250000e+002
  1.1954932212829590e+001 1.2476450204849243e+000
  5.6000976562500000e+001 0 -1 3.1806045532226562e+002
  3.2173175048828125e+002 1.2943456649780273e+001
  3.0682718276977539e+001 7.7790008544921875e+001 0 -1
  3.9729211425781250e+002 4.6084384918212891e+001
  2.1997896194458008e+001 8.2529792785644531e+001
  2.1274353027343750e+002 1 -1 2.7561935424804687e+002
  4.8967971801757813e+001 1.9200000762939453e+001
  1.5400155639648437e+002 6.8199996948242188e+001 1 -1
  2.4547595214843750e+002 8.2384384155273438e+001
  2.2941450119018555e+001 2.4572795867919922e+001
  1.8229983520507812e+002 1 -1 3.1144500732421875e+002
  8.4988891601562500e+001 1.8912384033203125e+001
