<?xml version="1.0"?>
<opencv_storage>
<keyPoints>
  2.5230117797851563e+002 6.2424530029296875e+001
  1.4343606948852539e+001 8.1234863281250000e+001
  4.1942230224609375e+001 0 -1 3.5336004638671875e+002
  6.7622299194335937e+001 1.6151975631713867e+001
  8.4915992736816406e+001 4.6233825683593750e+001 0 -1
  4.5450469970703125e+002 7.3425155639648438e+001
  1.4250000000000000e+001 8.2608909606933594e+001
  4.0250000000000000e+001 0 -1 2.3055172729492187e+002
  1.4066918945312500e+002 1.5239999771118164e+001
  2.3471041870117187e+002 3.3644996643066406e+001 0 -1
  2.3886956787109375e+002 5.8034229278564453e+001
  2.0542379379272461e+001 9.6255058288574219e+001
  3.1177047729492187e+001 1 -1 2.5551123046875000e+002
  5.9153884887695313e+001 1.9773086547851563e+001
  8.1947616577148437e+001 3.0209154129028320e+001 1 -1
  2.4439724731445312e+002 6.0579933166503906e+001
  2.3415477752685547e+001 8.9668518066406250e+001
  4.0484931945800781e+001 1 -1 2.5072991943359375e+002
  6.1889396667480469e+001 1.9900466918945312e+001
  8.3567085266113281e+001 5.4084243774414063e+001 1 -1
  3.5638223266601562e+002 6.5119178771972656e+001 21.
  8.6713203430175781e+001 32. 1 -1 3.5269775390625000e+002
  6.7126327514648438e+001 2.0073102951049805e+001
  8.7313255310058594e+001 5.3964851379394531e+001 1 -1
  4.5306103515625000e+002 7.3097877502441406e+001
  2.1493734359741211e+001 8.8798606872558594e+001
  5.2289443969726563e+001 1 -1 2.3572164916992187e+002
  1.3990101623535156e+002 1.5399999618530273e+001
  2.5411798095703125e+002 3.4408332824707031e+001 1 -1
  2.3066445922851562e+002 1.4217839050292969e+002
  2.1876182556152344e+001 2.2870776367187500e+002
  4.2281166076660156e+001 1 -1 4.4363049316406250e+002
  1.5079779052734375e+002 1.9100849151611328e+001
  2.7250000000000000e+002 4.0359161376953125e+001 1 -1
  4.4948507690429687e+002 1.5276008605957031e+002
  2.0886266708374023e+001 3.0880755615234375e+002
  3.2936550140380859e+001 1 -1 3.0975924682617187e+002
  6.4337722778320313e+001 2.5075008392333984e+001
  9.5631706237792969e+001 3.8107547760009766e+001 2 -1
  3.4535888671875000e+002 6.6120880126953125e+001
  2.7331619262695313e+001 8.7795303344726563e+001
  5.0559894561767578e+001 2 -1 4.3974105834960937e+002
  6.9226722717285156e+001 2.4903568267822266e+001
  9.9071907043457031e+001 3.8104572296142578e+001 2 -1
  4.3328179931640625e+002 7.1290107727050781e+001
  2.4930034637451172e+001 1.0064915466308594e+002
  4.4600524902343750e+001 2 -1 4.4574993896484375e+002
  7.2127616882324219e+001 2.7631580352783203e+001
  9.5540443420410156e+001 5.2320171356201172e+001 2 -1
  3.2214553833007812e+002 8.4029434204101563e+001
  2.9745843887329102e+001 9.0320068359375000e+001
  1.4899214172363281e+002 2 -1 2.0118212890625000e+002
  9.7550628662109375e+001 3.0270521163940430e+001
  3.2514874267578125e+002 6.0182189941406250e+001 2 -1
  2.8653610229492187e+002 1.1975151824951172e+002
  2.8094116210937500e+001 1.4806246757507324e+001
  1.7404219055175781e+002 2 -1 4.3640652465820312e+002
  1.2765151214599609e+002 2.9505737304687500e+001
  2.5256175231933594e+002 1.6383622741699219e+002 2 -1
  2.3134648132324219e+002 1.4260661315917969e+002
  2.3112106323242188e+001 2.3084178161621094e+002
  4.0019077301025391e+001 2 -1 3.3201388549804687e+002
  1.4775675964355469e+002 3.2251373291015625e+001
  2.2813703918457031e+002 4.2521366119384766e+001 2 -1
  4.4426815795898437e+002 1.5081480407714844e+002
  2.2119968414306641e+001 2.7735632324218750e+002
  4.2485919952392578e+001 2 -1 4.3323565673828125e+002
  1.5372564697265625e+002 3.3259956359863281e+001
  2.1792755126953125e+002 3.7992828369140625e+001 2 -1
  4.4971887207031250e+002 1.5253826904296875e+002
  2.3622144699096680e+001 3.1236618041992187e+002
  3.4018646240234375e+001 2 -1 2.8500094604492187e+002
  1.5384750366210937e+002 2.7556362152099609e+001
  3.5219247436523437e+002 3.8352142333984375e+001 2 -1
  4.0574783325195312e+002 1.6035415649414062e+002
  2.9200624465942383e+001 2.0393444824218750e+002
  3.8819538116455078e+001 2 -1 2.8152285766601562e+002
  1.7976141357421875e+002 2.9850540161132812e+001
  2.4018987655639648e+001 1.6472355651855469e+002 2 -1
  2.8227014160156250e+002 2.1091798400878906e+002
  2.7933101654052734e+001 7.0754600524902344e+001
  6.2182922363281250e+001 2 -1 2.7852035522460937e+002
  2.6746905517578125e+002 2.8363765716552734e+001
  3.1359057617187500e+002 6.1147846221923828e+001 2 -1
  3.9942611694335937e+002 2.7348922729492187e+002
  2.8335794448852539e+001 2.5814941406250000e+002
  5.9777210235595703e+001 2 -1 2.7626187133789062e+002
  2.9515637207031250e+002 2.6088134765625000e+001
  6.6309387207031250e+001 2.0266497802734375e+002 2 -1
  3.9762503051757813e+002 3.0090359497070312e+002
  3.1453464508056641e+001 1.2579007720947266e+002
  1.6265888977050781e+002 2 -1 2.5587643432617187e+002
  5.8692932128906250e+001 2.8571826934814453e+001
  8.2316398620605469e+001 3.4883338928222656e+001 3 -1
  2.4929577636718750e+002 6.0954132080078125e+001
  3.3177024841308594e+001 8.5854347229003906e+001
  5.3413982391357422e+001 3 -1 3.6039743041992187e+002
  6.4224945068359375e+001 3.3360000610351563e+001
  8.7270874023437500e+001 4.0604995727539063e+001 3 -1
  4.4906686401367187e+002 7.2514808654785156e+001
  3.4378749847412109e+001 9.7071571350097656e+001
  5.7850006103515625e+001 3 -1 3.2176004028320313e+002
  8.4194068908691406e+001 3.6293498992919922e+001
  8.4093147277832031e+001 1.4900753784179687e+002 3 -1
  2.4325292968750000e+002 8.9056030273437500e+001
  3.7450595855712891e+001 4.4078361511230469e+001
  6.6393341064453125e+001 3 -1 4.3855807495117187e+002
  9.0465080261230469e+001 3.1499656677246094e+001
  9.7016067504882813e+001 1.4050021362304687e+002 3 -1
  4.3639807128906250e+002 1.2786068725585937e+002
  2.9758306503295898e+001 2.5246456909179687e+002
  1.5504986572265625e+002 3 -1 1.9781335449218750e+002
  1.3111076354980469e+002 42. 3.8036720275878906e+001
  7.7750000000000000e+001 3 -1 2.5529609680175781e+002
  1.5503247070312500e+002 3.9600002288818359e+001
  1.9167304992675781e+001 8.7350006103515625e+001 3 -1
  4.0339831542968750e+002 1.8659269714355469e+002
  3.4724685668945313e+001 1.4464674377441406e+002
  1.5411178588867187e+002 3 -1 4.0271533203125000e+002
  2.1684146118164062e+002 3.0414833068847656e+001
  8.0244117736816406e+001 4.7009719848632812e+001 3 -1
  3.9812457275390625e+002 3.0037127685546875e+002
  3.2729537963867188e+001 1.2412258148193359e+002
  1.5138458251953125e+002 3 -1 3.4987115478515625e+002
  6.7238395690917969e+001 3.9544792175292969e+001
  8.9072471618652344e+001 6.0402797698974609e+001 4 -1
  4.6215240478515625e+002 7.0235656738281250e+001
  4.3333335876464844e+001 9.8943771362304688e+001
  4.1680557250976563e+001 4 -1 2.6901867675781250e+002
  9.0398735046386719e+001 4.4361797332763672e+001
  6.2399810791015625e+001 6.4278213500976563e+001 4 -1
  1.9944453430175781e+002 9.8810287475585938e+001
  5.1013015747070312e+001 3.5229306030273437e+002
  7.1486175537109375e+001 4 -1 2.5546247863769531e+002
  1.5523799133300781e+002 4.5687129974365234e+001
  2.4997013092041016e+001 9.2352111816406250e+001 4 -1
  2.8567510986328125e+002 1.5446466064453125e+002 42.
  3.5931097412109375e+002 3.4708332061767578e+001 4 -1
  3.5538006591796875e+002 1.5994071960449219e+002
  4.9483875274658203e+001 1.9750230312347412e+000
  7.7082885742187500e+001 4 -1 2.8241204833984375e+002
  1.8061022949218750e+002 3.6660171508789063e+001
  3.2772369384765625e+001 1.5046083068847656e+002 4 -1
  2.8040625000000000e+002 269. 36. 3.4234500122070313e+002
  5.2973381042480469e+001 4 -1 1.8850000000000000e+002
  1.3450000000000000e+002 72. 2.4872400283813477e+001
  4.8222221374511719e+001 5 -1 1.9349905395507812e+002
  1.2889778137207031e+002 72. 2.2400400161743164e+001
  7.6514015197753906e+001 5 -1 2.3670840454101562e+002
  1.5216911315917969e+002 72. 3.8558746337890625e+001
  8.1573295593261719e+001 5 -1 2.5450000000000000e+002
