%YAML:1.0
---
recording:
   type: VideoRecording
   recordId: Action_20171122T093156
   channelId: main
   timeStamp: "131558167161780000"
   sessionTimestamp: "0"
   width: -1
   height: -1
   frameCount: 85
   fps: 2.9969999999999999e+001
   recordingType: 2000
   frameTransformRect: [ [ -1, -1 ], [ -1, -1 ], [ -1, -1 ], [ -1, -1 ] ]
   trackingMode: 1
   segments:
      - { startFrame:48, stopFrame:71, segmentType:2000, focusFrame:-1,
          focusPoint:{ values:[ -1., -1. ], type:Vector2 }, isFragment:0 }
      - { startFrame:0, stopFrame:78, segmentType:1000, focusFrame:-1,
          focusPoint:{ values:[ -1., -1. ], type:Vector2 }, isFragment:0 }
   framesRelTs: [ "0", "550000", "1070000", "2180000", "2640000",
       "3810000", "4260000", "4950000", "5500000", "6160000", "6760000",
       "7350000", "7880000", "8380000", "8960000", "9500000", "9980000",
       "10680000", "11130000", "11660000", "12150000", "12730000",
       "13190000", "13810000", "14220000", "14910000", "15380000",
       "16000000", "16430000", "17040000", "17600000", "18210000",
       "18770000", "19330000", "19830000", "20420000", "20910000",
       "21480000", "21960000", "22570000", "23080000", "23700000",
       "24200000", "24760000", "25190000", "25870000", "26300000",
       "27020000", "27530000", "28080000", "28590000", "29220000",
       "29690000", "30270000", "30770000", "31360000", "31810000",
       "32430000", "32930000", "33520000", "33940000", "34590000",
       "35080000", "35700000", "36240000", "36810000", "37230000",
       "37910000", "38490000", "39050000", "39550000", "40230000",
       "40690000", "41360000", "41810000", "42460000", "42940000",
       "43530000", "44060000", "44670000", "45250000", "45740000",
       "46240000", "46860000", "47610000" ]
   chunks:
      - { path:"Recordings/Action_20171122T093156/recording.avi",
          startFrameIdx:0 }
