<?xml version="1.0"?>
<opencv_storage>
<keyPoints>
  2.7169195556640625e+002 2.5442255020141602e+001
  1.4858463287353516e+001 8.9895736694335937e+001
  3.3673179626464844e+001 0 -1 3.1059255981445312e+002
  2.6307336807250977e+001 1.2136363983154297e+001
  8.6636131286621094e+001 5.1011367797851563e+001 0 -1 316.
  2.6937564849853516e+001 1.2237403869628906e+001
  8.3432228088378906e+001 3.3484756469726562e+001 0 -1
  4.1115780639648437e+002 2.7093662261962891e+001
  1.2428571701049805e+001 8.7873649597167969e+001
  4.8107131958007813e+001 0 -1 2.6727923583984375e+002
  2.7917255401611328e+001 1.3733436584472656e+001
  8.9074195861816406e+001 6.6592132568359375e+001 0 -1
  3.9155407714843750e+002 2.8014123916625977e+001
  1.3777778625488281e+001 9.4652374267578125e+001
  6.0370376586914063e+001 0 -1 2.2588369750976562e+002
  2.9510389328002930e+001 1.2571975708007813e+001
  9.6219062805175781e+001 4.1024246215820313e+001 0 -1
  2.5963449096679687e+002 2.9921989440917969e+001
  1.1603773117065430e+001 8.5576011657714844e+001
  3.5115554809570313e+001 0 -1 2.7537875366210937e+002
  2.9687078475952148e+001 1.3530357360839844e+001
  9.3899337768554688e+001 3.8702857971191406e+001 0 -1
  4.1402868652343750e+002 2.9992881774902344e+001
  1.1461538314819336e+001 8.3170158386230469e+001
  3.4157051086425781e+001 0 -1 4.1892065429687500e+002
  3.1837188720703125e+001 1.2250000000000000e+001
  8.0151634216308594e+001 3.2020835876464844e+001 0 -1
  3.7461108398437500e+002 4.2321762084960938e+001
  1.4236362457275391e+001 2.0073014831542969e+002
  6.1820449829101563e+001 0 -1 3.9738162231445312e+002
  4.4829799652099609e+001 1.6116279602050781e+001
  3.1054553222656250e+002 1.4423837280273438e+002 0 -1
  2.7581961059570312e+002 4.9668586730957031e+001
  1.6260873794555664e+001 1.5438122558593750e+002
  6.9390106201171875e+001 0 -1 2.8343420410156250e+002
  4.9812271118164062e+001 1.4268293380737305e+001
  2.4428865432739258e+001 4.6929870605468750e+001 0 -1
  2.3038525390625000e+002 5.4751544952392578e+001 15.
  1.1576934814453125e+001 5.5625000000000000e+001 0 -1
  2.5092431640625000e+002 8.0981323242187500e+001
  1.3480788230895996e+001 3.3748333740234375e+002
  3.4045425415039062e+001 0 -1 4.0180767822265625e+002
  8.5927352905273438e+001 1.3153846740722656e+001
  1.1238204002380371e+001 3.8721145629882812e+001 0 -1
  2.1577236938476562e+002 1.0171068572998047e+002
  1.3188678741455078e+001 2.7364718627929687e+002
  5.1040100097656250e+001 0 -1 3.9483996582031250e+002
  1.0311987304687500e+002 1.1919294357299805e+001
  2.5507229614257813e+002 3.2089302062988281e+001 0 -1
  4.2036300659179687e+002 1.0391304016113281e+002
  1.4739130020141602e+001 2.9425436401367187e+002
  3.8396736145019531e+001 0 -1 2.1130117797851563e+002
  1.0558655548095703e+002 1.2937500000000000e+001
  2.6421643066406250e+002 3.1390625000000000e+001 0 -1
  1.9187092590332031e+002 1.0665313720703125e+002
  1.5329843521118164e+001 2.2732743835449219e+002
  7.1728408813476563e+001 0 -1 2.4696255493164062e+002
  1.1208020782470703e+002 1.3748283386230469e+001
  2.9527560424804687e+002 4.9823837280273438e+001 0 -1
  2.4641204833984375e+002 1.1855858612060547e+002
  1.5660678863525391e+001 3.0209268188476562e+002
  4.9694419860839844e+001 0 -1 491. 125. 1.3600000381469727e+001
  1.7523071289062500e+002 4.1066665649414063e+001 0 -1
  2.4643666076660156e+002 1.6966253662109375e+002
  1.6714187622070313e+001 4.8537364959716797e+001
  5.1922378540039063e+001 0 -1 4.9706738281250000e+002
  1.7669586181640625e+002 1.4103448867797852e+001
  1.9211015319824219e+002 1.2234628295898437e+002 0 -1
  4.9216357421875000e+002 1.8034370422363281e+002
  1.4858602523803711e+001 1.7496702575683594e+002
  4.2440910339355469e+001 0 -1 3.6827774047851562e+002
  2.2770608520507812e+002 1.5719999313354492e+001
  2.8246264648437500e+002 4.3804992675781250e+001 0 -1
  4.9159310913085937e+002 2.3333038330078125e+002
  1.4307349205017090e+001 1.9425389099121094e+002
  4.0089813232421875e+001 0 -1 2.4682826232910156e+002
  2.8244833374023437e+002 1.3399999618530273e+001
  3.0993286132812500e+002 3.3816665649414063e+001 0 -1
  2.4080877685546875e+002 2.8488629150390625e+002
  1.2529412269592285e+001 1.9889440917968750e+002
  4.7132354736328125e+001 0 -1 2.4549505615234375e+002
  2.8572247314453125e+002 1.5666615486145020e+001
  3.0064416503906250e+002 6.0705459594726563e+001 0 -1
  2.9303671264648437e+002 3.1826226806640625e+002
  1.3615385055541992e+001 3.1993637084960937e+002
  3.1471153259277344e+001 0 -1 2.9094952392578125e+002
  3.1992364501953125e+002 1.1903225898742676e+001
  3.2792794799804687e+002 4.0004035949707031e+001 0 -1
  2.9263687133789062e+002 3.2187307739257812e+002
  1.1886819839477539e+001 5.4920773506164551e+000
  5.8006286621093750e+001 0 -1 3.1810049438476562e+002
  3.2180062866210937e+002 1.2727272033691406e+001
  2.8750360488891602e+001 7.9484832763671875e+001 0 -1
  3.9727859497070312e+002 4.6117912292480469e+001
  2.1903799057006836e+001 8.2757217407226562e+001
  2.1242468261718750e+002 1 -1 2.7569525146484375e+002
  4.9082878112792969e+001 1.9065034866333008e+001
  1.4884793090820312e+002 7.0195404052734375e+001 1 -1
  3.1126892089843750e+002 8.4982955932617188e+001
  1.7663269042968750e+001 2.7333175659179687e+002
  6.4251296997070313e+001 1 -1 2.1935827636718750e+002
  1.0650000000000000e+002 24. 3.1132138061523438e+002
  8.5242187500000000e+001 1 -1 4.2050000000000000e+002
  1.0650000000000000e+002 24. 3.2383068847656250e+002 89. 1 -1
  2.9334509277343750e+002 1.0816833496093750e+002 24.
  2.2213346862792969e+002 1.2585253906250000e+002 1 -1
  3.0159472656250000e+002 1.0934761047363281e+002
  2.0526313781738281e+001 2.5696524047851562e+002
  6.8368408203125000e+001 1 -1 3.0927575683593750e+002
  1.0956068420410156e+002 1.8272727966308594e+001
  2.8789089965820312e+002 5.9045440673828125e+001 1 -1
  3.6775000000000000e+002 1.1610838317871094e+002
  1.9988817214965820e+001 2.0777259826660156e+002
  8.1415863037109375e+001 1 -1 4.9113516235351562e+002
  1.2460926818847656e+002 1.7181818008422852e+001
  1.7907223510742187e+002 4.7204544067382812e+001 1 -1
  2.4450000000000000e+002 1.4250000000000000e+002 24.
  6.6996188163757324e+000 1.8133300781250000e+002 1 -1
  2.4625000000000000e+002 1.7086424255371094e+002
  1.9237615585327148e+001 5.6518249511718750e+001
  6.3371002197265625e+001 1 -1 4.9664498901367187e+002
  1.7713458251953125e+002 1.8241874694824219e+001
  1.8367283630371094e+002 1.2001767730712891e+002 1 -1
  4.9161553955078125e+002 1.8017622375488281e+002
  1.6229183197021484e+001 1.7754615783691406e+002
  4.1629478454589844e+001 1 -1 2.4588204956054687e+002
  2.2843772888183594e+002 21. 2.9764456176757812e+002
  6.5250000000000000e+001 1 -1 3.6701651000976562e+002
  2.8554388427734375e+002 2.2154060363769531e+001
  5.7267662048339844e+001 8.5920700073242188e+001 1 -1
  3.7451492309570312e+002 4.2029354095458984e+001
  2.1160419464111328e+001 1.1434422302246094e+002
  6.1912170410156250e+001 2 -1 2.7946157836914062e+002
  4.5681781768798828e+001 2.8506689071655273e+001
  8.7420303344726563e+001 2.0846069335937500e+002 2 -1
  2.4518687438964844e+002 8.3235794067382813e+001
  2.7352117538452148e+001 3.5630474853515625e+002
  1.8919291687011719e+002 2 -1 3.1145489501953125e+002
  8.5821716308593750e+001 18. 2.7416366577148437e+002
  6.3721679687500000e+001 2 -1 3.9694680786132813e+002
  8.3980033874511719e+001 2.5831907272338867e+001
  2.5744302368164062e+002 1.9452906799316406e+002 2 -1
  3.9529055786132812e+002 8.5306190490722656e+001
  3.0147354125976563e+001 2.5131100463867188e+002
  2.0986906433105469e+002 2 -1 2.0722805786132812e+002
  1.0830517578125000e+002 2.8714284896850586e+001
  2.4369956970214844e+002 5.8321430206298828e+001 2 -1 220.
  1.0804310607910156e+002 36. 3.0893246459960938e+002
  9.3855468750000000e+001 2 -1 3.1968637084960937e+002
  1.0757160949707031e+002 30. 3.2450802612304687e+002
  1.0266666412353516e+002 2 -1 1.9220449829101562e+002
