%YAML:1.0
---
recording:
   type: VideoRecording
   recordId: Action_20180109T143801
   channelId: main
   timeStamp: "131599822816680000"
   sessionTimestamp: "0"
   width: -1
   height: -1
   frameCount: 166
   fps: 2.9969999999999999e+001
   recordingType: 2000
   frameTransformRect: [ [ -1, -1 ], [ -1, -1 ], [ -1, -1 ], [ -1, -1 ] ]
   trackingMode: 0
   segments:
      - { startFrame:0, stopFrame:159, segmentType:1000, focusFrame:-1,
          focusPoint:{ values:[ -1., -1. ], type:Vector2 }, isFragment:0 }
   framesRelTs: [ "0", "280000", "540000", "860000", "1500000",
       "1680000", "1850000", "2150000", "2480000", "2800000", "3110000",
       "3440000", "3770000", "4090000", "4410000", "4730000", "5070000",
       "5400000", "5730000", "6070000", "6380000", "6720000", "7060000",
       "7370000", "7720000", "8030000", "8350000", "8680000", "9030000",
       "9330000", "9650000", "9990000", "10320000", "10640000",
       "10980000", "11300000", "11630000", "11960000", "12290000",
       "12610000", "12940000", "13260000", "13600000", "13930000",
       "14240000", "14570000", "14900000", "15390000", "15570000",
       "15890000", "16240000", "16540000", "16870000", "17200000",
       "17520000", "17870000", "18190000", "18520000", "18850000",
       "19180000", "19500000", "19830000", "20160000", "20490000",
       "20820000", "21130000", "21460000", "21790000", "22100000",
       "22430000", "22760000", "23090000", "23400000", "23750000",
       "24050000", "24380000", "24720000", "25020000", "25360000",
       "25660000", "25990000", "26330000", "26620000", "26970000",
       "27290000", "27610000", "27920000", "28210000", "28520000",
       "28990000", "29310000", "29590000", "29900000", "30200000",
       "30530000", "30830000", "31140000", "31450000", "31740000",
       "32200000", "32550000", "32870000", "33180000", "33510000",
       "33850000", "34170000", "34500000", "34820000", "35140000",
       "35470000", "35790000", "36120000", "36450000", "36770000",
       "37100000", "37450000", "37760000", "38090000", "38410000",
       "38740000", "39070000", "39410000", "39740000", "40070000",
       "40400000", "40710000", "41050000", "41380000", "41690000",
       "42020000", "42360000", "42680000", "43010000", "43340000",
       "43670000", "44000000", "44320000", "44650000", "44980000",
       "45300000", "45620000", "45950000", "46290000", "46610000",
       "46940000", "47260000", "47590000", "47920000", "48250000",
       "48580000", "48900000", "49220000", "49540000", "49870000",
       "50190000", "50520000", "50860000", "51170000", "51500000",
       "51840000", "52160000", "52500000", "52820000", "53140000",
       "53460000", "53810000" ]
   chunks:
      - { path:"Recordings/Action_20180109T143801/recording.avi",
          startFrameIdx:0 }
