%YAML:1.0
---
recording:
   type: VideoRecording
   recordId: Action_20180109T111105
   channelId: main
   timeStamp: "131599698650420000"
   sessionTimestamp: "0"
   width: 0
   height: 0
   frameCount: 154
   fps: 2.9969999999999999e+001
   recordingType: 2000
   frameTransformRect: [ [ -1, -1 ], [ -1, -1 ], [ -1, -1 ], [ -1, -1 ] ]
   trackingMode: 1
   segments:
      - { startFrame:35, stopFrame:118, segmentType:2000, focusFrame:-1,
          focusPoint:{ values:[ -1., -1. ], type:Vector2 }, isFragment:0 }
      - { startFrame:0, stopFrame:147, segmentType:1000, focusFrame:-1,
          focusPoint:{ values:[ -1., -1. ], type:Vector2 }, isFragment:0 }
   framesRelTs: [ "0", "240000", "620000", "860000", "1200000",
       "1690000", "1880000", "2140000", "2480000", "2790000", "3110000",
       "3460000", "3770000", "4090000", "4420000", "4740000", "5060000",
       "5390000", "5720000", "6030000", "6360000", "6680000", "7000000",
       "7320000", "7660000", "7980000", "8300000", "8610000", "8940000",
       "9270000", "9580000", "9920000", "10240000", "10550000",
       "10880000", "11210000", "11520000", "11850000", "12180000",
       "12510000", "12830000", "13150000", "13640000", "13970000",
       "14290000", "14630000", "14930000", "15250000", "15580000",
       "15910000", "16240000", "16570000", "16890000", "17210000",
       "17530000", "17850000", "18170000", "18490000", "18820000",
       "19150000", "19480000", "19790000", "20120000", "20450000",
       "20770000", "21090000", "21430000", "21750000", "22080000",
       "22410000", "22730000", "23060000", "23380000", "23700000",
       "24020000", "24360000", "24690000", "25000000", "25320000",
       "25650000", "25980000", "26300000", "26620000", "26930000",
       "27250000", "27590000", "27910000", "28240000", "28570000",
       "28900000", "29230000", "29540000", "29870000", "30200000",
       "30530000", "30860000", "31180000", "31510000", "31830000",
       "32170000", "32480000", "32820000", "33150000", "33470000",
       "33830000", "34130000", "34440000", "34760000", "35240000",
       "35580000", "35900000", "36230000", "36560000", "36880000",
       "37210000", "37570000", "37880000", "38190000", "38510000",
       "38850000", "39170000", "39490000", "39840000", "40170000",
       "40490000", "40820000", "41140000", "41460000", "41800000",
       "42120000", "42460000", "42770000", "43100000", "43430000",
       "43760000", "44080000", "44410000", "44730000", "45050000",
       "45380000", "45700000", "46030000", "46350000", "46670000",
       "47000000", "47320000", "47660000", "47980000", "48310000",
       "48630000", "48970000", "49280000", "49600000", "49920000" ]
   chunks:
      - { path:"Recordings/Action_20180109T111105/recording.avi",
          startFrameIdx:0 }
