%YAML:1.0
---
recording:
   type: VideoRecording
   recordId: Action_20171124T115822
   channelId: main
   timeStamp: "131559983028220000"
   sessionTimestamp: "0"
   width: 0
   height: 0
   frameCount: 162
   fps: 2.9969999999999999e+001
   recordingType: 2000
   frameTransformRect: [ [ -1, -1 ], [ -1, -1 ], [ -1, -1 ], [ -1, -1 ] ]
   trackingMode: 1
   segments:
      - { startFrame:0, stopFrame:155, segmentType:1000, focusFrame:-1,
          focusPoint:{ values:[ -1., -1. ], type:Vector2 }, isFragment:0 }
   framesRelTs: [ "0", "370000", "580000", "1090000", "1210000",
       "1490000", "1810000", "2130000", "2490000", "2940000", "3160000",
       "3450000", "3890000", "4210000", "4530000", "4850000", "5170000",
       "5490000", "5810000", "6240000", "6470000", "6770000", "7090000",
       "7410000", "7730000", "8210000", "8530000", "8850000", "9170000",
       "9500000", "9800000", "10130000", "10450000", "10770000",
       "11090000", "11430000", "11730000", "12210000", "12530000",
       "12850000", "13170000", "13490000", "13810000", "14130000",
       "14450000", "14770000", "15090000", "15410000", "15730000",
       "16050000", "16530000", "16850000", "17170000", "17490000",
       "17810000", "18130000", "18450000", "18760000", "19090000",
       "19560000", "19750000", "20050000", "20600000", "20860000",
       "21170000", "21490000", "21810000", "22130000", "22450000",
       "22770000", "23090000", "23410000", "23730000", "24050000",
       "24370000", "24850000", "25170000", "25490000", "25810000",
       "26130000", "26450000", "26770000", "27090000", "27410000",
       "27730000", "28050000", "28370000", "28960000", "29200000",
       "29500000", "29810000", "30140000", "30450000", "30770000",
       "31100000", "31410000", "31730000", "32050000", "32370000",
       "33000000", "33200000", "33490000", "33810000", "34150000",
       "34450000", "34770000", "35100000", "35410000", "35730000",
       "36060000", "36370000", "36690000", "37170000", "37490000",
       "37810000", "38130000", "38450000", "38770000", "39090000",
       "39410000", "39730000", "40050000", "40370000", "40700000",
       "41170000", "41490000", "41810000", "42140000", "42450000",
       "42770000", "43100000", "43410000", "43730000", "44050000",
       "44370000", "44690000", "45010000", "45490000", "45810000",
       "46140000", "46450000", "46770000", "47090000", "47410000",
       "47730000", "48060000", "48370000", "48690000", "49120000",
       "49530000", "49810000", "50130000", "50450000", "50770000",
       "51130000", "51510000", "51840000", "52050000", "52370000",
       "52690000", "53010000", "53320000" ]
   chunks:
      - { path:"Recordings/Action_20171124T115822/recording.avi",
          startFrameIdx:0 }
