%YAML:1.0
---
recording:
   type: VideoRecording
   recordId: Action_20180109T115441
   channelId: main
   timeStamp: "131599724813200000"
   sessionTimestamp: "0"
   width: -1
   height: -1
   frameCount: 98
   fps: 2.9969999999999999e+001
   recordingType: 2000
   frameTransformRect: [ [ -1, -1 ], [ -1, -1 ], [ -1, -1 ], [ -1, -1 ] ]
   trackingMode: 0
   segments:
      - { startFrame:29, stopFrame:48, segmentType:2000, focusFrame:-1,
          focusPoint:{ values:[ -1., -1. ], type:Vector2 }, isFragment:0 }
      - { startFrame:55, stopFrame:75, segmentType:2000, focusFrame:-1,
          focusPoint:{ values:[ -1., -1. ], type:Vector2 }, isFragment:0 }
      - { startFrame:0, stopFrame:91, segmentType:1000, focusFrame:-1,
          focusPoint:{ values:[ -1., -1. ], type:Vector2 }, isFragment:0 }
   framesRelTs: [ "0", "250000", "580000", "890000", "1210000",
       "1530000", "1860000", "2180000", "2510000", "2830000", "3160000",
       "3480000", "3820000", "4130000", "4450000", "4790000", "5110000",
       "5440000", "5760000", "6090000", "6430000", "6740000", "7070000",
       "7400000", "7720000", "8050000", "8380000", "8810000", "9060000",
       "9370000", "9690000", "10030000", "10330000", "10670000",
       "10990000", "11300000", "11640000", "11970000", "12300000",
       "12630000", "12960000", "13290000", "13620000", "13940000",
       "14270000", "14600000", "14920000", "15240000", "15570000",
       "15910000", "16230000", "16560000", "16880000", "17200000",
       "17530000", "17870000", "18190000", "18530000", "18860000",
       "19180000", "19510000", "19840000", "20170000", "20500000",
       "20830000", "21160000", "21490000", "21820000", "22140000",
       "22460000", "22800000", "23130000", "23440000", "23770000",
       "24100000", "24430000", "24740000", "25060000", "25380000",
       "25710000", "26040000", "26370000", "26690000", "27010000",
       "27340000", "27660000", "27990000", "28310000", "28630000",
       "29120000", "29450000", "29650000", "29940000", "30270000",
       "30600000", "30940000", "31260000", "31710000" ]
   chunks:
      - { path:"Recordings/Action_20180109T115441/recording.avi",
          startFrameIdx:0 }
