<?xml version="1.0"?>
<opencv_storage>
<keyPoints>
  3.8923101806640625e+002 2.8861740112304688e+001
  1.3216217041015625e+001 1.7549722290039062e+002
  4.0760147094726563e+001 0 -1 3.8892483520507812e+002
  3.1678508758544922e+001 1.1526315689086914e+001
  2.1021943664550781e+002 3.5177627563476562e+001 0 -1 280. 45. 18.
  2.8429885864257813e+002 66. 0 -1 3.9884567260742188e+002
  4.7289623260498047e+001 1.4091198921203613e+001
  3.8049701690673828e+001 1.2822302246093750e+002 0 -1
  2.7964309692382812e+002 5.2786556243896484e+001
  1.3445344924926758e+001 7.4994102478027344e+001
  4.4764663696289063e+001 0 -1 4.3163537597656250e+002
  6.2494487762451172e+001 1.3892307281494141e+001
  2.1882939147949219e+002 8.4232696533203125e+001 0 -1
  4.4584829711914062e+002 6.2780670166015625e+001
  1.3258064270019531e+001 3.2624794006347656e+001
  4.3681449890136719e+001 0 -1 2.0579240417480469e+002
  7.2172882080078125e+001 1.4134021759033203e+001
  2.5141908645629883e+001 1.2913528442382812e+002 0 -1
  2.6897546386718750e+002 7.2469253540039062e+001
  1.4522727012634277e+001 2.9499285888671875e+002
  1.4377841186523437e+002 0 -1 2.0580970764160156e+002
  7.6560623168945313e+001 1.2553087234497070e+001
  5.9441696166992188e+001 1.1717205810546875e+002 0 -1
  2.6878134155273437e+002 7.6542304992675781e+001
  1.4068664550781250e+001 3.0592388916015625e+002
  1.1998928833007812e+002 0 -1 3.4484054565429687e+002
  7.7506500244140625e+001 1.4057564735412598e+001
  1.5875291442871094e+002 1.5529141235351562e+002 0 -1
  2.4425752258300781e+002 9.4129302978515625e+001 15.
  3.3018786621093750e+002 34. 0 -1 2.3780215454101562e+002
  9.7704383850097656e+001 1.2338512420654297e+001
  2.3886419677734375e+002 7.4452545166015625e+001 0 -1
  2.4469964599609375e+002 9.7696754455566406e+001
  1.2857142448425293e+001 3.4715209960937500e+002
  3.4285713195800781e+001 0 -1 2.3664071655273437e+002
  1.0127053070068359e+002 1.1720000267028809e+001
  2.0302888488769531e+002 4.7081665039062500e+001 0 -1
  2.4378370666503906e+002 1.0131661987304687e+002
  1.2625000000000000e+001 3.5173269653320312e+002
  4.0260421752929687e+001 0 -1 3.8057263183593750e+002
  1.0049701690673828e+002 1.3572237014770508e+001
  2.7647735595703125e+002 3.5910873413085938e+001 0 -1
  2.3928836059570312e+002 1.0403580474853516e+002
  1.3310724258422852e+001 3.0614514160156250e+002
  7.8669586181640625e+001 0 -1 2.3789266967773437e+002
  1.4475663757324219e+002 1.2446844100952148e+001
  1.4632667541503906e+002 3.3086891174316406e+001 0 -1
  3.8024218750000000e+002 1.6639405822753906e+002
  1.4217020988464355e+001 2.4426635742187500e+002
  3.8530868530273438e+001 0 -1 2.3663569641113281e+002
  1.9679637145996094e+002 8.6842098236083984e+000
  2.2173126220703125e+002 3.4901313781738281e+001 0 -1
  2.3706452941894531e+002 2.0096041870117187e+002
  1.2083333015441895e+001 4.0572669982910156e+001
  6.1006942749023437e+001 0 -1 2.3652357482910156e+002
  2.1150769042968750e+002 1.3813192367553711e+001
  9.2566856384277344e+001 6.2667678833007812e+001 0 -1
  3.8044604492187500e+002 2.3277482604980469e+002
  1.3628571510314941e+001 9.8081489562988281e+001
  3.2289291381835938e+001 0 -1 3.9564099121093750e+002
  4.8036811828613281e+001 1.6957426071166992e+001
  4.2060352325439453e+001 9.5380912780761719e+001 1 -1
  2.3824026489257812e+002 9.4165771484375000e+001
  2.0761831283569336e+001 2.8717315673828125e+002
  1.4632098388671875e+002 1 -1 2.4250000000000000e+002
  9.4500000000000000e+001 24. 3.1598043823242187e+002
  7.0555557250976563e+001 1 -1 3.8005480957031250e+002
  9.9165481567382813e+001 1.8375000000000000e+001
  3.0830908203125000e+002 3.6031250000000000e+001 1 -1
  2.3892858886718750e+002 1.0519892883300781e+002
  1.7533332824707031e+001 3.1670745849609375e+002
  7.7136108398437500e+001 1 -1 3.7968719482421875e+002
  1.6494306945800781e+002 1.9285713195800781e+001
  2.5652133178710937e+002 3.7160713195800781e+001 1 -1
  2.3715142822265625e+002 2.0238717651367187e+002
  1.6826087951660156e+001 6.4814994812011719e+001
  3.9440216064453125e+001 1 -1 2.3625669860839844e+002
  2.1116232299804687e+002 1.8174308776855469e+001
  9.5101860046386719e+001 6.0002685546875000e+001 1 -1
  2.3650000000000000e+002 2.9650000000000000e+002 24.
  8.4944320678710938e+001 3.2444442749023438e+001 1 -1
  2.8147750854492187e+002 4.6930282592773438e+001
  2.1669063568115234e+001 3.1399768066406250e+002
  1.5314131164550781e+002 2 -1 3.9793267822265625e+002
  4.7805530548095703e+001 2.3112033843994141e+001
  4.4625717163085937e+001 1.2238617706298828e+002 2 -1
  2.2942488098144531e+002 5.5452140808105469e+001
  2.8392887115478516e+001 3.1512805175781250e+002
  7.4738792419433594e+001 2 -1 2.0372807312011719e+002
  5.4834133148193359e+001 2.8250190734863281e+001
  3.0554107666015625e+002 6.5011009216308594e+001 2 -1
  4.3117068481445312e+002 6.3729507446289063e+001
  2.3816114425659180e+001 2.0694383239746094e+002
  9.1677612304687500e+001 2 -1 4.4306704711914062e+002
  6.1719047546386719e+001 2.6880863189697266e+001
  3.2750872802734375e+002 6.4781089782714844e+001 2 -1
  3.4742514038085937e+002 7.6492347717285156e+001
  2.8643835067749023e+001 1.5446278381347656e+002
  2.0128820800781250e+002 2 -1 2.3838877868652344e+002
  9.5066925048828125e+001 2.9000444412231445e+001
  3.1755313110351562e+002 1.6392602539062500e+002 2 -1
  2.3916410827636719e+002 1.4162710571289062e+002
  2.7711864471435547e+001 5.3806694030761719e+001
  4.4763427734375000e+001 2 -1 2.3675735473632812e+002
  1.9677478027343750e+002 2.6433959960937500e+001
  8.3682846069335937e+001 3.5453632354736328e+001 2 -1
  2.3736029052734375e+002 2.0104350280761719e+002
  2.6877552032470703e+001 7.9831710815429687e+001
  4.6878398895263672e+001 2 -1 2.3678005981445312e+002
  2.0427616882324219e+002 2.4295618057250977e+001
  8.5693817138671875e+001 3.4003192901611328e+001 2 -1
  2.3651504516601562e+002 2.1036602783203125e+002
  2.3368192672729492e+001 8.9731681823730469e+001
  6.6090270996093750e+001 2 -1 235. 226. 36. 8.9420654296875000e+001
  8.4777778625488281e+001 2 -1 2.3591328430175781e+002
  2.2830500793457031e+002 2.8450389862060547e+001
  9.0342445373535156e+001 9.3740356445312500e+001 2 -1
  3.8030407714843750e+002 2.2994989013671875e+002
  2.5451988220214844e+001 8.8620719909667969e+001
  3.1407659530639648e+001 2 -1 2.3738494873046875e+002
  2.9725994873046875e+002 1.9137390136718750e+001
  9.1677841186523438e+001 3.0614685058593750e+001 2 -1
  2.2885314941406250e+002 5.5400623321533203e+001
  3.1024726867675781e+001 3.3146661376953125e+002
  7.2854232788085938e+001 3 -1 4.3123468017578125e+002
  6.4971466064453125e+001 2.9418428421020508e+001
  2.0214956665039062e+002 8.3582168579101563e+001 3 -1
  3.4899813842773437e+002 7.5963882446289062e+001
  3.4875000000000000e+001 1.5821791076660156e+002
  1.9928125000000000e+002 3 -1 4.3081835937500000e+002
  7.5400169372558594e+001 3.2396324157714844e+001
  9.3856010437011719e+001 8.3063316345214844e+001 3 -1
  2.3818992614746094e+002 1.4068505859375000e+002
  3.2181816101074219e+001 7.2213966369628906e+001
  3.0556816101074219e+001 3 -1 2.3607945251464844e+002
  2.2737872314453125e+002 3.7714286804199219e+001
  8.6929649353027344e+001 8.5428588867187500e+001 3 -1
  2.6944625854492188e+002 7.4936271667480469e+001 42.
  3.3488082885742187e+002 9.5041664123535156e+001 4 -1 350. 77. 36.
  1.5090441894531250e+002 1.8855566406250000e+002 4 -1
  2.3845628356933594e+002 1.1318901824951172e+002
  5.2451614379882812e+001 1.3928469657897949e+001
  3.2711029052734375e+001 4 -1 2.3859745788574219e+002
  2.0662437438964844e+002 5.4705883026123047e+001
  7.8452163696289063e+001 5.3654418945312500e+001 4 -1
  2.3707589721679687e+002 2.2641931152343750e+002
  4.6625782012939453e+001 8.3434349060058594e+001
  8.5067665100097656e+001 4 -1</keyPoints>
