%YAML:1.0
---
recording:
   type: VideoRecording
   recordId: Action_20180109T115354
   channelId: main
   timeStamp: "131599724349740000"
   sessionTimestamp: "0"
   width: 0
   height: 0
   frameCount: 125
   fps: 2.9969999999999999e+001
   recordingType: 2000
   frameTransformRect: [ [ -1, -1 ], [ -1, -1 ], [ -1, -1 ], [ -1, -1 ] ]
   trackingMode: 0
   segments:
      - { startFrame:0, stopFrame:118, segmentType:1000, focusFrame:-1,
          focusPoint:{ values:[ -1., -1. ], type:Vector2 }, isFragment:0 }
   framesRelTs: [ "0", "280000", "570000", "1090000", "1260000",
       "1530000", "1860000", "2180000", "2490000", "2830000", "3140000",
       "3470000", "3800000", "4130000", "4450000", "4780000", "5090000",
       "5430000", "5760000", "6090000", "6430000", "6760000", "7080000",
       "7400000", "7730000", "8060000", "8400000", "8710000", "9040000",
       "9370000", "9690000", "10020000", "10340000", "10660000",
       "11010000", "11340000", "11650000", "11980000", "12310000",
       "12640000", "12960000", "13300000", "13610000", "13930000",
       "14270000", "14600000", "14920000", "15250000", "15580000",
       "15900000", "16230000", "16560000", "16890000", "17210000",
       "17530000", "17850000", "18190000", "18520000", "18850000",
       "19180000", "19500000", "19830000", "20160000", "20500000",
       "20820000", "21140000", "21470000", "21790000", "22110000",
       "22600000", "22930000", "23130000", "23450000", "23770000",
       "24090000", "24410000", "24730000", "25070000", "25550000",
       "25860000", "26210000", "26530000", "26840000", "27170000",
       "27500000", "27830000", "28170000", "28480000", "28830000",
       "29150000", "29480000", "29810000", "30120000", "30450000",
       "30780000", "31100000", "31430000", "31770000", "32090000",
       "32430000", "32770000", "33080000", "33390000", "33720000",
       "34060000", "34390000", "34710000", "35040000", "35380000",
       "35700000", "36020000", "36330000", "36660000", "36990000",
       "37310000", "37630000", "37950000", "38280000", "38600000",
       "38930000", "39250000", "39580000", "39910000", "40240000",
       "40560000" ]
   chunks:
      - { path:"Recordings/Action_20180109T115354/recording.avi",
          startFrameIdx:0 }
